# Frame Protein_DNA_total_backbone_RMSD_Angstrom
0 0.0
1 1.2469583749771118
2 1.2909079790115356
3 1.2098737955093384
4 1.5079636573791504
5 1.8060681819915771
6 2.1695361137390137
7 1.9356650114059448
8 1.8118832111358643
9 2.041069507598877
10 2.0687267780303955
11 2.1184046268463135
12 2.2620601654052734
13 2.2728395462036133
14 2.518612861633301
15 2.1866912841796875
16 2.3627936840057373
17 1.956526279449463
18 2.3144805431365967
19 2.068449020385742
20 2.226269006729126
21 2.1539103984832764
22 2.3896453380584717
23 2.377784013748169
24 2.404888391494751
25 1.8752272129058838
26 2.1263227462768555
27 2.0648555755615234
28 2.2637197971343994
29 2.3583850860595703
30 2.439528465270996
31 2.3649673461914063
32 2.3146414756774902
33 2.2596096992492676
34 2.631603717803955
35 2.6764509677886963
36 2.5944995880126953
37 2.7919464111328125
38 2.552666425704956
39 2.5342350006103516
40 2.6978893280029297
41 2.721677541732788
42 2.6805081367492676
43 2.443758010864258
44 2.1774864196777344
45 2.147130250930786
46 2.19062876701355
47 2.3804306983947754
48 2.383857011795044
49 2.4860470294952393
50 2.592517137527466
51 2.7698349952697754
52 2.763850450515747
53 2.494131088256836
54 2.5964441299438477
55 2.668543815612793
56 2.8360066413879395
57 2.6380746364593506
58 2.4716670513153076
59 2.417412281036377
60 2.1114087104797363
61 2.3180577754974365
62 2.2138326168060303
63 2.4216063022613525
64 2.2497353553771973
65 2.373642683029175
66 2.315049648284912
67 2.700249671936035
68 2.3120017051696777
69 2.287090301513672
70 2.5194716453552246
71 2.6910078525543213
72 2.9594082832336426
73 2.9951345920562744
74 2.893561601638794
75 2.767853260040283
76 2.8674306869506836
77 2.976053476333618
78 3.1918747425079346
79 2.8626556396484375
80 2.912146806716919
81 2.9401164054870605
82 3.197643280029297
83 3.142071485519409
84 3.3911263942718506
85 2.602689504623413
86 2.9396414756774902
87 3.018367052078247
88 2.95168399810791
89 2.7046029567718506
90 2.8707025051116943
91 3.145529270172119
92 3.327577590942383
93 3.2781643867492676
94 2.973050117492676
95 3.051323175430298
96 2.8130993843078613
97 2.885270118713379
98 3.138540029525757
99 2.9142563343048096
100 2.596775531768799
101 2.8196165561676025
102 2.6006295680999756
103 2.7586517333984375
104 2.696995735168457
105 2.9830708503723145
106 3.3911778926849365
107 3.3165016174316406
108 3.4331846237182617
109 3.661259889602661
110 3.623361825942993
111 3.2247557640075684
112 3.5161118507385254
113 3.0457003116607666
114 3.155697822570801
115 3.6500837802886963
116 4.197553634643555
117 4.172171115875244
118 3.697470188140869
119 3.735440731048584
120 3.79591965675354
121 4.068363189697266
122 3.66428279876709
123 3.702223777770996
124 3.590468406677246
125 3.36049485206604
126 3.5375313758850098
127 3.489759683609009
128 3.1007251739501953
129 2.873173236846924
130 3.022683620452881
131 2.757129430770874
132 2.757009983062744
133 3.050576686859131
134 3.205897808074951
135 3.252781629562378
136 3.2840139865875244
137 3.3056299686431885
138 3.3872599601745605
139 3.2163212299346924
140 3.2840054035186768
141 3.1967408657073975
142 3.1310019493103027
143 2.9041783809661865
144 3.2966997623443604
145 3.4508562088012695
146 2.9192609786987305
147 3.085672616958618
148 3.115300416946411
149 3.3746116161346436
150 3.2393579483032227
151 3.3521430492401123
152 3.1963119506835938
153 3.7856574058532715
154 3.5113348960876465
155 3.6581063270568848
156 3.489342451095581
157 3.0054783821105957
158 3.0872159004211426
159 2.9910547733306885
160 3.0109102725982666
161 3.0930967330932617
162 3.065706968307495
163 2.987088203430176
164 2.9585936069488525
165 2.788398027420044
166 2.854935884475708
167 3.3617074489593506
168 3.138101816177368
169 3.007310628890991
170 3.208192825317383
171 3.526717185974121
172 3.435297727584839
173 3.363194704055786
174 2.961732864379883
175 3.218594551086426
176 3.296743869781494
177 3.062363862991333
178 2.9934630393981934
179 2.8969132900238037
180 3.1173033714294434
181 3.128178358078003
182 3.5040910243988037
183 3.6152329444885254
184 3.837625503540039
185 3.472764015197754
186 3.7250123023986816
187 3.6200644969940186
188 3.633444309234619
189 3.544895648956299
190 3.3010523319244385
191 3.2365593910217285
192 3.5131287574768066
193 3.649152994155884
194 3.887960910797119
195 4.087446689605713
196 3.7292020320892334
197 3.6820223331451416
198 3.402998208999634
199 3.197774648666382
200 2.9727907180786133
201 3.110527515411377
202 2.9950647354125977
203 3.112884283065796
204 2.8163633346557617
205 2.9504599571228027
206 2.6091301441192627
207 2.9477927684783936
208 2.989736557006836
209 3.475273370742798
210 3.640249252319336
211 2.9599153995513916
212 2.622598171234131
213 2.9337267875671387
214 2.9930076599121094
215 3.3197824954986572
216 3.42403244972229
217 3.6414663791656494
218 3.4417994022369385
219 3.701988935470581
220 3.721118450164795
221 3.533761739730835
222 3.5543100833892822
223 3.9239068031311035
224 3.7765517234802246
225 3.883786678314209
226 3.6960394382476807
227 3.2165207862854004
228 3.3624014854431152
229 3.4505348205566406
230 3.346243381500244
231 3.4284634590148926
232 3.272775888442993
233 3.3305890560150146
234 3.5521717071533203
235 3.2010812759399414
236 2.6761999130249023
237 2.7710211277008057
238 3.0325393676757813
239 3.0752456188201904
240 2.974865436553955
241 3.102508068084717
242 2.6910765171051025
243 3.0077667236328125
244 2.8127009868621826
245 3.1356899738311768
246 3.237473249435425
247 2.932630777359009
248 3.0997743606567383
249 3.0747158527374268
250 3.162858247756958
251 3.0867810249328613
252 3.201280355453491
253 3.3909718990325928
254 3.1101999282836914
255 2.8332631587982178
256 2.7317419052124023
257 3.046786069869995
258 3.3748011589050293
259 3.340597152709961
260 3.269320249557495
261 3.6171393394470215
262 3.5149247646331787
263 3.3363609313964844
264 3.273932695388794
265 3.392420530319214
266 3.3101701736450195
267 3.0377585887908936
268 3.219007730484009
269 2.7951183319091797
270 2.5124521255493164
271 2.4840598106384277
272 2.398594856262207
273 2.8834285736083984
274 2.6051526069641113
275 2.5046823024749756
276 2.5306801795959473
277 2.295790433883667
278 2.4439749717712402
279 2.9351484775543213
280 3.1083176136016846
281 3.050896644592285
282 3.2249622344970703
283 2.8832037448883057
284 2.9212045669555664
285 3.3832602500915527
286 3.4690535068511963
287 2.963777780532837
288 2.9665350914001465
289 2.997634172439575
290 2.967505693435669
291 3.1666908264160156
292 2.936690330505371
293 2.690720796585083
294 2.606196641921997
295 2.832615852355957
296 3.0154757499694824
297 2.9775471687316895
298 2.7580714225769043
299 2.543382167816162
300 2.637296438217163
301 2.6769988536834717
302 2.6656134128570557
303 2.768681526184082
304 2.848926544189453
305 2.7321319580078125
306 2.8077456951141357
307 2.7711102962493896
308 2.845282793045044
309 2.721571445465088
310 2.621462106704712
311 2.7691547870635986
312 2.7813665866851807
313 2.7789433002471924
314 2.811500310897827
315 2.7910540103912354
316 2.804194688796997
317 2.8544692993164063
318 3.050844192504883
319 2.840878486633301
320 2.7975032329559326
321 2.9062821865081787
322 2.684833288192749
323 2.978498935699463
324 2.9343619346618652
325 2.9131484031677246
326 2.7406492233276367
327 2.7711381912231445
328 2.489731788635254
329 2.642624855041504
330 2.9434986114501953
331 2.615875005722046
332 2.641204595565796
333 2.501150131225586
334 2.0683634281158447
335 2.135004997253418
336 2.33514142036438
337 2.2503693103790283
338 2.4495489597320557
339 2.578299045562744
340 2.6357715129852295
341 2.5391111373901367
342 2.6026482582092285
343 2.549431562423706
344 2.4323365688323975
345 2.2955009937286377
346 2.221583127975464
347 2.2493841648101807
348 2.463054895401001
349 2.5772342681884766
350 2.9270999431610107
351 2.6706478595733643
352 2.5800297260284424
353 2.684178113937378
354 2.5437910556793213
355 2.9483304023742676
356 3.2184946537017822
357 2.9098637104034424
358 3.2597029209136963
359 2.822092294692993
360 2.7056899070739746
361 2.6667544841766357
362 2.7610528469085693
363 2.8845345973968506
364 2.8142426013946533
365 3.0872342586517334
366 2.8407468795776367
367 3.0201473236083984
368 2.819826602935791
369 2.578836679458618
370 2.4135866165161133
371 2.088228702545166
372 2.404515504837036
373 2.4021944999694824
374 2.7021172046661377
375 2.220749855041504
376 2.3148980140686035
377 2.4762706756591797
378 2.4120869636535645
379 2.286332368850708
380 2.3556265830993652
381 2.4454305171966553
382 2.5867486000061035
383 2.948103666305542
384 2.8625147342681885
385 2.945246934890747
386 2.867262601852417
387 2.797605276107788
388 3.0852134227752686
389 2.9006295204162598
390 2.7672884464263916
391 3.074434995651245
392 3.12378191947937
393 3.7554032802581787
394 3.8951973915100098
395 3.7005388736724854
396 3.597221851348877
397 3.9053001403808594
398 3.7495524883270264
399 4.05380392074585
400 4.3322367668151855
401 4.100502967834473
402 4.210913181304932
403 4.0965495109558105
404 4.21107292175293
405 3.900186538696289
406 4.066028594970703
407 3.9971721172332764
408 3.4793121814727783
409 3.83686900138855
410 3.8954076766967773
411 4.076550006866455
412 4.063483715057373
413 4.112746238708496
414 4.127669334411621
415 3.752748966217041
416 3.6040823459625244
417 3.8535192012786865
418 3.5854287147521973
419 3.6216647624969482
420 3.6319806575775146
421 3.6266207695007324
422 3.599417209625244
423 3.358398199081421
424 3.405752658843994
425 3.1728451251983643
426 3.3818647861480713
427 3.428725004196167
428 3.3618416786193848
429 3.0853285789489746
430 3.548872947692871
431 3.606273889541626
432 3.3535842895507813
433 3.202846050262451
434 3.3395652770996094
435 3.319383382797241
436 3.41845703125
437 3.56557035446167
438 3.6261518001556396
439 3.536933183670044
440 3.5578854084014893
441 3.58343243598938
442 3.5199599266052246
443 3.187143564224243
444 3.2492687702178955
445 3.423224687576294
446 3.3207952976226807
447 3.5357351303100586
448 3.624107837677002
449 3.6424975395202637
450 3.4139795303344727
451 3.3711390495300293
452 3.1409575939178467
453 3.2234203815460205
454 3.486093759536743
455 3.5409629344940186
456 3.5131351947784424
457 3.5297694206237793
458 3.218888282775879
459 3.07283878326416
460 3.0129406452178955
461 2.633693218231201
462 2.7450449466705322
463 2.927173614501953
464 2.7613937854766846
465 2.8117687702178955
466 3.1044466495513916
467 3.2181220054626465
468 3.124286651611328
469 3.0864579677581787
470 3.077335834503174
471 3.0034115314483643
472 3.0231027603149414
473 2.924043655395508
474 2.7973856925964355
475 2.768571138381958
476 3.025550603866577
477 3.1881349086761475
478 3.093782901763916
479 3.150242805480957
480 3.873899459838867
481 3.6874959468841553
482 3.475602149963379
483 3.6158230304718018
484 3.6043527126312256
485 3.7355127334594727
486 3.754323959350586
487 4.006631851196289
488 3.4394688606262207
489 3.585507869720459
490 3.3838918209075928
491 3.395481586456299
492 3.701775312423706
493 3.5642664432525635
494 3.1957473754882813
495 3.0800106525421143
496 3.5331029891967773
497 3.4991817474365234
498 3.426027536392212
499 3.409087896347046
500 3.338700294494629
501 3.362577438354492
502 3.575075387954712
503 3.5631744861602783
504 3.7076799869537354
505 3.796395778656006
506 3.800339460372925
507 3.58164644241333
508 3.556495189666748
509 3.159757137298584
510 3.1576790809631348
511 3.0481271743774414
512 2.825462818145752
513 2.741809129714966
514 2.9495983123779297
515 2.6544182300567627
516 2.5191428661346436
517 2.7175564765930176
518 2.827474594116211
519 2.798837184906006
520 2.787426710128784
521 2.833695888519287
522 3.058915376663208
523 2.6185669898986816
524 2.504268169403076
525 2.7677149772644043
526 2.579596757888794
527 2.705512762069702
528 2.6232199668884277
529 2.4433577060699463
530 2.4609930515289307
531 2.317876100540161
532 2.3441500663757324
533 2.445502758026123
534 2.6012063026428223
535 2.3084523677825928
536 2.3627355098724365
537 2.379763126373291
538 2.485872983932495
539 2.826118230819702
540 2.6139299869537354
541 2.6922178268432617
542 2.719938039779663
543 2.8316237926483154
544 2.8028087615966797
545 3.0178043842315674
546 2.4191954135894775
547 2.8822450637817383
548 3.007105588912964
549 2.7913315296173096
550 2.894298791885376
551 2.9033823013305664
552 3.205453634262085
553 3.5026631355285645
554 3.066713571548462
555 3.152682304382324
556 3.3828110694885254
557 3.390669822692871
558 3.3220620155334473
559 2.879112720489502
560 2.997530937194824
561 2.561832904815674
562 2.9366698265075684
563 3.2440543174743652
564 2.930846929550171
565 2.8346869945526123
566 2.8602211475372314
567 2.970324993133545
568 2.6380114555358887
569 2.889863967895508
570 2.6352627277374268
571 2.9091954231262207
572 2.8617959022521973
573 2.9462900161743164
574 3.0050065517425537
575 2.6830272674560547
576 3.028526544570923
577 3.096951961517334
578 3.4144914150238037
579 3.3621609210968018
580 3.3448057174682617
581 3.3403472900390625
582 3.542912006378174
583 3.518432378768921
584 3.4332783222198486
585 3.301192283630371
586 3.1846330165863037
587 3.154841184616089
588 3.2769272327423096
589 3.692411422729492
590 3.852491617202759
591 3.9152615070343018
592 3.572223424911499
593 3.5105018615722656
594 3.0812644958496094
595 3.198542833328247
596 3.3111774921417236
597 3.444505453109741
598 3.2557637691497803
599 3.539313554763794
600 3.709263801574707
601 3.2843222618103027
602 2.982710361480713
603 3.4781675338745117
604 3.6941449642181396
605 3.2233598232269287
606 3.234468698501587
607 3.459010601043701
608 3.5808844566345215
609 3.740321397781372
610 3.75115704536438
611 3.573012351989746
612 3.5734598636627197
613 3.514979362487793
614 3.8345911502838135
615 3.665409564971924
616 3.643842935562134
617 3.1670055389404297
618 3.2946996688842773
619 2.8457581996917725
620 3.1244053840637207
621 3.0540120601654053
622 3.078097105026245
623 3.3225231170654297
624 3.5234076976776123
625 3.0154802799224854
626 3.307695150375366
627 3.2300302982330322
628 3.393291711807251
629 3.261223554611206
630 3.4064767360687256
631 3.4936745166778564
632 3.0807693004608154
633 3.15057373046875
634 3.1017813682556152
635 2.797557830810547
636 2.9146175384521484
637 2.7135848999023438
638 3.208024263381958
639 3.0678699016571045
640 3.1657519340515137
641 3.2914323806762695
642 3.206963062286377
643 3.4405603408813477
644 3.6586673259735107
645 3.903381109237671
646 3.6338844299316406
647 3.143367290496826
648 2.943960428237915
649 2.6323745250701904
650 2.6804659366607666
651 2.9171290397644043
652 2.9611337184906006
653 2.8683130741119385
654 2.7430126667022705
655 2.8202943801879883
656 2.7619283199310303
657 2.6308746337890625
658 3.027841806411743
659 2.6295394897460938
660 2.452082633972168
661 2.837592601776123
662 2.846040964126587
663 2.5555386543273926
664 2.72072696685791
665 3.0473687648773193
666 2.775066614151001
667 2.706369638442993
668 3.0486226081848145
669 3.086726665496826
670 3.0812973976135254
671 2.823525905609131
672 2.8727238178253174
673 3.236204147338867
674 3.818338632583618
675 3.6894681453704834
676 3.2379846572875977
677 3.6940157413482666
678 3.5615921020507813
679 3.177304744720459
680 3.573493719100952
681 3.4553849697113037
682 3.364595413208008
683 3.4184789657592773
684 3.5269508361816406
685 3.3233792781829834
686 3.426361560821533
687 3.327765464782715
688 3.406874895095825
689 3.253382682800293
690 3.51346755027771
691 3.3925929069519043
692 3.5548036098480225
693 3.239306926727295
694 3.3421568870544434
695 3.360987663269043
696 3.372893810272217
697 3.4756247997283936
698 3.7814865112304688
699 3.3985071182250977
700 3.3790676593780518
701 3.520171880722046
702 3.3123273849487305
703 3.495542287826538
704 3.272430896759033
705 3.4664783477783203
706 3.2959964275360107
707 3.3385822772979736
708 3.1269469261169434
709 3.1402437686920166
710 3.291477918624878
711 3.3212690353393555
712 3.1480324268341064
713 3.21886944770813
714 3.3129329681396484
715 3.4563636779785156
716 3.219963788986206
717 3.5276505947113037
718 3.293701410293579
719 3.48409104347229
720 3.44260573387146
721 3.2262890338897705
722 3.345331907272339
723 3.9186134338378906
724 3.6711220741271973
725 3.306020736694336
726 3.3424811363220215
727 3.4392058849334717
728 3.311842441558838
729 3.3164141178131104
730 3.2807552814483643
731 3.0736000537872314
732 3.1819779872894287
733 3.156374454498291
734 3.2792537212371826
735 3.291611909866333
736 3.112279176712036
737 3.0522589683532715
738 3.2820188999176025
739 3.4087698459625244
740 3.386782169342041
741 3.3591463565826416
742 3.448530912399292
743 3.470438003540039
744 3.5960700511932373
745 3.6039867401123047
746 3.8734805583953857
747 3.6377322673797607
748 3.439160108566284
749 3.2245588302612305
750 3.6252777576446533
751 3.898383378982544
752 4.075018882751465
753 4.071450233459473
754 4.092632293701172
755 3.8430278301239014
756 3.4708914756774902
757 3.292368173599243
758 3.5507872104644775
759 3.382981538772583
760 3.123668909072876
761 3.5568273067474365
762 3.373060703277588
763 3.2933647632598877
764 3.2143943309783936
765 3.4539897441864014
766 3.2699263095855713
767 3.307891607284546
768 2.8149797916412354
769 2.8474748134613037
770 3.371859550476074
771 3.164220094680786
772 3.2164995670318604
773 3.2352747917175293
774 3.0144460201263428
775 3.3459959030151367
776 3.024806499481201
777 3.054279327392578
778 2.9038474559783936
779 2.829087495803833
780 2.9020652770996094
781 3.042249917984009
782 3.062061309814453
783 3.2006118297576904
784 2.851844310760498
785 2.8279306888580322
786 2.991027593612671
787 3.007098913192749
788 3.0933597087860107
789 3.1949431896209717
790 3.0427780151367188
791 3.107370138168335
792 3.4416635036468506
793 3.1890671253204346
794 3.2132325172424316
795 2.7156896591186523
796 2.338813304901123
797 2.6488780975341797
798 2.765185594558716
799 2.6004674434661865
800 2.955474853515625
801 2.8710203170776367
802 2.3696300983428955
803 2.952009916305542
804 2.789930582046509
805 2.7081854343414307
806 3.0081374645233154
807 3.2189831733703613
808 3.301804304122925
809 3.3053789138793945
810 3.131101608276367
811 2.9044768810272217
812 3.1079304218292236
813 2.9554660320281982
814 3.1393966674804688
815 3.17195725440979
816 2.7700870037078857
817 2.880038022994995
818 2.9944021701812744
819 3.0920865535736084
820 3.1822140216827393
821 3.128803253173828
822 3.012775421142578
823 2.7960119247436523
824 2.713132381439209
825 3.0630619525909424
826 3.02789306640625
827 2.9561069011688232
828 2.8992421627044678
829 3.406341314315796
830 3.048081159591675
831 3.0053694248199463
832 3.0968282222747803
833 3.0153486728668213
834 2.7024879455566406
835 2.8356451988220215
836 3.075985908508301
837 2.887824535369873
838 2.7819995880126953
839 2.9988765716552734
840 2.831618309020996
841 2.8684942722320557
842 3.104949474334717
843 3.0137174129486084
844 3.064507484436035
845 2.8487799167633057
846 3.0082690715789795
847 2.8964920043945313
848 3.0013325214385986
849 3.0508241653442383
850 3.110436201095581
851 3.057358980178833
852 3.1777725219726563
853 3.027634859085083
854 3.112907648086548
855 3.230962038040161
856 2.8835253715515137
857 3.080425500869751
858 3.1513326168060303
859 3.2159457206726074
860 3.0724592208862305
861 3.1844778060913086
862 3.400057315826416
863 3.312737464904785
864 3.306673288345337
865 3.3536667823791504
866 3.463745355606079
867 3.344452142715454
868 3.3091847896575928
869 3.54146409034729
870 3.5326972007751465
871 3.546631097793579
872 3.62231707572937
873 3.9829304218292236
874 3.785924196243286
875 3.593618392944336
876 3.898933172225952
877 4.240723133087158
878 3.8437607288360596
879 3.6974949836730957
880 3.833843231201172
881 3.683706521987915
882 3.617746591567993
883 3.640728712081909
884 3.5933613777160645
885 3.330406427383423
886 3.5873165130615234
887 3.362240791320801
888 3.2639715671539307
889 3.280376434326172
890 3.2119321823120117
891 3.298126220703125
892 3.352710008621216
893 3.6879191398620605
894 3.3622820377349854
895 3.1423258781433105
896 3.3838531970977783
897 3.15106463432312
898 3.465916872024536
899 3.604299783706665
900 3.4693827629089355
901 3.3858630657196045
902 3.8465964794158936
903 4.067229270935059
904 3.7056407928466797
905 3.477033853530884
906 3.3758456707000732
907 3.8439085483551025
908 4.218470573425293
909 4.0823822021484375
910 4.1216607093811035
911 4.093405723571777
912 3.7460789680480957
913 3.525514841079712
914 3.66428804397583
915 3.7846550941467285
916 4.049230098724365
917 3.8748857975006104
918 3.951000452041626
919 4.248196125030518
920 4.325775146484375
921 4.214343070983887
922 4.082990646362305
923 4.071386814117432
924 3.819173574447632
925 3.664263963699341
926 3.73618483543396
927 3.555418014526367
928 3.25227689743042
929 3.319417715072632
930 3.4238598346710205
931 3.5957884788513184
932 3.456688404083252
933 3.277524948120117
934 2.8495826721191406
935 2.7608063220977783
936 2.6174163818359375
937 2.6396102905273438
938 3.0662405490875244
939 3.0489797592163086
940 3.3554229736328125
941 3.34047269821167
942 3.3733227252960205
943 3.204866647720337
944 3.2808539867401123
945 3.4545557498931885
946 3.758809804916382
947 3.8583984375
948 3.586642265319824
949 3.865476131439209
950 3.76308012008667
951 3.60976243019104
952 3.3529157638549805
953 3.3491504192352295
954 3.3745687007904053
955 3.2958545684814453
956 3.0362355709075928
957 3.032707452774048
958 3.383678436279297
959 3.4895050525665283
960 3.3177499771118164
961 3.4822635650634766
962 3.6682300567626953
963 3.2760119438171387
964 3.704474925994873
965 3.528247356414795
966 3.5371744632720947
967 3.235652446746826
968 3.453544855117798
969 3.363797903060913
970 3.414076328277588
971 3.317676544189453
972 3.537376642227173
973 3.6803951263427734
974 3.915560245513916
975 3.9011523723602295
976 3.7828893661499023
977 3.4557044506073
978 3.6743345260620117
979 3.5609757900238037
980 3.136552095413208
981 3.3242881298065186
982 3.303776979446411
983 3.4259238243103027
984 3.4087305068969727
985 3.4083633422851563
986 3.6416091918945313
987 3.403731346130371
988 3.6670777797698975
989 3.5902762413024902
990 3.3277134895324707
991 3.178255558013916
992 2.984196186065674
993 2.877134323120117
994 2.8103981018066406
995 2.9883744716644287
996 3.095588445663452
997 3.1022250652313232
998 3.265838861465454
999 3.2642290592193604
1000 3.0659544467926025
1001 3.29133677482605
1002 3.6108527183532715
1003 3.439086437225342
1004 3.3818600177764893
1005 3.1637377738952637
1006 3.3221237659454346
1007 3.232384443283081
1008 3.2269723415374756
1009 3.360884666442871
1010 3.3973512649536133
1011 3.036281108856201
1012 3.228086471557617
1013 3.3297042846679688
1014 3.0623939037323
1015 3.090742826461792
1016 3.250314712524414
1017 3.1979095935821533
1018 3.2321219444274902
1019 3.259340286254883
1020 3.4368317127227783
1021 3.3878917694091797
1022 3.725956678390503
1023 3.9617788791656494
1024 3.9539849758148193
1025 3.6237239837646484
1026 3.929914951324463
1027 3.9760658740997314
1028 3.834350109100342
1029 3.6332597732543945
1030 3.759033441543579
1031 3.7343060970306396
1032 3.49599289894104
1033 3.4236183166503906
1034 3.329251289367676
1035 3.383631944656372
1036 3.4588518142700195
1037 3.298542022705078
1038 3.361319065093994
1039 3.2188680171966553
1040 3.2668838500976563
1041 3.22843599319458
1042 3.1807138919830322
1043 3.3269686698913574
1044 3.2640554904937744
1045 3.2529165744781494
1046 3.176400899887085
1047 3.1911251544952393
1048 3.1212427616119385
1049 3.1709132194519043
1050 3.0037412643432617
1051 3.108729362487793
1052 3.4696168899536133
1053 3.3608970642089844
1054 3.268972158432007
1055 3.319775104522705
1056 3.204129457473755
1057 3.1378333568573
1058 2.8665056228637695
1059 2.6958296298980713
1060 3.072169303894043
1061 3.0384185314178467
1062 3.0004963874816895
1063 3.0503149032592773
1064 2.89013934135437
1065 2.8849146366119385
1066 2.7593891620635986
1067 2.7348947525024414
1068 2.726545572280884
1069 2.5900275707244873
1070 2.5495641231536865
1071 2.579455852508545
1072 2.648076295852661
1073 2.7322914600372314
1074 2.8804283142089844
1075 2.5471510887145996
1076 2.7766005992889404
1077 2.569934129714966
1078 2.61846923828125
1079 2.573265314102173
1080 2.7946724891662598
1081 2.6999711990356445
1082 2.835606813430786
1083 2.94034743309021
1084 2.846764326095581
1085 3.094804286956787
1086 3.1479663848876953
1087 3.517178773880005
1088 3.28588604927063
1089 2.960423707962036
1090 2.874497175216675
1091 2.8607287406921387
1092 2.823423147201538
1093 2.9969446659088135
1094 2.8098182678222656
1095 3.021371841430664
1096 2.636242389678955
1097 2.7520506381988525
1098 2.3878591060638428
1099 2.520754337310791
1100 2.782668352127075
1101 2.709340810775757
1102 2.9272797107696533
1103 2.8913440704345703
1104 3.040403366088867
1105 2.783848524093628
1106 3.054940938949585
1107 2.863617181777954
1108 2.9375829696655273
1109 3.0120527744293213
1110 3.099250078201294
1111 3.2727787494659424
1112 3.151372194290161
1113 3.2058217525482178
1114 2.918889045715332
1115 2.800011396408081
1116 2.974370241165161
1117 2.9826738834381104
1118 2.7829010486602783
1119 2.9068968296051025
1120 2.7781319618225098
1121 2.6310811042785645
1122 2.6743879318237305
1123 2.7932376861572266
1124 2.802617073059082
1125 2.8355095386505127
1126 2.9914896488189697
1127 2.914793014526367
1128 3.312527894973755
1129 3.639561414718628
1130 3.160749673843384
1131 3.435178518295288
1132 3.5376813411712646
1133 3.828882932662964
1134 3.620762348175049
1135 3.6877880096435547
1136 4.57618522644043
1137 4.554189682006836
1138 4.713425636291504
1139 4.651641845703125
1140 4.259611129760742
1141 3.7558069229125977
1142 3.158879518508911
1143 3.269664764404297
1144 3.3774497509002686
1145 3.631302833557129
1146 3.6242446899414063
1147 3.922257900238037
1148 3.833627462387085
1149 3.895127773284912
1150 4.0144829750061035
1151 3.975285291671753
1152 4.10973596572876
1153 4.209442615509033
1154 4.329358100891113
1155 4.204021453857422
1156 3.7325351238250732
1157 3.90830397605896
1158 4.177631855010986
1159 4.211392879486084
1160 4.071286201477051
1161 4.0430707931518555
1162 3.8028883934020996
1163 3.7976903915405273
1164 3.7871458530426025
1165 3.829942464828491
1166 3.8702406883239746
1167 3.799527168273926
1168 3.6129002571105957
1169 3.3203623294830322
1170 3.2753098011016846
1171 3.1775009632110596
1172 3.0903098583221436
1173 3.1689279079437256
1174 3.1792187690734863
1175 3.1360979080200195
1176 3.0341577529907227
1177 3.117560625076294
1178 3.1238725185394287
1179 3.0873358249664307
1180 3.1237728595733643
1181 3.262908935546875
1182 3.2289156913757324
1183 3.2056918144226074
1184 2.7830095291137695
1185 2.7608261108398438
1186 2.820408582687378
1187 2.6231741905212402
1188 2.790423631668091
1189 2.944204330444336
1190 2.8975679874420166
1191 2.755410671234131
1192 2.902081251144409
1193 2.9351108074188232
1194 2.945305109024048
1195 3.16908597946167
1196 3.388932228088379
1197 3.3738083839416504
1198 3.599766254425049
1199 3.7969260215759277
1200 3.7968249320983887
1201 3.4433155059814453
1202 3.320408821105957
1203 3.1357438564300537
1204 3.5261077880859375
1205 3.679063320159912
1206 3.265289783477783
1207 3.0033836364746094
1208 3.1796815395355225
1209 3.0266475677490234
1210 2.773435115814209
1211 2.764404535293579
1212 2.57475209236145
1213 2.7161407470703125
1214 2.937680721282959
1215 2.9131851196289063
1216 2.8700995445251465
1217 2.5749330520629883
1218 2.4717342853546143
1219 2.806741714477539
1220 2.626795768737793
1221 2.7559921741485596
1222 2.77121901512146
1223 2.9161794185638428
1224 2.849514961242676
1225 3.1568827629089355
1226 3.237018346786499
1227 3.269510269165039
1228 2.941131114959717
1229 3.0215957164764404
1230 3.1914405822753906
1231 2.9342567920684814
1232 2.8041110038757324
1233 2.9504926204681396
1234 3.0445334911346436
1235 2.8914785385131836
1236 3.0887391567230225
1237 2.990368366241455
1238 2.9572203159332275
1239 3.054882049560547
1240 2.9556808471679688
1241 3.1841444969177246
1242 2.7213199138641357
1243 2.86025333404541
1244 2.8364691734313965
1245 2.7692184448242188
1246 2.9435486793518066
1247 2.7386419773101807
1248 2.7457351684570313
1249 2.997542381286621
1250 2.885580539703369
1251 3.0096890926361084
1252 3.199899673461914
1253 3.320885419845581
1254 3.10042405128479
1255 3.0683786869049072
1256 3.165027141571045
1257 3.2014400959014893
1258 3.5302882194519043
1259 3.3724846839904785
1260 3.724022626876831
1261 3.3743298053741455
1262 3.3671488761901855
1263 3.5066936016082764
1264 3.2676827907562256
1265 3.296292781829834
1266 3.079028844833374
1267 2.8932571411132813
1268 2.8859329223632813
1269 2.6768720149993896
1270 2.7115800380706787
1271 3.053375720977783
1272 2.8219852447509766
1273 2.749948501586914
1274 2.7805099487304688
1275 2.6692311763763428
1276 2.6558837890625
1277 2.5139896869659424
1278 2.945890188217163
1279 3.077249526977539
1280 3.1849305629730225
1281 3.197697162628174
1282 3.2860639095306396
1283 3.458505153656006
1284 3.155277729034424
1285 3.190046787261963
1286 3.6012580394744873
1287 3.601902723312378
1288 3.5278923511505127
1289 3.3784022331237793
1290 3.441307544708252
1291 3.2865147590637207
1292 3.300210475921631
1293 3.464658737182617
1294 3.1250064373016357
1295 3.40942645072937
1296 3.3110828399658203
1297 3.123703718185425
1298 3.2055842876434326
1299 3.035810708999634
1300 2.8794353008270264
1301 2.8215866088867188
1302 2.7372798919677734
1303 2.6101810932159424
1304 2.4601376056671143
1305 2.6550402641296387
1306 2.671215772628784
1307 2.7620975971221924
1308 2.547999143600464
1309 2.7243309020996094
1310 2.662431478500366
1311 2.972651958465576
1312 2.8865535259246826
1313 3.097994327545166
1314 3.1110103130340576
1315 3.054537534713745
1316 3.3855249881744385
1317 3.437619924545288
1318 3.3428637981414795
1319 3.472817897796631
1320 3.6717722415924072
1321 3.3424525260925293
1322 3.542189121246338
1323 3.495232105255127
1324 3.611124038696289
1325 3.3456878662109375
1326 3.3693950176239014
1327 3.3946473598480225
1328 3.495600700378418
1329 3.3978614807128906
1330 3.4209072589874268
1331 3.449028968811035
1332 3.4862282276153564
1333 3.742933750152588
1334 3.6044843196868896
1335 3.416600227355957
1336 3.1823410987854004
1337 3.2414588928222656
1338 3.387404680252075
1339 3.5807459354400635
1340 3.574551820755005
1341 3.4905922412872314
1342 3.649729013442993
1343 3.5771825313568115
1344 3.5772974491119385
1345 3.469449996948242
1346 3.8916029930114746
1347 4.309600353240967
1348 4.290478706359863
1349 3.928257942199707
1350 3.4859459400177
1351 3.571014881134033
1352 3.3593626022338867
1353 3.064035415649414
1354 2.953216075897217
1355 2.5920791625976563
1356 2.711461067199707
1357 2.7847683429718018
1358 2.747873067855835
1359 2.8399126529693604
1360 3.1166882514953613
1361 3.332104206085205
1362 3.5290889739990234
1363 3.5278820991516113
1364 3.4476053714752197
1365 3.301593065261841
1366 2.9859209060668945
1367 3.251383066177368
1368 3.095578908920288
1369 3.4111900329589844
1370 3.4835565090179443
1371 3.1652255058288574
1372 3.1653361320495605
1373 3.3790576457977295
1374 3.243206739425659
1375 3.093738317489624
1376 3.168928384780884
1377 3.458787441253662
1378 3.4315924644470215
1379 3.4898037910461426
1380 3.5347604751586914
1381 3.5254452228546143
1382 3.6916425228118896
1383 3.647951126098633
1384 3.6473422050476074
1385 3.665152072906494
1386 3.4277098178863525
1387 3.285294532775879
1388 3.6038148403167725
1389 3.3537423610687256
1390 3.4915928840637207
1391 3.307746648788452
1392 3.3456778526306152
1393 3.394296169281006
1394 3.129955291748047
1395 2.827738046646118
1396 2.705595016479492
1397 2.680863857269287
1398 2.7482590675354004
1399 2.9737441539764404
1400 3.356262445449829
1401 3.4347071647644043
1402 3.425926446914673
1403 3.0007526874542236
1404 3.054516315460205
1405 3.0950872898101807
1406 3.358680009841919
1407 3.2480547428131104
1408 3.135805368423462
1409 3.1132867336273193
1410 3.2563254833221436
1411 2.923337936401367
1412 3.361872911453247
1413 3.2736477851867676
1414 3.088547706604004
1415 3.1011369228363037
1416 2.9819235801696777
1417 2.776447296142578
1418 2.8003103733062744
1419 2.977442741394043
1420 2.9329850673675537
1421 2.7379870414733887
1422 2.839594841003418
1423 2.706306219100952
1424 2.697801113128662
1425 2.6808559894561768
1426 2.841538429260254
1427 2.9251840114593506
1428 2.8904125690460205
1429 2.790462017059326
1430 2.8394386768341064
1431 3.040886402130127
1432 3.0745506286621094
1433 3.0117857456207275
1434 3.2507667541503906
1435 3.124520778656006
1436 3.1298184394836426
1437 3.0535478591918945
1438 3.057457447052002
1439 3.3692846298217773
1440 3.163384437561035
1441 3.236452579498291
1442 3.285688638687134
1443 3.5434701442718506
1444 3.5686144828796387
1445 3.404780864715576
1446 3.6610329151153564
1447 3.499234914779663
1448 3.657557249069214
1449 3.5035197734832764
1450 3.831946849822998
1451 3.5488972663879395
1452 3.5513970851898193
1453 3.5009124279022217
1454 3.395733594894409
1455 3.243579626083374
1456 3.1779749393463135
1457 3.368767499923706
1458 3.382805824279785
1459 3.4091453552246094
1460 2.99125599861145
1461 3.131761074066162
1462 3.0195493698120117
1463 3.1050901412963867
1464 3.044405937194824
1465 2.903193950653076
1466 2.779576301574707
1467 2.6615960597991943
1468 2.9065070152282715
1469 3.119023561477661
1470 3.0640816688537598
1471 3.0065972805023193
1472 2.9060025215148926
1473 3.0660128593444824
1474 3.188856840133667
1475 3.1953160762786865
1476 3.0625059604644775
1477 3.2055888175964355
1478 3.15386962890625
1479 3.330657720565796
1480 3.2425928115844727
1481 3.009410858154297
1482 3.101341485977173
1483 3.217176675796509
1484 3.222876787185669
1485 3.4388344287872314
1486 3.2791788578033447
1487 3.5557243824005127
1488 4.30338191986084
1489 4.077706336975098
1490 4.558224201202393
1491 4.116323471069336
1492 4.166642189025879
1493 4.095421314239502
1494 3.954679012298584
1495 3.8447442054748535
1496 4.0385613441467285
1497 4.416505813598633
1498 3.959831476211548
1499 3.8975026607513428
1500 3.569842576980591
1501 3.2169644832611084
1502 3.2904646396636963
1503 3.164937973022461
1504 3.465759754180908
1505 3.1081173419952393
1506 3.18910813331604
1507 3.3493640422821045
1508 3.4603192806243896
1509 3.3316760063171387
1510 3.1495752334594727
1511 2.894791603088379
1512 3.369133472442627
1513 3.186274766921997
1514 3.175311326980591
1515 2.8966565132141113
1516 2.969292163848877
1517 3.061697483062744
1518 2.7774648666381836
1519 3.017857313156128
1520 2.603314161300659
1521 2.767077922821045
1522 2.615084648132324
1523 2.770095109939575
1524 2.859638214111328
1525 2.7453033924102783
1526 2.890211582183838
1527 2.65400767326355
1528 2.89412522315979
1529 2.886354923248291
1530 2.660832166671753
1531 2.5992159843444824
1532 2.5473129749298096
1533 2.3608081340789795
1534 2.423536539077759
1535 2.5477969646453857
1536 2.755676507949829
1537 2.790200710296631
1538 2.6734349727630615
1539 3.236971855163574
1540 3.448629379272461
1541 3.2181692123413086
1542 2.92921781539917
1543 2.8969476222991943
1544 3.028876781463623
1545 2.907626152038574
1546 2.9712040424346924
1547 2.8555727005004883
1548 3.0149776935577393
1549 3.3076672554016113
1550 3.313372850418091
1551 3.353114128112793
1552 3.346402645111084
1553 3.26287841796875
1554 3.023184299468994
1555 2.914489269256592
1556 2.986205577850342
1557 2.8652846813201904
1558 2.707385540008545
1559 2.8654236793518066
1560 2.987755298614502
1561 2.6557154655456543
1562 2.5994434356689453
1563 2.6566226482391357
1564 2.862675666809082
1565 2.564146041870117
1566 2.891396999359131
1567 2.753202199935913
1568 3.0143048763275146
1569 3.09417724609375
1570 3.0205657482147217
1571 3.230314254760742
1572 3.2223217487335205
1573 3.124788284301758
1574 3.20493221282959
1575 3.2217235565185547
1576 3.5756006240844727
1577 3.5119457244873047
1578 3.3402328491210938
1579 3.5751240253448486
1580 3.568549633026123
1581 3.515965223312378
1582 3.7496376037597656
1583 3.5415258407592773
1584 3.384204864501953
1585 3.288938283920288
1586 2.994565725326538
1587 3.1210947036743164
1588 3.1458778381347656
1589 3.11852765083313
1590 2.974144697189331
1591 3.095600128173828
1592 3.1343774795532227
1593 3.125964879989624
1594 3.473883628845215
1595 3.153914213180542
1596 3.2235705852508545
1597 3.321958541870117
1598 3.22784161567688
1599 3.620093822479248
1600 3.333662509918213
1601 3.5634424686431885
1602 3.5984275341033936
1603 3.807671308517456
1604 3.870260238647461
1605 3.7950103282928467
1606 3.6885972023010254
1607 3.613001823425293
1608 3.6216979026794434
1609 3.551008939743042
1610 3.7013063430786133
1611 3.323899269104004
1612 3.6142239570617676
1613 3.492971897125244
1614 3.6101889610290527
1615 3.5049796104431152
1616 3.964694023132324
1617 3.8362619876861572
1618 3.50144100189209
1619 3.4474575519561768
1620 3.5587875843048096
1621 3.783169984817505
1622 3.8472490310668945
1623 3.5158333778381348
1624 3.773324728012085
1625 3.304090976715088
1626 3.421511650085449
1627 3.3671770095825195
1628 3.358454704284668
1629 3.0866432189941406
1630 2.7741029262542725
1631 2.9442906379699707
1632 2.9412124156951904
1633 2.94781494140625
1634 2.783353328704834
1635 2.872401237487793
1636 2.8976423740386963
1637 2.7391843795776367
1638 2.8802649974823
1639 2.829555034637451
1640 2.9340500831604004
1641 2.942261219024658
1642 3.174098253250122
1643 3.3335509300231934
1644 3.7221105098724365
1645 3.4129347801208496
1646 3.4585044384002686
1647 3.4991133213043213
1648 3.715021848678589
1649 3.414166212081909
1650 3.4300034046173096
1651 3.674037456512451
1652 3.368584632873535
1653 3.107635974884033
1654 3.334350109100342
1655 3.5010571479797363
1656 3.1163763999938965
1657 3.343651533126831
1658 3.6174561977386475
1659 3.4992878437042236
1660 3.4623515605926514
1661 3.9288322925567627
1662 3.627492666244507
1663 3.721339464187622
1664 3.7861223220825195
1665 3.979649543762207
1666 3.4799230098724365
1667 3.7415661811828613
1668 3.7111308574676514
1669 3.385601282119751
1670 3.1455628871917725
1671 3.1015779972076416
1672 2.99316143989563
1673 3.0599164962768555
1674 3.140657424926758
1675 3.1513679027557373
1676 2.934964418411255
1677 2.9086711406707764
1678 2.9391229152679443
1679 3.1042838096618652
1680 3.1301467418670654
1681 3.2263245582580566
1682 3.172790050506592
1683 3.2047340869903564
1684 3.37030029296875
1685 3.0443062782287598
1686 2.969776153564453
1687 3.005286693572998
1688 2.6032376289367676
1689 2.6792595386505127
1690 2.5579123497009277
1691 2.333404302597046
1692 2.56260347366333
1693 2.5265274047851563
1694 2.5810463428497314
1695 2.503558397293091
1696 2.600023031234741
1697 2.6623103618621826
1698 2.505695104598999
1699 2.655339002609253
1700 2.8974199295043945
1701 2.8452091217041016
1702 2.876970052719116
1703 3.0172557830810547
1704 3.095006227493286
1705 3.317610740661621
1706 2.801389694213867
1707 2.7943689823150635
1708 2.6830992698669434
1709 2.8788928985595703
1710 2.647204875946045
1711 2.57499623298645
1712 2.5213735103607178
1713 2.397773504257202
1714 2.623345375061035
1715 2.6534316539764404
1716 2.761197566986084
1717 2.8598992824554443
1718 2.6018078327178955
1719 2.776902437210083
1720 2.7850759029388428
1721 2.6679298877716064
1722 2.465996742248535
1723 2.61784029006958
1724 2.4436028003692627
1725 2.404329299926758
1726 2.5052919387817383
1727 2.664062976837158
1728 2.792468786239624
1729 2.887544870376587
1730 3.0201220512390137
1731 2.856559991836548
1732 2.75808048248291
1733 2.702326774597168
1734 2.779200553894043
1735 2.519164562225342
1736 2.7587785720825195
1737 2.912069320678711
1738 2.9742653369903564
1739 2.7655134201049805
1740 2.6087422370910645
1741 2.8196306228637695
1742 2.668562412261963
1743 2.7266688346862793
1744 3.000091314315796
1745 3.2686307430267334
1746 3.0831480026245117
1747 3.0451228618621826
1748 2.95997953414917
1749 2.9219186305999756
1750 3.102843761444092
1751 3.2214014530181885
1752 3.353853225708008
1753 3.5395495891571045
1754 3.360567331314087
1755 2.9800126552581787
1756 3.0848748683929443
1757 2.8949878215789795
1758 3.0902819633483887
1759 3.1978635787963867
1760 3.448265790939331
1761 2.950266122817993
1762 3.0163192749023438
1763 3.4394419193267822
1764 3.508552312850952
1765 3.6574621200561523
1766 3.603891611099243
1767 3.4071028232574463
1768 3.349297285079956
1769 3.345186233520508
1770 3.4672281742095947
1771 3.2999794483184814
1772 3.605346441268921
1773 3.378950357437134
1774 3.3478353023529053
1775 3.187177896499634
1776 3.1321587562561035
1777 2.9660158157348633
1778 2.953887939453125
1779 2.5953900814056396
1780 2.7450497150421143
1781 2.755497455596924
1782 3.081686019897461
1783 3.083962917327881
1784 2.982633352279663
1785 3.159327507019043
1786 3.164928674697876
1787 3.2911224365234375
1788 3.2054574489593506
1789 3.115447521209717
1790 3.1746749877929688
1791 3.2287206649780273
1792 3.1267285346984863
1793 3.340156316757202
1794 3.260544538497925
1795 3.3701083660125732
1796 3.3587396144866943
1797 3.6180074214935303
1798 3.928180456161499
1799 3.7733964920043945
1800 3.9372663497924805
1801 4.226755142211914
1802 4.143709659576416
1803 3.867230176925659
1804 3.4474611282348633
1805 3.4150474071502686
1806 3.3864943981170654
1807 3.6894702911376953
1808 3.6070737838745117
1809 3.721595287322998
1810 3.580946683883667
1811 3.6270997524261475
1812 3.798495054244995
1813 4.032525539398193
1814 3.9482243061065674
1815 3.9929940700531006
1816 4.08259916305542
1817 4.019006729125977
1818 3.886279344558716
1819 4.086312770843506
1820 3.9234588146209717
1821 3.7034265995025635
1822 3.7500863075256348
1823 3.4242024421691895
1824 3.7972793579101563
1825 3.707719326019287
1826 3.7074341773986816
1827 3.7608282566070557
1828 3.9407575130462646
1829 4.172064781188965
1830 3.827385902404785
1831 3.976546049118042
1832 4.03621244430542
1833 3.99711012840271
1834 4.030155181884766
1835 4.280691146850586
1836 4.523383140563965
1837 4.207353591918945
1838 3.903235673904419
1839 3.761270761489868
1840 3.7100884914398193
1841 3.5481066703796387
1842 3.6534769535064697
1843 3.587944269180298
1844 3.5692813396453857
1845 3.435154914855957
1846 3.491844892501831
1847 3.6760635375976563
1848 3.670562267303467
1849 3.1809048652648926
1850 3.0963902473449707
1851 2.7614543437957764
1852 2.7487924098968506
1853 3.068350315093994
1854 3.0016512870788574
1855 3.098237991333008
1856 3.5387556552886963
1857 3.076127290725708
1858 3.1443636417388916
1859 3.0450997352600098
1860 3.0144503116607666
1861 2.6518306732177734
1862 2.7339212894439697
1863 2.980367660522461
1864 2.8883540630340576
1865 3.202589750289917
1866 3.2164113521575928
1867 3.0909883975982666
1868 2.7147057056427
1869 2.741466522216797
1870 3.0329647064208984
1871 2.881089687347412
1872 2.8844969272613525
1873 3.2079575061798096
1874 2.830454111099243
1875 3.121704578399658
1876 3.065633535385132
1877 3.3821794986724854
1878 3.2527220249176025
1879 3.186753511428833
1880 3.064824342727661
1881 3.0743789672851563
1882 2.927586317062378
1883 2.8087587356567383
1884 3.2425012588500977
1885 3.2433536052703857
1886 3.3674426078796387
1887 3.5128448009490967
1888 3.5748403072357178
1889 3.7300827503204346
1890 3.1083056926727295
1891 3.169732093811035
1892 3.1845173835754395
1893 3.1810405254364014
1894 3.4739248752593994
1895 3.763819456100464
1896 3.918718099594116
1897 3.728381633758545
1898 3.6905722618103027
1899 3.486851453781128
1900 3.530561685562134
1901 3.5184884071350098
1902 3.4311485290527344
1903 3.168553590774536
1904 3.406127691268921
1905 3.3670198917388916
1906 3.323002576828003
1907 3.4284324645996094
1908 3.4122984409332275
1909 3.3203704357147217
1910 3.502011299133301
1911 3.3752224445343018
1912 3.302375555038452
1913 3.195952892303467
1914 3.158336639404297
1915 3.198378801345825
1916 3.100461006164551
1917 3.5264272689819336
1918 3.0289599895477295
1919 3.3728737831115723
1920 3.552067279815674
1921 3.6608645915985107
1922 3.551398754119873
1923 3.4770383834838867
1924 3.381382703781128
1925 3.5978074073791504
1926 3.3460609912872314
1927 3.3535101413726807
1928 3.380610942840576
1929 3.14567494392395
1930 3.08473801612854
1931 3.2746098041534424
1932 3.224165916442871
1933 2.9556469917297363
1934 2.841740846633911
1935 3.182846784591675
1936 3.0060112476348877
1937 3.0745184421539307
1938 2.9150147438049316
1939 2.7772228717803955
1940 2.968050956726074
1941 3.524744749069214
1942 3.2648136615753174
1943 3.2853944301605225
1944 3.2233736515045166
1945 3.1809825897216797
1946 3.3778648376464844
1947 3.2843258380889893
1948 3.514787435531616
1949 3.541884422302246
1950 3.3609039783477783
1951 3.734966993331909
1952 3.9285709857940674
1953 3.9778196811676025
1954 3.7906882762908936
1955 4.14865255355835
1956 3.867187023162842
1957 3.6999013423919678
1958 3.76332688331604
1959 3.5554051399230957
1960 3.4930293560028076
1961 3.410047769546509
1962 3.391934394836426
1963 3.5434508323669434
1964 3.305304765701294
1965 3.2535297870635986
1966 3.452028751373291
1967 3.5762813091278076
1968 3.413379192352295
1969 3.5323233604431152
1970 3.6908509731292725
1971 3.4078259468078613
1972 3.567276954650879
1973 3.1521668434143066
1974 3.1404638290405273
1975 3.096196413040161
1976 3.3081657886505127
1977 3.2656898498535156
1978 3.4182205200195313
1979 3.2956957817077637
1980 3.0563251972198486
1981 3.028416872024536
1982 2.986737012863159
1983 3.1763083934783936
1984 3.124504566192627
1985 3.272056818008423
1986 3.369199275970459
1987 3.119262456893921
1988 3.3882484436035156
1989 2.953923225402832
1990 3.1013896465301514
1991 3.388479471206665
1992 3.316986322402954
1993 3.317913770675659
1994 3.4302566051483154
1995 3.4755890369415283
1996 3.2327940464019775
1997 3.2032783031463623
1998 3.0133371353149414
1999 3.2446255683898926
2000 3.1530988216400146
2001 3.4833829402923584
2002 3.222691535949707
2003 3.30020809173584
2004 3.392991542816162
2005 3.4433090686798096
2006 3.4857254028320313
2007 3.3032710552215576
2008 3.100364923477173
2009 3.479294776916504
2010 3.4703433513641357
2011 3.3435122966766357
2012 3.475512742996216
2013 3.584434986114502
2014 3.4566781520843506
2015 2.8653931617736816
2016 3.068600654602051
2017 3.427720785140991
2018 3.045259952545166
2019 3.1325411796569824
2020 2.862056016921997
2021 2.87545108795166
2022 3.1302695274353027
2023 2.9745571613311768
2024 2.7662696838378906
2025 2.936628818511963
2026 3.020601272583008
2027 2.873084306716919
2028 2.662210464477539
2029 2.863943576812744
2030 3.0658857822418213
2031 2.8750803470611572
2032 2.914065361022949
2033 2.873748779296875
2034 2.880837917327881
2035 2.984236717224121
2036 3.1173250675201416
2037 3.131676435470581
2038 3.1818273067474365
2039 3.5003254413604736
2040 3.2315452098846436
2041 3.129976749420166
2042 3.4089555740356445
2043 2.8793187141418457
2044 2.9673662185668945
2045 3.034189462661743
2046 3.1537721157073975
2047 2.966336965560913
2048 3.2459771633148193
2049 3.3895864486694336
2050 3.5058653354644775
2051 3.2509779930114746
2052 3.02551007270813
2053 3.031619071960449
2054 3.03562068939209
2055 2.8441481590270996
2056 2.9839415550231934
2057 3.004044771194458
2058 3.0354411602020264
2059 2.9571473598480225
2060 3.0857396125793457
2061 3.2448785305023193
2062 3.214193820953369
2063 3.51460337638855
2064 3.537236213684082
2065 3.280851364135742
2066 3.185180902481079
2067 3.022217273712158
2068 2.9074108600616455
2069 2.94942045211792
2070 2.9975202083587646
2071 2.992865800857544
2072 2.9862775802612305
2073 3.304633855819702
2074 3.2597484588623047
2075 3.0023303031921387
2076 2.7727324962615967
2077 2.8805654048919678
2078 2.688565492630005
2079 2.924246311187744
2080 3.203436851501465
2081 3.026993751525879
2082 3.109123468399048
2083 3.1209166049957275
2084 3.304647445678711
2085 3.0884032249450684
2086 3.095780372619629
2087 3.0849242210388184
2088 3.178276538848877
2089 3.254142999649048
2090 3.468489170074463
2091 3.7366063594818115
2092 3.894641399383545
2093 3.5648136138916016
2094 3.4013843536376953
2095 3.2628378868103027
2096 3.407761573791504
2097 3.209014654159546
2098 3.3302056789398193
2099 3.1043410301208496
2100 3.123473644256592
2101 2.9016833305358887
2102 3.0150299072265625
2103 3.148484468460083
2104 3.4000401496887207
2105 3.5074143409729004
2106 3.525979995727539
2107 3.2826390266418457
2108 3.2317192554473877
2109 3.4220752716064453
2110 3.311755418777466
2111 3.115842342376709
2112 3.2689597606658936
2113 3.463338851928711
2114 3.8689773082733154
2115 3.5129008293151855
2116 3.2774758338928223
2117 3.234344959259033
2118 3.1092703342437744
2119 3.070089101791382
2120 2.770855188369751
2121 2.8436737060546875
2122 2.8301920890808105
2123 2.92071533203125
2124 2.765245199203491
2125 3.065310478210449
2126 3.2744293212890625
2127 3.303741931915283
2128 3.180312395095825
2129 3.33773136138916
2130 3.492143154144287
2131 3.331362247467041
2132 3.1200530529022217
2133 2.6891469955444336
2134 2.9232337474823
2135 2.8974478244781494
2136 3.0227770805358887
2137 2.9473283290863037
2138 3.112222909927368
2139 3.468787431716919
2140 3.4237353801727295
2141 3.568990707397461
2142 3.3542754650115967
2143 3.1753060817718506
2144 2.931870222091675
2145 2.909684896469116
2146 3.216566324234009
2147 3.2120842933654785
2148 3.25940203666687
2149 3.145179510116577
2150 2.9642457962036133
2151 3.0644989013671875
2152 3.3861608505249023
2153 3.2009758949279785
2154 3.1800529956817627
2155 3.3713841438293457
2156 3.518918991088867
2157 3.420870304107666
2158 3.5387351512908936
2159 3.241250991821289
2160 3.2687201499938965
2161 3.0840251445770264
2162 2.6769020557403564
2163 2.818632125854492
2164 3.0585079193115234
2165 3.3778626918792725
2166 3.213561534881592
2167 3.181391477584839
2168 3.0252368450164795
2169 3.205965995788574
2170 3.290487051010132
2171 3.5277459621429443
2172 3.3358848094940186
2173 3.3528757095336914
2174 3.250324010848999
2175 3.508148193359375
2176 3.187384843826294
2177 3.272678852081299
2178 3.39593505859375
2179 3.5716960430145264
2180 3.808540105819702
2181 3.930712938308716
2182 3.8703722953796387
2183 3.530177354812622
2184 3.5976366996765137
2185 3.534724235534668
2186 3.4444663524627686
2187 3.680947780609131
2188 3.7249274253845215
2189 3.7892906665802
2190 3.831048011779785
2191 3.7477006912231445
2192 3.772937297821045
2193 3.915343761444092
2194 3.903561592102051
2195 4.045860767364502
2196 4.3527727127075195
2197 4.229541778564453
2198 4.232767105102539
2199 4.294716835021973
2200 4.511775970458984
2201 4.584796905517578
2202 4.476063251495361
2203 4.141157627105713
2204 4.476533889770508
2205 4.471314430236816
2206 4.349703788757324
2207 4.127232551574707
2208 4.496716022491455
2209 4.1288299560546875
2210 4.033777713775635
2211 4.302184104919434
2212 4.449509143829346
2213 4.1991705894470215
2214 4.066447734832764
2215 4.099709510803223
2216 3.984447479248047
2217 3.8930106163024902
2218 3.8925647735595703
2219 4.408012866973877
2220 4.392991065979004
2221 4.399519920349121
2222 4.613694667816162
2223 4.358292579650879
2224 4.288933753967285
2225 4.22544002532959
2226 4.371931552886963
2227 4.1292338371276855
2228 4.115784645080566
2229 3.5654001235961914
2230 3.3312454223632813
2231 3.548311948776245
2232 3.5170724391937256
2233 3.4859209060668945
2234 3.479754686355591
2235 3.6117355823516846
2236 3.6305887699127197
2237 3.73486590385437
2238 4.0438947677612305
2239 3.650038003921509
2240 3.668790578842163
2241 3.8565573692321777
2242 3.8983964920043945
2243 3.771052837371826
2244 3.7875266075134277
2245 3.7163710594177246
2246 3.708516836166382
2247 3.5141990184783936
2248 3.631757974624634
2249 3.7118706703186035
2250 3.7083611488342285
2251 3.597170352935791
2252 3.5363564491271973
2253 3.650820016860962
2254 3.857234239578247
2255 3.862227439880371
2256 3.5987071990966797
2257 3.208132266998291
2258 3.4404938220977783
2259 3.3524718284606934
2260 3.4853460788726807
2261 3.538093328475952
2262 3.4480268955230713
2263 3.7173802852630615
2264 3.351255178451538
2265 3.831359624862671
2266 3.5691583156585693
2267 3.6714932918548584
2268 3.788456439971924
2269 3.754251718521118
2270 3.5502278804779053
2271 3.5162646770477295
2272 3.3086113929748535
2273 3.2843217849731445
2274 3.4587926864624023
2275 3.3206348419189453
2276 3.5998666286468506
2277 3.8286831378936768
2278 3.953325033187866
2279 4.132119178771973
2280 4.467461109161377
2281 3.976531982421875
2282 3.655226707458496
2283 3.5140442848205566
2284 3.862497329711914
2285 3.7534308433532715
2286 3.823230504989624
2287 3.9332263469696045
2288 3.710691452026367
2289 3.7616147994995117
2290 3.543713331222534
2291 3.655205488204956
2292 3.770932674407959
2293 3.888866901397705
2294 3.8997411727905273
2295 3.9158430099487305
2296 3.730133533477783
2297 3.834702491760254
2298 3.9262757301330566
2299 3.8403046131134033
2300 3.9051918983459473
2301 4.010416030883789
2302 3.9433157444000244
2303 4.010692596435547
2304 4.134568691253662
2305 4.0803117752075195
2306 4.076063632965088
2307 3.7088117599487305
2308 3.7441489696502686
2309 3.771156072616577
2310 3.7495462894439697
2311 3.553325653076172
2312 3.9552416801452637
2313 3.9964487552642822
2314 3.720031976699829
2315 3.65741229057312
2316 3.9564032554626465
2317 3.832995653152466
2318 3.6507232189178467
2319 3.6570658683776855
2320 3.5077648162841797
2321 3.5754356384277344
2322 3.677558660507202
2323 3.6176555156707764
2324 3.7152233123779297
2325 3.6040279865264893
2326 3.5456559658050537
2327 3.609133243560791
2328 3.8734965324401855
2329 4.0167646408081055
2330 4.070188999176025
2331 4.109261989593506
2332 3.683260202407837
2333 3.656189203262329
2334 3.607912540435791
2335 3.6495110988616943
2336 3.637129306793213
2337 3.539180278778076
2338 3.426967144012451
2339 3.3535614013671875
2340 3.7092907428741455
2341 3.8979265689849854
2342 4.062920093536377
2343 4.188110828399658
2344 4.224582672119141
2345 4.532473564147949
2346 4.107844352722168
2347 3.86733341217041
2348 4.03059196472168
2349 3.797487735748291
2350 3.804255723953247
2351 3.6877429485321045
2352 3.5761187076568604
2353 3.432034492492676
2354 3.445561170578003
2355 3.7624635696411133
2356 4.040501594543457
2357 4.254072189331055
2358 4.36562442779541
2359 4.5618791580200195
2360 4.233555793762207
2361 4.493107795715332
2362 4.044139385223389
2363 4.029696941375732
2364 3.9613840579986572
2365 3.892451524734497
2366 3.9332058429718018
2367 3.847522735595703
2368 3.8250789642333984
2369 3.9672679901123047
2370 4.290151596069336
2371 4.308725833892822
2372 4.364623069763184
2373 4.507885932922363
2374 4.528656482696533
2375 4.689824104309082
2376 4.535017013549805
2377 4.31847620010376
2378 4.1376872062683105
2379 4.4609527587890625
2380 4.393474578857422
2381 3.936316967010498
2382 4.216012954711914
2383 4.567163944244385
2384 4.5095133781433105
2385 4.440722942352295
2386 4.2879815101623535
2387 4.112148761749268
2388 4.2291131019592285
2389 3.962402582168579
2390 3.76853084564209
2391 3.8856091499328613
2392 3.899209976196289
2393 3.6654984951019287
2394 3.3289670944213867
2395 3.4085800647735596
2396 3.5450334548950195
2397 3.442129373550415
2398 3.213731288909912
2399 3.009936809539795
2400 3.375821828842163
2401 3.374829053878784
2402 3.362031936645508
2403 3.3442258834838867
2404 3.8703572750091553
2405 3.8680551052093506
2406 4.02926778793335
2407 3.7446258068084717
2408 3.9253406524658203
2409 3.9740002155303955
2410 3.7103636264801025
2411 3.6830780506134033
2412 3.5949513912200928
2413 3.3643131256103516
2414 3.4298837184906006
2415 3.4707348346710205
2416 3.214728593826294
2417 3.1982007026672363
2418 3.321593999862671
2419 3.580434560775757
2420 3.677816152572632
2421 3.542996406555176
2422 3.4492557048797607
2423 3.3678696155548096
2424 3.657132148742676
2425 3.9069411754608154
2426 3.8437094688415527
2427 3.7414755821228027
2428 3.784821033477783
2429 3.6862471103668213
2430 3.583299160003662
2431 3.755831480026245
2432 3.898452043533325
2433 4.005758762359619
2434 3.9538919925689697
2435 3.8551740646362305
2436 3.8861615657806396
2437 3.7841391563415527
2438 3.8739631175994873
2439 3.853893995285034
2440 3.543358087539673
2441 3.896247148513794
2442 3.875551700592041
2443 3.672950506210327
2444 3.9194257259368896
2445 3.9809746742248535
2446 4.0772528648376465
2447 4.136138439178467
2448 3.693023920059204
2449 4.027370452880859
2450 3.901099681854248
2451 3.6830263137817383
2452 3.8075578212738037
2453 3.706380605697632
2454 3.515831232070923
2455 3.5798299312591553
2456 3.564295530319214
2457 3.7830445766448975
2458 3.8606176376342773
2459 3.8923511505126953
2460 3.684119462966919
2461 3.7712957859039307
2462 3.9964847564697266
2463 4.343780517578125
2464 4.127513885498047
2465 4.27352237701416
2466 4.18649435043335
2467 4.1051435470581055
2468 4.072444915771484
2469 3.778207778930664
2470 3.883031129837036
2471 4.222568988800049
2472 4.197601795196533
2473 4.039098739624023
2474 3.8611838817596436
2475 3.812049150466919
2476 4.236574172973633
2477 4.18491268157959
2478 3.8941986560821533
2479 3.6672842502593994
2480 3.5516772270202637
2481 3.5570080280303955
2482 3.420865774154663
2483 3.3947160243988037
2484 3.5868120193481445
2485 3.435943365097046
2486 3.5164952278137207
2487 3.6189162731170654
2488 3.4699697494506836
2489 3.3630917072296143
2490 3.4681472778320313
2491 3.5863728523254395
2492 3.7791783809661865
2493 3.6626527309417725
2494 3.6781516075134277
2495 3.682105779647827
2496 3.5796751976013184
2497 3.5141611099243164
2498 3.47601056098938
2499 3.4561450481414795
2500 3.5705695152282715
2501 3.488863468170166
2502 3.4026994705200195
2503 3.3330273628234863
2504 3.2052385807037354
2505 3.3135311603546143
2506 3.240447521209717
2507 3.0446860790252686
2508 3.3557097911834717
2509 3.358288526535034
2510 3.8401012420654297
2511 4.135996341705322
2512 4.137269496917725
2513 3.883775234222412
2514 3.8801140785217285
2515 3.824090003967285
2516 3.772429943084717
2517 3.93802547454834
2518 3.836916923522949
2519 3.6448609828948975
2520 3.8209283351898193
2521 3.6660349369049072
2522 3.432692527770996
2523 3.6474854946136475
2524 3.8740556240081787
2525 3.635673999786377
2526 3.4224050045013428
2527 3.7314064502716064
2528 3.8827943801879883
2529 3.764469861984253
2530 3.6057984828948975
2531 3.6112380027770996
2532 3.5562939643859863
2533 3.4881319999694824
2534 3.5124380588531494
2535 3.590620517730713
2536 3.864645481109619
2537 3.642425298690796
2538 3.7666735649108887
2539 3.6199288368225098
2540 3.7317004203796387
2541 3.336671829223633
2542 3.1076183319091797
2543 3.2989516258239746
2544 3.280766725540161
2545 3.254490852355957
2546 3.5012059211730957
2547 3.5670089721679688
2548 3.5191943645477295
2549 3.523336887359619
2550 3.409820556640625
2551 3.520336151123047
2552 3.547405242919922
2553 3.26401686668396
2554 3.5450661182403564
2555 3.952562093734741
2556 3.5985255241394043
2557 3.5397725105285645
2558 3.340085983276367
2559 3.5074641704559326
2560 3.318917751312256
2561 3.454031229019165
2562 3.69698429107666
2563 3.5662612915039063
2564 3.713212251663208
2565 3.8688759803771973
2566 3.8695619106292725
2567 3.47123646736145
2568 3.6205859184265137
2569 3.586698055267334
2570 3.7620294094085693
2571 3.6150100231170654
2572 3.9335315227508545
2573 3.99491548538208
2574 3.721398115158081
2575 3.6847634315490723
2576 3.5951218605041504
2577 3.795825719833374
2578 3.673424243927002
2579 3.5632741451263428
2580 3.732835054397583
2581 3.5736372470855713
2582 3.825540542602539
2583 4.023245334625244
2584 3.7017102241516113
2585 3.832221746444702
2586 3.6553313732147217
2587 3.806614875793457
2588 3.723334312438965
2589 3.9686336517333984
2590 3.7133378982543945
2591 3.5536301136016846
2592 3.674476385116577
2593 3.973771572113037
2594 3.8204598426818848
2595 4.031229496002197
2596 3.6747822761535645
2597 3.381192922592163
2598 3.5650649070739746
2599 3.5361969470977783
2600 3.6247365474700928
2601 3.3114540576934814
2602 3.2273519039154053
2603 3.5164177417755127
2604 3.196561813354492
2605 3.2501511573791504
2606 3.546572208404541
2607 3.39663028717041
2608 3.5800118446350098
2609 4.068467617034912
2610 4.379875659942627
2611 4.15305757522583
2612 4.153225421905518
2613 3.8670265674591064
2614 3.8099124431610107
2615 3.6887571811676025
2616 3.4509379863739014
2617 3.45247483253479
2618 3.541425943374634
2619 3.524526596069336
2620 3.7954180240631104
2621 3.5972836017608643
2622 3.61810302734375
2623 3.5422511100769043
2624 3.3780288696289063
2625 3.254760980606079
2626 3.2854349613189697
2627 3.3338305950164795
2628 3.229557991027832
2629 3.2720680236816406
2630 3.225576877593994
2631 3.3258588314056396
2632 3.3056044578552246
2633 3.9065120220184326
2634 3.625988483428955
2635 3.5158419609069824
2636 3.7380292415618896
2637 3.608457326889038
2638 3.606431722640991
2639 3.8012869358062744
2640 3.574749708175659
2641 3.510070323944092
2642 3.5399887561798096
2643 3.5167410373687744
2644 3.7331948280334473
2645 4.082006454467773
2646 4.205174922943115
2647 4.25030517578125
2648 4.008656978607178
2649 3.7497472763061523
2650 3.906313419342041
2651 4.028736114501953
2652 3.6640872955322266
2653 3.800999879837036
2654 3.4194095134735107
2655 3.6867902278900146
2656 3.623741865158081
2657 3.2977511882781982
2658 3.5785257816314697
2659 3.5518791675567627
2660 3.4363043308258057
2661 3.233471393585205
2662 3.454463243484497
2663 3.8554439544677734
2664 3.8911125659942627
2665 3.653069019317627
2666 3.464709520339966
2667 3.8250813484191895
2668 3.459319591522217
2669 3.439142942428589
2670 3.7822680473327637
2671 3.6840856075286865
2672 3.3938891887664795
2673 3.3302972316741943
2674 3.343658447265625
2675 3.1713099479675293
2676 3.100482225418091
2677 3.3283984661102295
2678 3.1117360591888428
2679 3.240096092224121
2680 3.2221341133117676
2681 2.9382054805755615
2682 2.890568494796753
2683 3.1286404132843018
2684 3.2068190574645996
2685 3.1163487434387207
2686 3.2589457035064697
2687 3.0027904510498047
2688 3.2057881355285645
2689 3.1354658603668213
2690 3.2218682765960693
2691 3.392632484436035
2692 3.4275901317596436
2693 3.4037082195281982
2694 3.2217464447021484
2695 3.101236581802368
2696 3.2238245010375977
2697 3.3443408012390137
2698 3.448338747024536
2699 3.370863676071167
2700 3.454037666320801
2701 3.3224985599517822
2702 3.362286329269409
2703 3.1275782585144043
2704 3.3433125019073486
2705 3.119008779525757
2706 3.389134645462036
2707 3.2936947345733643
2708 3.4264700412750244
2709 3.4762325286865234
2710 3.509657382965088
2711 3.347289800643921
2712 3.2649929523468018
2713 3.2004103660583496
2714 3.6197166442871094
2715 3.5385591983795166
2716 3.569821834564209
2717 3.878203868865967
2718 4.141447067260742
2719 3.6815505027770996
2720 4.02694034576416
2721 4.031067848205566
2722 4.089349746704102
2723 3.813255548477173
2724 3.886317491531372
2725 4.085451602935791
2726 4.249207019805908
2727 4.183579444885254
2728 3.8796894550323486
2729 3.8806004524230957
2730 3.989163398742676
2731 4.1918535232543945
2732 4.1093058586120605
2733 3.8301823139190674
2734 3.581354856491089
2735 3.635460615158081
2736 3.68485689163208
2737 3.910492181777954
2738 3.977949857711792
2739 4.047480583190918
2740 4.45851993560791
2741 4.424485683441162
2742 4.31303071975708
2743 4.236767768859863
2744 4.216501235961914
2745 4.121655464172363
2746 3.9482457637786865
2747 3.947791814804077
2748 3.935473680496216
2749 3.809896469116211
2750 3.4612174034118652
2751 3.770136594772339
2752 3.7378408908843994
2753 3.647860527038574
2754 3.7799386978149414
2755 3.566096305847168
2756 3.6906650066375732
2757 3.7258474826812744
2758 3.8598031997680664
2759 3.9525625705718994
2760 3.837293863296509
2761 4.018842697143555
2762 4.161747932434082
2763 3.865200996398926
2764 3.944808006286621
2765 3.8306186199188232
2766 3.849430799484253
2767 3.8846213817596436
2768 3.72857666015625
2769 3.652256965637207
2770 3.437345027923584
2771 3.6045312881469727
2772 3.580014944076538
2773 3.544816732406616
2774 3.611082077026367
2775 3.7176566123962402
2776 3.7377185821533203
2777 3.404744863510132
2778 3.4334003925323486
2779 3.7596919536590576
2780 3.709270715713501
2781 3.479931592941284
2782 3.5704185962677
2783 3.5514471530914307
2784 3.5083863735198975
2785 3.7824184894561768
2786 4.041505336761475
2787 4.168705463409424
2788 3.9277384281158447
2789 4.151037216186523
2790 3.840794086456299
2791 3.934344530105591
2792 3.863238573074341
2793 3.8618671894073486
2794 3.54640531539917
2795 3.6693265438079834
2796 3.980607748031616
2797 3.753337860107422
2798 3.2745378017425537
2799 3.463616371154785
2800 3.557602643966675
2801 3.5458409786224365
2802 3.1428887844085693
2803 3.2347729206085205
2804 3.1772303581237793
2805 3.181508779525757
2806 3.6111257076263428
2807 3.588759660720825
2808 3.8666012287139893
2809 3.9404754638671875
2810 4.143716812133789
2811 3.7790989875793457
2812 3.863771677017212
2813 3.6284866333007813
2814 3.4738590717315674
2815 3.4317257404327393
2816 3.8089675903320313
2817 3.6102700233459473
2818 3.651399850845337
2819 3.6382646560668945
2820 3.6456098556518555
2821 3.2836711406707764
2822 3.1506829261779785
2823 2.794524669647217
2824 2.7271902561187744
2825 2.862574815750122
2826 3.0704805850982666
2827 3.3012261390686035
2828 3.227783203125
2829 2.994154691696167
2830 2.771846055984497
2831 2.969393014907837
2832 3.0089547634124756
2833 3.1421680450439453
2834 3.3489837646484375
2835 3.4202592372894287
2836 3.4399192333221436
2837 3.4692859649658203
2838 3.6092777252197266
2839 3.5274665355682373
2840 3.232487916946411
2841 3.26461124420166
2842 2.95219349861145
2843 2.9620189666748047
2844 2.9202914237976074
2845 3.267850399017334
2846 3.3302597999572754
2847 3.221741199493408
2848 3.094515800476074
2849 3.082270622253418
2850 3.217149496078491
2851 3.419618606567383
2852 3.1880786418914795
2853 3.112175464630127
2854 2.8381943702697754
2855 2.92189621925354
2856 3.014777660369873
2857 3.0106546878814697
2858 3.0389082431793213
2859 3.2925007343292236
2860 3.0333168506622314
2861 3.1347148418426514
2862 2.9892754554748535
2863 3.3864104747772217
2864 3.4513967037200928
2865 3.0541744232177734
2866 3.01900053024292
2867 2.883277654647827
2868 3.245767593383789
2869 3.1235084533691406
2870 2.882201910018921
2871 3.016248941421509
2872 2.882319211959839
2873 2.8670237064361572
2874 3.079256534576416
2875 3.186549186706543
2876 3.06113862991333
2877 3.070103406906128
2878 3.100606679916382
2879 2.794038772583008
2880 2.8521690368652344
2881 2.806800603866577
2882 2.85770583152771
2883 2.7227423191070557
2884 2.9969749450683594
2885 2.907646656036377
2886 2.882951259613037
2887 3.0533905029296875
2888 3.0506389141082764
2889 2.9757158756256104
2890 3.043017625808716
2891 3.1812961101531982
2892 3.245018482208252
2893 3.0988070964813232
2894 3.05985951423645
2895 3.132904052734375
2896 3.4630074501037598
2897 3.576169967651367
2898 3.5801608562469482
2899 3.4757349491119385
2900 3.5063669681549072
2901 3.594813108444214
2902 3.305201292037964
2903 3.286207914352417
2904 3.2029411792755127
2905 3.6597375869750977
2906 3.4766480922698975
2907 3.682492256164551
2908 3.4670140743255615
2909 3.424400806427002
2910 3.3251590728759766
2911 3.5063915252685547
2912 3.6902778148651123
2913 3.4136364459991455
2914 3.586927652359009
2915 3.8620519638061523
2916 3.9478883743286133
2917 4.042222023010254
2918 3.9095280170440674
2919 4.001832962036133
2920 3.730456590652466
2921 3.404358386993408
2922 3.365962505340576
2923 3.00750994682312
2924 3.3128914833068848
2925 3.388087749481201
2926 3.1205289363861084
2927 2.670881509780884
2928 2.614237070083618
2929 2.366105794906616
2930 2.800750494003296
2931 2.5644378662109375
2932 2.5589213371276855
2933 2.6903650760650635
2934 2.8510210514068604
2935 2.721388816833496
2936 2.6270501613616943
2937 2.7325174808502197
2938 2.855214834213257
2939 2.8988986015319824
2940 2.680673122406006
2941 2.8102595806121826
2942 3.0779340267181396
2943 3.24625563621521
2944 3.12538480758667
2945 3.1994194984436035
2946 3.601090908050537
2947 3.7056429386138916
2948 3.924398183822632
2949 3.6069233417510986
2950 3.6147472858428955
2951 3.719660758972168
2952 3.6834664344787598
2953 3.203671932220459
2954 3.4823758602142334
2955 3.311638832092285
2956 3.0665831565856934
2957 3.185199499130249
2958 2.7211873531341553
2959 2.965700149536133
2960 2.953368663787842
2961 3.29278826713562
2962 3.151340961456299
2963 3.1436407566070557
2964 3.0239272117614746
2965 2.940624475479126
2966 2.723871946334839
2967 2.974247932434082
2968 3.054626703262329
2969 3.143653631210327
2970 3.3047475814819336
2971 3.2262446880340576
2972 3.31595778465271
2973 3.164921760559082
2974 2.8634111881256104
2975 3.001760482788086
2976 2.9333977699279785
2977 3.286789894104004
2978 3.0860776901245117
2979 3.008178472518921
2980 2.996875762939453
2981 3.0870792865753174
2982 3.0838394165039063
2983 3.2328860759735107
2984 3.118177890777588
2985 2.8845670223236084
2986 3.023179054260254
2987 3.2432548999786377
2988 3.5258615016937256
2989 3.1321866512298584
2990 3.3178179264068604
2991 3.2697908878326416
2992 3.289456844329834
2993 2.896526575088501
2994 2.897765636444092
2995 2.967636823654175
2996 3.186169147491455
2997 2.9333198070526123
2998 3.054105520248413
2999 2.910792827606201
3000 2.9998245239257813
3001 2.6614818572998047
3002 2.675083637237549
3003 2.7038543224334717
3004 2.604884386062622
3005 2.7140986919403076
3006 2.8023903369903564
3007 3.1193439960479736
3008 2.786456346511841
3009 2.7641963958740234
3010 2.7974979877471924
3011 2.5908544063568115
3012 2.482935905456543
3013 2.4159481525421143
3014 2.3233118057250977
3015 2.4762237071990967
3016 2.6075286865234375
3017 2.6581764221191406
3018 2.607250452041626
3019 2.6655027866363525
3020 2.623188018798828
3021 2.72772479057312
3022 2.462773561477661
3023 2.5169622898101807
3024 2.7507920265197754
3025 2.5518970489501953
3026 2.809021234512329
3027 2.456143379211426
3028 2.6200413703918457
3029 2.4807817935943604
3030 2.5595202445983887
3031 2.6502652168273926
3032 2.780566930770874
3033 2.9020745754241943
3034 2.8688759803771973
3035 2.914207696914673
3036 2.8847007751464844
3037 2.601508617401123
3038 2.670038938522339
3039 2.501286506652832
3040 2.496321201324463
3041 2.9860830307006836
3042 3.349752902984619
3043 3.3900773525238037
3044 3.840534210205078
3045 3.5396065711975098
3046 3.4574015140533447
3047 3.8025641441345215
3048 3.580497980117798
3049 3.5259273052215576
3050 3.4341037273406982
3051 3.3205385208129883
3052 3.082473039627075
3053 3.0276196002960205
3054 3.0266506671905518
3055 3.1412341594696045
3056 3.0314993858337402
3057 2.7702443599700928
3058 2.7446041107177734
3059 2.8129396438598633
3060 2.774681568145752
3061 2.704383134841919
3062 2.7744369506835938
3063 2.889202117919922
3064 2.750930070877075
3065 2.7744383811950684
3066 2.916379928588867
3067 3.07448410987854
3068 2.886838436126709
3069 3.1927225589752197
3070 3.199929714202881
3071 2.9678666591644287
3072 3.0380194187164307
3073 3.2780444622039795
3074 3.1763689517974854
3075 2.923448085784912
3076 3.024878978729248
3077 2.9871745109558105
3078 2.820084571838379
3079 3.176774263381958
3080 3.242879629135132
3081 3.1855599880218506
3082 3.3389601707458496
3083 3.0564301013946533
3084 3.258366346359253
3085 3.1103527545928955
3086 2.9392051696777344
3087 3.0191800594329834
3088 3.0675413608551025
3089 3.0624423027038574
3090 2.9956204891204834
3091 3.055872917175293
3092 2.9502999782562256
3093 2.5267245769500732
3094 2.8931851387023926
3095 2.946899652481079
3096 2.8072996139526367
3097 3.129103422164917
3098 3.1043541431427
3099 2.8003790378570557
3100 3.029086112976074
3101 2.9819517135620117
3102 2.9761085510253906
3103 2.8687264919281006
3104 2.9141054153442383
3105 3.0128650665283203
3106 3.128977060317993
3107 3.12481427192688
3108 3.338487386703491
3109 3.2118356227874756
3110 2.965081214904785
3111 3.136030912399292
3112 3.1555519104003906
3113 3.2719027996063232
3114 3.346287965774536
3115 3.5326731204986572
3116 3.6268582344055176
3117 3.449225902557373
3118 3.553758144378662
3119 3.439377784729004
3120 3.18446946144104
3121 3.13397479057312
3122 3.0933146476745605
3123 3.3987741470336914
3124 3.2549045085906982
3125 3.1620922088623047
3126 3.147031307220459
3127 2.9854233264923096
3128 3.1885104179382324
3129 3.1703145503997803
3130 3.153860569000244
3131 3.332460641860962
3132 3.174575090408325
3133 2.9832763671875
3134 3.0192980766296387
3135 2.7245841026306152
3136 2.675767660140991
3137 2.6753032207489014
3138 2.729071617126465
3139 2.7607901096343994
3140 2.726356267929077
3141 2.838859796524048
3142 3.117504596710205
3143 2.9990689754486084
3144 3.0838446617126465
3145 3.111172914505005
3146 3.41723370552063
3147 3.346317768096924
3148 3.3357632160186768
3149 3.106794595718384
3150 3.482451915740967
3151 3.7891907691955566
3152 3.5741169452667236
3153 3.379138946533203
3154 3.8290350437164307
3155 4.078935623168945
3156 3.83092999458313
3157 3.9597902297973633
3158 3.887589693069458
3159 3.733262062072754
3160 3.5643410682678223
3161 3.4969778060913086
3162 3.5093700885772705
3163 3.415419340133667
3164 3.3622372150421143
3165 3.262484073638916
3166 3.1198384761810303
3167 3.3579676151275635
3168 3.161167621612549
3169 3.501835346221924
3170 3.142080783843994
3171 3.1918535232543945
3172 3.1647121906280518
3173 3.1228513717651367
3174 3.3465054035186768
3175 3.1598217487335205
3176 3.2085518836975098
3177 3.377279043197632
3178 3.369295835494995
3179 3.1993303298950195
3180 3.56571626663208
3181 3.4333112239837646
3182 3.3878259658813477
3183 3.4021670818328857
3184 3.615424633026123
3185 3.5994222164154053
3186 3.538252353668213
3187 3.337143659591675
3188 3.24269962310791
3189 3.2453885078430176
3190 3.2818877696990967
3191 3.270589590072632
3192 3.4869282245635986
3193 3.576735496520996
3194 4.039244651794434
3195 3.843292713165283
3196 4.145869255065918
3197 3.9704644680023193
3198 4.37270450592041
3199 4.194573402404785
3200 3.894770383834839
3201 3.493943214416504
3202 3.7319657802581787
3203 3.676478385925293
3204 3.7505619525909424
3205 3.5234076976776123
3206 3.4104104042053223
3207 3.2549164295196533
3208 3.410264015197754
3209 3.3968591690063477
3210 3.1742875576019287
3211 3.094377040863037
3212 3.0503666400909424
3213 3.146632671356201
3214 3.19637131690979
3215 3.1746461391448975
3216 3.263091802597046
3217 3.374079704284668
3218 3.4152212142944336
3219 3.6684367656707764
3220 3.4716923236846924
3221 3.221343755722046
3222 3.180518388748169
3223 3.296102523803711
3224 2.839531898498535
3225 2.713491916656494
3226 3.0279178619384766
3227 3.0893893241882324
3228 2.928635597229004
3229 3.0549023151397705
3230 3.154109001159668
3231 3.076690912246704
3232 2.9544715881347656
3233 3.256396770477295
3234 3.0503194332122803
3235 2.8450841903686523
3236 3.047866106033325
3237 3.0652709007263184
3238 2.9887304306030273
3239 3.3412156105041504
3240 3.4559273719787598
3241 3.4654860496520996
3242 3.33538556098938
3243 3.462848424911499
3244 3.1600914001464844
3245 2.8189165592193604
3246 2.8884267807006836
3247 2.905203342437744
3248 3.1844160556793213
3249 2.8451642990112305
3250 3.060661792755127
3251 3.0726213455200195
3252 2.8437445163726807
3253 2.4533426761627197
3254 2.488027572631836
3255 2.483471393585205
3256 2.618408679962158
3257 2.6022608280181885
3258 2.520815849304199
3259 2.43900203704834
3260 2.3529112339019775
3261 2.5114965438842773
3262 2.6475982666015625
3263 2.608821392059326
3264 2.4964046478271484
3265 2.76539945602417
3266 2.772084951400757
3267 2.805403709411621
3268 2.4368679523468018
3269 2.9467670917510986
3270 3.1049301624298096
3271 3.044293165206909
3272 2.9697282314300537
3273 2.652625799179077
3274 2.799055814743042
3275 2.999255657196045
3276 3.194974899291992
3277 3.3518433570861816
3278 3.1078929901123047
3279 2.8263185024261475
3280 3.1004717350006104
3281 3.2832465171813965
3282 3.556097984313965
3283 3.435089349746704
3284 3.506761074066162
3285 3.5228111743927
3286 3.6579113006591797
3287 3.514939546585083
3288 3.3282032012939453
3289 3.326519012451172
3290 3.3981804847717285
3291 3.5271623134613037
3292 3.267803192138672
3293 3.4521536827087402
3294 3.4083733558654785
3295 3.5044164657592773
3296 3.3502612113952637
3297 3.375457525253296
3298 3.075223684310913
3299 3.173990488052368
3300 3.3463022708892822
3301 3.410644769668579
3302 3.428632974624634
3303 3.4207754135131836
3304 3.4574644565582275
3305 3.591506004333496
3306 3.570723533630371
3307 3.216262102127075
3308 3.205331563949585
3309 3.4797425270080566
3310 3.2851507663726807
3311 3.5737931728363037
3312 3.5562050342559814
3313 3.37900447845459
3314 3.4012441635131836
3315 3.177377700805664
3316 3.0378034114837646
3317 3.2034733295440674
3318 3.376746892929077
3319 3.3247902393341064
3320 3.2349581718444824
3321 3.0903220176696777
3322 3.1600191593170166
3323 3.077867269515991
3324 3.0466761589050293
3325 2.9655539989471436
3326 3.1004316806793213
3327 3.034977674484253
3328 3.083847761154175
3329 2.710498332977295
3330 2.857922077178955
3331 2.8532485961914063
3332 3.0012407302856445
3333 3.0592687129974365
3334 3.1005918979644775
3335 3.4092533588409424
3336 3.346529722213745
3337 3.3603360652923584
3338 3.3462092876434326
3339 3.369595766067505
3340 3.3955533504486084
3341 3.1956429481506348
3342 3.09130859375
3343 2.807584762573242
3344 2.806753635406494
3345 2.9251060485839844
3346 2.7036564350128174
3347 2.5186352729797363
3348 2.571000337600708
3349 2.7128612995147705
3350 2.7537176609039307
3351 2.6288909912109375
3352 2.8901937007904053
3353 2.992957830429077
3354 3.0799126625061035
3355 3.1037697792053223
3356 3.0742852687835693
3357 3.304013729095459
3358 3.2894387245178223
3359 2.990873098373413
3360 3.030679225921631
3361 3.2859506607055664
3362 3.088327407836914
3363 3.016808032989502
3364 3.1388888359069824
3365 2.9442362785339355
3366 2.968953847885132
3367 3.0170631408691406
3368 2.8453969955444336
3369 2.9481966495513916
3370 2.9162538051605225
3371 2.7582528591156006
3372 2.7353460788726807
3373 2.769296407699585
3374 2.6975820064544678
3375 2.938047409057617
3376 2.7162885665893555
3377 2.7377524375915527
3378 2.7034573554992676
3379 2.938218593597412
3380 2.873734474182129
3381 2.6347496509552
3382 3.0983943939208984
3383 2.778388261795044
3384 3.012129783630371
3385 3.0245161056518555
3386 3.190779685974121
3387 3.1179773807525635
3388 3.001051902770996
3389 3.0239508152008057
3390 2.7904322147369385
3391 2.8331453800201416
3392 2.861884117126465
3393 2.762760639190674
3394 2.849050760269165
3395 3.00514817237854
3396 2.673595666885376
3397 2.9083547592163086
3398 3.081879138946533
3399 2.73531174659729
3400 2.6760284900665283
3401 2.5644538402557373
3402 2.5318410396575928
3403 2.335472345352173
3404 2.354365587234497
3405 2.6715846061706543
3406 2.443027973175049
3407 2.6559879779815674
3408 2.726207971572876
3409 2.881814479827881
3410 3.2369682788848877
3411 2.9178717136383057
3412 2.732776641845703
3413 2.8661770820617676
3414 2.7452428340911865
3415 2.981016159057617
3416 3.1824698448181152
3417 3.0818586349487305
3418 2.9219770431518555
3419 2.9021425247192383
3420 2.8488380908966064
3421 2.771148204803467
3422 2.9065332412719727
3423 3.188483238220215
3424 2.876664638519287
3425 3.0259649753570557
3426 2.836827278137207
3427 2.8131308555603027
3428 2.789850950241089
3429 2.535935640335083
3430 2.7491044998168945
3431 2.6273880004882813
3432 2.237854480743408
3433 2.3841207027435303
3434 2.303893566131592
3435 2.346445083618164
3436 2.4292755126953125
3437 2.1842498779296875
3438 2.341050624847412
3439 2.854780435562134
3440 2.8612148761749268
3441 2.928870439529419
3442 2.963165044784546
3443 2.7907700538635254
3444 2.7719483375549316
3445 2.7286536693573
3446 2.6291584968566895
3447 2.7470033168792725
3448 2.684805154800415
3449 2.6576335430145264
3450 2.7973783016204834
3451 2.6170966625213623
3452 2.5624289512634277
3453 2.4470255374908447
3454 2.5327768325805664
3455 2.5995571613311768
3456 2.535471200942993
3457 2.59490704536438
3458 2.6484456062316895
3459 2.5474953651428223
3460 2.542999029159546
3461 2.4759743213653564
3462 2.592026710510254
3463 2.677845001220703
3464 2.5091841220855713
3465 2.538151741027832
3466 2.713156223297119
3467 2.5323288440704346
3468 2.9230031967163086
3469 2.7884678840637207
3470 2.8490796089172363
3471 2.683263063430786
3472 2.688015937805176
3473 2.7920613288879395
3474 2.613981246948242
3475 2.6882548332214355
3476 2.493030548095703
3477 2.5977957248687744
3478 2.736635446548462
3479 2.7308156490325928
3480 2.5804693698883057
3481 2.817845582962036
3482 2.6613056659698486
3483 2.8089494705200195
3484 3.067328453063965
3485 3.0489983558654785
3486 2.9648096561431885
3487 2.9931013584136963
3488 2.886582374572754
3489 3.1201813220977783
3490 2.919172763824463
3491 3.1766016483306885
3492 2.728689432144165
3493 2.6948907375335693
3494 2.7346537113189697
3495 2.9224777221679688
3496 3.0661394596099854
3497 3.1639440059661865
3498 3.2102997303009033
3499 3.3551442623138428
3500 3.514427661895752
3501 3.544464349746704
3502 3.577411651611328
3503 3.5217034816741943
3504 3.4329001903533936
3505 3.5300722122192383
3506 3.4959096908569336
3507 3.4885354042053223
3508 3.5863373279571533
3509 3.5608787536621094
3510 3.3962209224700928
3511 3.3588929176330566
3512 3.609137535095215
3513 3.476294994354248
3514 3.39738392829895
3515 3.4688541889190674
3516 3.4948058128356934
3517 3.615593671798706
3518 3.7179269790649414
3519 3.5670299530029297
3520 3.7082393169403076
3521 3.9519762992858887
3522 3.8623602390289307
3523 4.068233013153076
3524 3.9093177318573
3525 3.796908140182495
3526 3.143486261367798
3527 3.4597973823547363
3528 3.5371179580688477
3529 3.308488368988037
3530 3.1332364082336426
3531 3.2505128383636475
3532 3.3470187187194824
3533 3.5959463119506836
3534 3.6524484157562256
3535 3.510293960571289
3536 3.3694915771484375
3537 3.598688840866089
3538 3.610107421875
3539 3.9155306816101074
3540 4.057468414306641
3541 4.0251288414001465
3542 4.02023983001709
3543 3.8941946029663086
3544 3.757829427719116
3545 3.3660659790039063
3546 3.443382978439331
3547 3.5664970874786377
3548 3.8012640476226807
3549 3.467092752456665
3550 3.687365770339966
3551 4.051528453826904
3552 4.119816303253174
3553 4.250675201416016
3554 4.4318156242370605
3555 4.389597415924072
3556 4.243133068084717
3557 3.9803884029388428
3558 3.908857583999634
3559 3.5860636234283447
3560 3.307576894760132
3561 3.3833115100860596
3562 3.4690887928009033
3563 3.4127674102783203
3564 3.294978618621826
3565 3.442371368408203
3566 3.3174996376037598
3567 3.377547264099121
3568 3.5178945064544678
3569 3.8152213096618652
3570 3.7771480083465576
3571 3.913719415664673
3572 3.7923567295074463
3573 3.9289493560791016
3574 3.542940378189087
3575 3.31597638130188
3576 3.16947603225708
3577 3.401453971862793
3578 3.405056953430176
3579 3.4435641765594482
3580 3.410377264022827
3581 3.283223867416382
3582 3.0248186588287354
3583 3.370297908782959
3584 3.1599650382995605
3585 3.150148630142212
3586 3.0846784114837646
3587 2.938525676727295
3588 2.6703009605407715
3589 2.9291059970855713
3590 3.0029780864715576
3591 2.9729228019714355
3592 2.938786506652832
3593 2.7919952869415283
3594 2.869380474090576
3595 2.964359760284424
3596 2.9455201625823975
3597 2.8893253803253174
3598 2.579373836517334
3599 2.6652841567993164
3600 2.8232474327087402
3601 3.025294780731201
3602 2.9510433673858643
3603 3.126255512237549
3604 2.9213449954986572
3605 2.8325722217559814
3606 2.7250678539276123
3607 2.901829719543457
3608 2.9645602703094482
3609 3.004892587661743
3610 3.24548602104187
3611 2.7703328132629395
3612 2.625715970993042
3613 2.8640682697296143
3614 3.0642566680908203
3615 3.039013624191284
3616 3.0780537128448486
3617 3.0460355281829834
3618 2.904308557510376
3619 3.0553929805755615
3620 2.9026200771331787
3621 3.0530905723571777
3622 3.0563580989837646
3623 2.917983055114746
3624 3.14923095703125
3625 3.3516972064971924
3626 3.273019790649414
3627 3.015592336654663
3628 3.0782687664031982
3629 3.1619865894317627
3630 3.087801456451416
3631 3.279991626739502
3632 2.9325757026672363
3633 2.80289888381958
3634 2.884446382522583
3635 2.6705474853515625
3636 2.9919021129608154
3637 2.807920455932617
3638 2.8167245388031006
3639 2.869180202484131
3640 2.8698949813842773
3641 3.260596990585327
3642 3.306453227996826
3643 3.3198447227478027
3644 3.554182767868042
3645 3.500739812850952
3646 3.7551028728485107
3647 3.366093158721924
3648 3.413731098175049
3649 3.3045947551727295
3650 3.4931864738464355
3651 3.4806666374206543
3652 3.729660749435425
3653 3.479609251022339
3654 3.512425661087036
3655 3.2462480068206787
3656 3.1701180934906006
3657 3.3289716243743896
3658 3.283423900604248
3659 3.2276451587677
3660 3.4627890586853027
3661 3.243349075317383
3662 3.26822566986084
3663 3.2146286964416504
3664 3.0281894207000732
3665 2.9966022968292236
3666 2.8939855098724365
3667 2.8782570362091064
3668 3.1070220470428467
3669 2.9653637409210205
3670 3.2071027755737305
3671 3.146998882293701
3672 3.3804924488067627
3673 3.6282265186309814
3674 4.043592929840088
3675 4.134190082550049
3676 4.246595859527588
3677 3.824340581893921
3678 4.02895450592041
3679 4.440497875213623
3680 4.344116687774658
3681 4.422622203826904
3682 4.096168518066406
3683 4.157446384429932
3684 4.1232476234436035
3685 3.847761631011963
3686 3.8546838760375977
3687 3.754605770111084
3688 4.021877765655518
3689 4.050015449523926
3690 4.269314289093018
3691 4.2122721672058105
3692 4.341716289520264
3693 4.356321811676025
3694 4.096853256225586
3695 3.9592790603637695
3696 3.88059663772583
3697 3.796187162399292
3698 3.737230062484741
3699 3.5964720249176025
3700 3.702634572982788
3701 3.715383529663086
3702 3.7399909496307373
3703 3.236562728881836
3704 3.72501540184021
3705 3.638024091720581
3706 3.742058753967285
3707 4.091359615325928
3708 3.664506435394287
3709 3.878112316131592
3710 3.6885008811950684
3711 3.925732374191284
3712 3.6106603145599365
3713 3.5538392066955566
3714 3.515777349472046
3715 3.607273817062378
3716 3.7282721996307373
3717 3.6038906574249268
3718 3.648923635482788
3719 3.5754411220550537
3720 3.6895411014556885
3721 3.6739842891693115
3722 3.385918617248535
3723 3.1645076274871826
3724 3.2514729499816895
3725 3.400496006011963
3726 3.194071054458618
3727 3.2213058471679688
3728 3.2135884761810303
3729 3.4324896335601807
3730 3.5060548782348633
3731 3.914862871170044
3732 3.7014901638031006
3733 3.3386526107788086
3734 3.494818925857544
3735 3.272207736968994
3736 3.7218949794769287
3737 3.404998302459717
3738 3.2881267070770264
3739 3.1265692710876465
3740 2.6779520511627197
3741 3.0954904556274414
3742 2.915412187576294
3743 2.9891977310180664
3744 3.2910780906677246
3745 3.0727076530456543
3746 3.386625051498413
3747 3.2546334266662598
3748 3.273116111755371
3749 3.3166959285736084
3750 3.3337602615356445
3751 3.388173818588257
3752 3.59767484664917
3753 3.5257833003997803
3754 3.41131329536438
3755 3.22398042678833
3756 3.299516201019287
3757 3.3165009021759033
3758 3.7214791774749756
3759 3.6523077487945557
3760 3.2845542430877686
3761 3.5732815265655518
3762 3.6219422817230225
3763 3.5382418632507324
3764 3.709826707839966
3765 3.9070518016815186
3766 3.7520816326141357
3767 3.827099323272705
3768 3.27835750579834
3769 3.1409752368927
3770 3.430025577545166
3771 3.095332145690918
3772 3.1030526161193848
3773 3.266603946685791
3774 3.2023627758026123
3775 3.026453733444214
3776 3.1767771244049072
3777 3.081653356552124
3778 3.3186655044555664
3779 3.4698750972747803
3780 3.39157772064209
3781 3.4520463943481445
3782 3.6535794734954834
3783 3.986030340194702
3784 3.505711317062378
3785 3.3291282653808594
3786 3.7090628147125244
3787 3.9076874256134033
3788 3.7360146045684814
3789 3.810960531234741
3790 3.5704245567321777
3791 3.5700106620788574
3792 3.50624680519104
3793 3.4167561531066895
3794 3.1193385124206543
3795 3.327263116836548
3796 3.555957794189453
3797 3.583280086517334
3798 3.6891252994537354
3799 3.6982345581054688
3800 3.761685371398926
3801 3.8989784717559814
3802 3.825383186340332
3803 4.241445064544678
3804 4.05240535736084
3805 3.9408175945281982
3806 3.9741225242614746
3807 3.8935563564300537
3808 4.268188953399658
3809 3.9098682403564453
3810 3.450084924697876
3811 3.5478878021240234
3812 3.5400726795196533
3813 3.673090934753418
3814 3.498600482940674
3815 3.659359931945801
3816 3.5408334732055664
3817 3.4375157356262207
3818 3.4445605278015137
3819 3.226077079772949
3820 3.4622883796691895
3821 3.462515115737915
3822 3.286043882369995
3823 3.20574951171875
3824 3.149505853652954
3825 3.3448305130004883
3826 3.179288387298584
3827 3.2623019218444824
3828 3.1591551303863525
3829 3.2273504734039307
3830 3.320175886154175
3831 3.3715009689331055
3832 3.744032144546509
3833 3.653826951980591
3834 3.555058240890503
3835 3.7320964336395264
3836 3.7732491493225098
3837 3.83713698387146
3838 3.7877206802368164
3839 3.920773506164551
3840 3.819596767425537
3841 3.8148767948150635
3842 3.771692991256714
3843 3.5680017471313477
3844 3.3964741230010986
3845 3.9051482677459717
3846 3.9000637531280518
3847 3.970290184020996
3848 3.7195515632629395
3849 3.7259464263916016
3850 3.697798728942871
3851 3.752147912979126
3852 3.533562183380127
3853 3.693364381790161
3854 3.4768290519714355
3855 3.6946260929107666
3856 3.8379502296447754
3857 3.718790054321289
3858 4.126123905181885
3859 4.1905951499938965
3860 4.274227619171143
3861 4.399368762969971
3862 4.595837593078613
3863 4.89447021484375
3864 4.840555667877197
3865 4.6784138679504395
3866 4.5653910636901855
3867 4.420407295227051
3868 4.395443439483643
3869 4.465091228485107
3870 4.391483306884766
3871 3.9373059272766113
3872 4.305469036102295
3873 4.59956693649292
3874 4.459308624267578
3875 4.228501796722412
3876 4.049527168273926
3877 3.9809324741363525
3878 3.8224425315856934
3879 3.9536449909210205
3880 3.9400634765625
3881 3.8264548778533936
3882 3.858724594116211
3883 3.884627103805542
3884 3.6644933223724365
3885 3.713611125946045
3886 3.5396289825439453
3887 3.6208972930908203
3888 3.6163456439971924
3889 3.6164188385009766
3890 3.5859484672546387
3891 3.736659049987793
3892 3.507662296295166
3893 3.5716845989227295
3894 3.6446573734283447
3895 3.62703013420105
3896 3.6970298290252686
3897 3.866231918334961
3898 4.0078535079956055
3899 3.7784080505371094
3900 3.7499399185180664
3901 3.8331785202026367
3902 3.659888505935669
3903 3.7026336193084717
3904 3.610635757446289
3905 3.384503126144409
3906 3.166551351547241
3907 3.0569467544555664
3908 3.2971255779266357
3909 3.4486751556396484
3910 3.061316967010498
3911 3.553377151489258
3912 3.448521137237549
3913 3.6006364822387695
3914 3.7323660850524902
3915 3.5554702281951904
3916 3.774487018585205
3917 3.7890548706054688
3918 3.692328691482544
3919 3.62398099899292
3920 3.772226095199585
3921 3.9041154384613037
3922 3.7752318382263184
3923 4.043576240539551
3924 4.181797027587891
3925 4.3430914878845215
3926 4.280133247375488
3927 4.279641628265381
3928 4.226801872253418
3929 4.077678203582764
3930 4.171482086181641
3931 4.266010284423828
3932 4.512247085571289
3933 4.386600971221924
3934 4.332489013671875
3935 4.556966781616211
3936 4.483860969543457
3937 4.5476202964782715
3938 4.610684871673584
3939 4.608706474304199
3940 4.887637615203857
3941 5.014533996582031
3942 4.728945255279541
3943 4.8718719482421875
3944 4.750177383422852
3945 5.119237422943115
3946 4.872143268585205
3947 5.211467742919922
3948 5.212151527404785
3949 4.736177444458008
3950 4.575412750244141
3951 4.535068035125732
3952 4.498563766479492
3953 4.686975479125977
3954 4.385676860809326
3955 4.226016044616699
3956 3.9518511295318604
3957 4.0193891525268555
3958 4.1691484451293945
3959 3.5391085147857666
3960 4.057193279266357
3961 3.9040746688842773
3962 4.133678436279297
3963 3.7374093532562256
3964 4.016449928283691
3965 4.0182204246521
3966 3.838271379470825
3967 3.658590793609619
3968 3.9299957752227783
3969 3.843116521835327
3970 3.89259934425354
3971 3.5563642978668213
3972 3.5453765392303467
3973 3.67106556892395
3974 3.570521831512451
3975 3.683907985687256
3976 3.8699700832366943
3977 3.9116437435150146
3978 3.7852604389190674
3979 3.76224422454834
3980 3.7292733192443848
3981 3.8108248710632324
3982 3.8062987327575684
3983 3.5480799674987793
3984 3.9428679943084717
3985 3.6980695724487305
3986 3.7927322387695313
3987 3.6629016399383545
3988 3.6452994346618652
3989 3.6237480640411377
3990 3.7453622817993164
3991 3.5691769123077393
3992 4.047560214996338
3993 3.841148614883423
3994 3.659108877182007
3995 3.809885263442993
3996 4.2275919914245605
3997 4.110527992248535
3998 4.141115665435791
3999 4.162723064422607
