# Frame Protein_DNA_total_backbone_RMSD_Angstrom
0 0.0
1 1.0835745334625244
2 1.2498098611831665
3 1.5004545450210571
4 1.5530173778533936
5 1.2677263021469116
6 1.5903501510620117
7 1.5743966102600098
8 1.6916687488555908
9 1.6477265357971191
10 2.0161733627319336
11 1.88805091381073
12 1.8060044050216675
13 1.975207805633545
14 2.1323485374450684
15 1.8987257480621338
16 1.944257140159607
17 1.7650519609451294
18 1.7227641344070435
19 1.6849032640457153
20 1.6590389013290405
21 1.7011222839355469
22 1.8818491697311401
23 2.4005181789398193
24 2.1352903842926025
25 1.9589598178863525
26 1.9231327772140503
27 2.6503183841705322
28 2.628572940826416
29 2.758033514022827
30 2.204502582550049
31 1.9197152853012085
32 2.073809862136841
33 1.9939286708831787
34 1.6983988285064697
35 1.9008424282073975
36 2.131049156188965
37 2.0620739459991455
38 2.119941473007202
39 2.254110097885132
40 2.1047425270080566
41 2.543181896209717
42 2.0421581268310547
43 2.3059046268463135
44 2.179436445236206
45 2.2216806411743164
46 2.3007261753082275
47 2.1480867862701416
48 1.99873685836792
49 2.238842010498047
50 2.0187909603118896
51 2.216982364654541
52 2.2763962745666504
53 2.680034637451172
54 3.2272748947143555
55 3.6135737895965576
56 3.2540016174316406
57 2.8665921688079834
58 2.69881272315979
59 3.025534152984619
60 2.897322416305542
61 2.8367526531219482
62 2.7868924140930176
63 2.728741407394409
64 2.559629440307617
65 2.860018014907837
66 3.131138801574707
67 3.0428414344787598
68 2.9467642307281494
69 3.044834852218628
70 2.742443799972534
71 2.5535171031951904
72 2.6692357063293457
73 2.623459815979004
74 2.6003050804138184
75 2.3840949535369873
76 2.3486528396606445
77 2.185798168182373
78 2.3162479400634766
79 2.3309836387634277
80 2.3280251026153564
81 2.5788323879241943
82 2.571894884109497
83 2.177090644836426
84 2.0170791149139404
85 2.4786250591278076
86 2.1305336952209473
87 2.1245381832122803
88 2.327848196029663
89 2.1893131732940674
90 2.236492872238159
91 2.1755757331848145
92 2.3681516647338867
93 2.1333463191986084
94 2.0690391063690186
95 2.0428898334503174
96 2.2369842529296875
97 2.407851219177246
98 2.578484058380127
99 2.502418041229248
100 2.4127559661865234
101 2.1419718265533447
102 1.6331658363342285
103 1.6367825269699097
104 1.7229492664337158
105 1.5820120573043823
106 1.6076656579971313
107 2.053223133087158
108 1.8494828939437866
109 1.9231759309768677
110 1.9523425102233887
111 1.9422409534454346
112 1.9086297750473022
113 1.8213330507278442
114 1.6955763101577759
115 1.855698823928833
116 1.9056780338287354
117 2.1910154819488525
118 2.2812047004699707
119 2.0793182849884033
120 2.0543410778045654
121 1.8976105451583862
122 1.8232474327087402
123 1.8062916994094849
124 1.7328065633773804
125 1.7922847270965576
126 1.7250159978866577
127 1.6454226970672607
128 1.6015928983688354
129 1.8671468496322632
130 1.6056362390518188
131 1.8239624500274658
132 1.797619104385376
133 2.0256056785583496
134 1.859326720237732
135 2.2021024227142334
136 2.2621631622314453
137 2.2247562408447266
138 2.10672664642334
139 2.136136770248413
140 2.129138469696045
141 2.2933297157287598
142 2.0874528884887695
143 1.7663980722427368
144 1.698179841041565
145 1.6281884908676147
146 1.6720759868621826
147 1.6465814113616943
148 1.8974676132202148
149 2.104626178741455
150 2.2759790420532227
151 2.1875483989715576
152 2.4278202056884766
153 2.507195234298706
154 2.4334254264831543
155 2.3982720375061035
156 2.4258644580841064
157 2.4893529415130615
158 2.674668788909912
159 2.821505308151245
160 2.594460964202881
161 2.445657730102539
162 2.294334888458252
163 2.1588077545166016
164 2.1320090293884277
165 2.326157569885254
166 1.941133975982666
167 1.9454925060272217
168 2.0742034912109375
169 1.898848056793213
170 1.6087247133255005
171 1.5079054832458496
172 1.694081425666809
173 1.850224494934082
174 1.9408230781555176
175 1.8745739459991455
176 1.830063819885254
177 1.9914441108703613
178 1.8473701477050781
179 1.6835191249847412
180 1.811091661453247
181 1.7417770624160767
182 2.3500816822052
183 2.3257620334625244
184 2.301126003265381
185 2.4315333366394043
186 2.582627058029175
187 2.116215467453003
188 1.7245875597000122
189 2.0235884189605713
190 1.7911252975463867
191 2.350801467895508
192 2.1466000080108643
193 2.0429584980010986
194 2.1999926567077637
195 2.0524697303771973
196 2.1599864959716797
197 2.304443359375
198 2.598728656768799
199 2.568162441253662
200 2.657862901687622
201 2.6785011291503906
202 2.8364131450653076
203 2.573329448699951
204 2.017609119415283
205 2.3796780109405518
206 2.2811594009399414
207 2.2546489238739014
208 2.571800947189331
209 2.5499796867370605
210 2.5592401027679443
211 2.57777738571167
212 2.5684852600097656
213 2.5388894081115723
214 2.1687045097351074
215 2.476425886154175
216 2.4169769287109375
217 2.5119717121124268
218 2.179044246673584
219 1.8032039403915405
220 2.065708875656128
221 1.9429244995117188
222 2.0213685035705566
223 1.73268723487854
224 1.5616235733032227
225 1.5164047479629517
226 1.547728180885315
227 1.4162745475769043
228 1.4545763731002808
229 1.7082799673080444
230 1.5529145002365112
231 1.756958246231079
232 2.0691990852355957
233 1.8283469676971436
234 1.7233667373657227
235 2.032081365585327
236 1.750760555267334
237 1.8440619707107544
238 1.8923920392990112
239 1.8055124282836914
240 1.613024353981018
241 1.6943433284759521
242 1.8730090856552124
243 1.8591549396514893
244 1.9924732446670532
245 2.112701892852783
246 2.1180193424224854
247 2.073253870010376
248 1.9942209720611572
249 1.9877814054489136
250 1.9726018905639648
251 2.2633755207061768
252 1.9985427856445313
253 2.3371434211730957
254 2.1719071865081787
255 2.1040215492248535
256 2.3208775520324707
257 2.096644401550293
258 2.0685222148895264
259 1.9322913885116577
260 2.1644914150238037
261 2.0339813232421875
262 2.3346965312957764
263 2.1102521419525146
264 2.298240900039673
265 2.104055404663086
266 1.8462893962860107
267 1.8599233627319336
268 1.5962128639221191
269 1.6030806303024292
270 1.8995593786239624
271 1.6622042655944824
272 1.6080478429794312
273 1.7215749025344849
274 1.534698486328125
275 1.560752511024475
276 1.6779741048812866
277 1.7679282426834106
278 1.5948784351348877
279 1.7777678966522217
280 1.7816498279571533
281 1.792362928390503
282 1.8669638633728027
283 1.843388319015503
284 1.8139830827713013
285 2.3099517822265625
286 1.944635272026062
287 1.7480368614196777
288 2.212334632873535
289 2.110081672668457
290 2.6431028842926025
291 2.2098066806793213
292 2.1611204147338867
293 2.0804460048675537
294 1.9835968017578125
295 1.9904061555862427
296 1.7563480138778687
297 1.7238562107086182
298 1.5029655694961548
299 1.4524943828582764
300 1.6880497932434082
301 1.4982941150665283
302 1.5297789573669434
303 1.7834142446517944
304 1.8150283098220825
305 1.7148371934890747
306 1.6473028659820557
307 2.0264313220977783
308 2.03497314453125
309 2.216864824295044
310 2.360311508178711
311 2.277017831802368
312 2.241000175476074
313 2.4700944423675537
314 2.5945682525634766
315 2.922759532928467
316 2.5850489139556885
317 2.6374104022979736
318 2.205592632293701
319 1.9915037155151367
320 2.0136444568634033
321 1.8953875303268433
322 1.9044970273971558
323 1.6548305749893188
324 1.902541995048523
325 1.9038585424423218
326 2.146965742111206
327 1.9404867887496948
328 1.7346346378326416
329 1.8328540325164795
330 2.075948476791382
331 2.0248959064483643
332 1.8863036632537842
333 1.9404665231704712
334 1.8829530477523804
335 1.9396262168884277
336 2.2043094635009766
337 2.34421968460083
338 2.0823447704315186
339 2.0236055850982666
340 2.1894774436950684
341 2.4304025173187256
342 2.5080020427703857
343 3.0911495685577393
344 2.689758777618408
345 2.8797712326049805
346 2.8401315212249756
347 2.786078929901123
348 3.2439966201782227
349 3.1778290271759033
350 3.209904909133911
351 3.28359317779541
352 2.8108136653900146
353 2.6918041706085205
354 2.976612091064453
355 3.2176883220672607
356 3.0223989486694336
357 2.7407331466674805
358 2.646239757537842
359 2.9793899059295654
360 3.124840021133423
361 2.865770101547241
362 2.5323634147644043
363 2.9553744792938232
364 2.9140844345092773
365 2.8135266304016113
366 2.481013298034668
367 2.279703378677368
368 2.4192051887512207
369 2.424105167388916
370 2.252668619155884
371 2.2384326457977295
372 2.267293930053711
373 2.2049238681793213
374 2.3430891036987305
375 2.1272642612457275
376 2.4877281188964844
377 2.295109987258911
378 2.884701728820801
379 2.7215981483459473
380 3.028494358062744
381 2.89436674118042
382 3.005636692047119
383 3.3949928283691406
384 3.975466012954712
385 4.064001083374023
386 3.7088472843170166
387 3.3903250694274902
388 3.4904632568359375
389 3.4721672534942627
390 3.2707831859588623
391 2.9589405059814453
392 2.9964070320129395
393 3.5687992572784424
394 3.8037662506103516
395 3.801332712173462
396 3.9186253547668457
397 3.6340229511260986
398 2.905266046524048
399 2.426884412765503
400 2.7655417919158936
401 2.7983198165893555
402 2.8595056533813477
403 2.5852272510528564
404 2.666077136993408
405 2.2835042476654053
406 2.7264416217803955
407 2.513207197189331
408 2.5239174365997314
409 2.4063448905944824
410 2.3549041748046875
411 2.5335981845855713
412 2.5078110694885254
413 2.608327627182007
414 2.7942605018615723
415 2.8031249046325684
416 2.9434404373168945
417 3.325990915298462
418 3.226985216140747
419 3.0998544692993164
420 3.788238048553467
421 3.9450652599334717
422 3.9765279293060303
423 3.871020793914795
424 3.6757214069366455
425 3.4576618671417236
426 3.6047303676605225
427 3.9910295009613037
428 4.025397777557373
429 3.995919942855835
430 4.266310214996338
431 4.1324920654296875
432 3.470315933227539
433 3.177847146987915
434 2.9842488765716553
435 3.0183682441711426
436 2.9411919116973877
437 3.2532122135162354
438 2.869631290435791
439 2.8598697185516357
440 2.9451513290405273
441 2.7829973697662354
442 2.5889477729797363
443 2.6371560096740723
444 2.6350133419036865
445 2.4185404777526855
446 2.6006033420562744
447 2.499976634979248
448 2.2915713787078857
449 2.4973738193511963
450 2.452420234680176
451 2.374110460281372
452 2.4956750869750977
453 2.3113458156585693
454 2.0792768001556396
455 2.191365957260132
456 2.4409544467926025
457 2.7148966789245605
458 2.3999156951904297
459 2.5732176303863525
460 2.9541666507720947
461 2.5827012062072754
462 2.2522647380828857
463 2.2283358573913574
464 2.427330493927002
465 2.083514928817749
466 2.3256518840789795
467 2.2151989936828613
468 2.1796486377716064
469 2.3404886722564697
470 2.3406872749328613
471 2.382970094680786
472 2.3674821853637695
473 2.569364070892334
474 2.3977420330047607
475 2.260669708251953
476 2.063664436340332
477 2.167145252227783
478 2.2701611518859863
479 2.3433048725128174
480 2.3090403079986572
481 2.2784743309020996
482 2.1786580085754395
483 2.2687439918518066
484 2.5398218631744385
485 2.6683156490325928
486 2.5066990852355957
487 2.802672863006592
488 2.905602216720581
489 2.535066843032837
490 2.8183765411376953
491 2.9203996658325195
492 2.7578084468841553
493 3.0163962841033936
494 2.7775449752807617
495 2.661911964416504
496 2.5137369632720947
497 2.5626275539398193
498 2.478001356124878
499 2.7458503246307373
500 2.837972640991211
501 2.835702657699585
502 2.685023546218872
503 2.654510021209717
504 2.440202236175537
505 2.4663381576538086
506 2.7758212089538574
507 2.612185478210449
508 3.011683225631714
509 3.0443930625915527
510 3.385521173477173
511 3.2996811866760254
512 3.0373594760894775
513 2.634181261062622
514 2.318922519683838
515 2.420405387878418
516 2.6229970455169678
517 2.3525068759918213
518 2.591682195663452
519 2.628960371017456
520 2.7592520713806152
521 2.5692896842956543
522 2.4652886390686035
523 2.4606783390045166
524 2.2757480144500732
525 2.41682505607605
526 2.3567700386047363
527 2.367496967315674
528 2.453178644180298
529 2.6607613563537598
530 2.6628942489624023
531 2.6686248779296875
532 2.7571234703063965
533 2.493807792663574
534 2.381329298019409
535 2.293264865875244
536 2.4575812816619873
537 2.19907546043396
538 1.8490638732910156
539 2.2094569206237793
540 2.141740083694458
541 2.055924415588379
542 2.010758638381958
543 1.890283226966858
544 1.7370609045028687
545 1.6394684314727783
546 1.671234130859375
547 1.979601263999939
548 1.9939781427383423
549 2.1314804553985596
550 2.2869203090667725
551 2.149731397628784
552 1.9677668809890747
553 1.7918280363082886
554 1.8753390312194824
555 2.2570834159851074
556 2.2564032077789307
557 2.435936450958252
558 2.3458588123321533
559 2.370182752609253
560 2.37180495262146
561 2.2677018642425537
562 2.4796013832092285
563 2.404104232788086
564 2.310772657394409
565 2.489778995513916
566 2.1803996562957764
567 2.608475685119629
568 2.3602638244628906
569 1.8590991497039795
570 2.0867393016815186
571 1.8332773447036743
572 2.1638922691345215
573 2.141585111618042
574 2.1055991649627686
575 2.4389820098876953
576 2.3600356578826904
577 2.314828395843506
578 2.1607296466827393
579 2.27374529838562
580 2.1758992671966553
581 1.8978890180587769
582 2.1011874675750732
583 1.891470193862915
584 1.91361403465271
585 2.1738476753234863
586 1.9595131874084473
587 2.4173455238342285
588 2.6326565742492676
589 2.457357406616211
590 2.2991809844970703
591 2.5817813873291016
592 2.3325490951538086
593 2.624800443649292
594 2.820359945297241
595 3.389728307723999
596 3.5470030307769775
597 3.1539318561553955
598 3.025009870529175
599 3.129838705062866
600 3.193643808364868
601 2.9533157348632813
602 3.153276205062866
603 2.679765224456787
604 2.825888156890869
605 2.6166980266571045
606 2.72390079498291
607 2.198042869567871
608 2.2714602947235107
609 2.3626480102539063
610 2.575643539428711
611 2.0436863899230957
612 1.810463309288025
613 1.8634809255599976
614 1.6642372608184814
615 1.8917509317398071
616 2.454282522201538
617 2.43373703956604
618 2.2590978145599365
619 2.3736472129821777
620 2.3884992599487305
621 2.5665619373321533
622 2.4349231719970703
623 2.5103392601013184
624 2.5423946380615234
625 2.3708879947662354
626 2.4672772884368896
627 2.4812309741973877
628 2.601451873779297
629 2.2317652702331543
630 2.5272903442382813
631 2.8413426876068115
632 2.8955256938934326
633 2.466722011566162
634 3.0317022800445557
635 2.609891176223755
636 2.9879097938537598
637 3.5893502235412598
638 3.957127571105957
639 4.385319709777832
640 4.062649726867676
641 3.8929851055145264
642 4.025704383850098
643 3.6304855346679688
644 3.849745988845825
645 3.927729606628418
646 3.766787052154541
647 3.311837911605835
648 3.2034378051757813
649 3.1362664699554443
650 3.1274497509002686
651 3.2132484912872314
652 3.246370553970337
653 3.160975217819214
654 2.7283482551574707
655 3.090599775314331
656 3.207277536392212
657 3.160220146179199
658 3.4925785064697266
659 3.169715404510498
660 3.300848960876465
661 3.625168800354004
662 3.4691662788391113
663 3.6300058364868164
664 3.4373350143432617
665 3.069880723953247
666 2.9263551235198975
667 2.738800525665283
668 2.5892043113708496
669 2.6261954307556152
670 2.4867870807647705
671 2.205989360809326
672 2.5682485103607178
673 2.284562110900879
674 2.32124924659729
675 2.749474048614502
676 2.9519479274749756
677 3.0655219554901123
678 3.2697160243988037
679 3.099592685699463
680 3.146724224090576
681 2.806159734725952
682 2.5448014736175537
683 2.4621477127075195
684 2.6758639812469482
685 3.072446823120117
686 3.405337333679199
687 2.9645230770111084
688 2.721029281616211
689 2.9406774044036865
690 3.0439016819000244
691 2.8857274055480957
692 3.0980148315429688
693 3.2183303833007813
694 3.336578607559204
695 3.279857635498047
696 3.4514787197113037
697 2.7372634410858154
698 3.0135977268218994
699 2.6722335815429688
700 3.062978982925415
701 2.8960344791412354
702 2.796269178390503
703 3.4095582962036133
704 2.8212966918945313
705 3.168144464492798
706 3.169947385787964
707 2.9784300327301025
708 3.2657687664031982
709 2.850893259048462
710 2.9832875728607178
711 2.749781847000122
712 2.2498857975006104
713 2.5698142051696777
714 3.040701389312744
715 2.8426101207733154
716 2.5969021320343018
717 2.9553518295288086
718 2.781641721725464
719 2.683321475982666
720 2.7057039737701416
721 2.680530548095703
722 2.5518815517425537
723 2.5022637844085693
724 2.975858211517334
725 2.6042299270629883
726 2.716111421585083
727 2.620246410369873
728 2.308532953262329
729 2.5201478004455566
730 2.6729037761688232
731 2.6799275875091553
732 2.2973763942718506
733 2.4807143211364746
734 2.1958048343658447
735 2.102844715118408
736 2.2968361377716064
737 2.0883371829986572
738 2.267786979675293
739 2.4371471405029297
740 2.5938425064086914
741 2.5815718173980713
742 2.525522470474243
743 2.730323314666748
744 2.7965056896209717
745 2.910789728164673
746 3.0922930240631104
747 3.37091064453125
748 3.2276968955993652
749 3.348322629928589
750 3.7778499126434326
751 3.600213050842285
752 2.9973104000091553
753 3.4227774143218994
754 3.657975435256958
755 3.3897666931152344
756 3.284109592437744
757 3.4377684593200684
758 3.7498533725738525
759 3.351439952850342
760 3.222534418106079
761 3.0244388580322266
762 3.0814995765686035
763 2.940185070037842
764 2.642341136932373
765 2.795060634613037
766 3.167989492416382
767 3.4207520484924316
768 3.316305160522461
769 3.360105037689209
770 3.148123264312744
771 3.2035794258117676
772 3.2313644886016846
773 3.1970407962799072
774 3.074918270111084
775 2.851428747177124
776 3.0173022747039795
777 3.4443531036376953
778 3.663830041885376
779 3.4983372688293457
780 3.22995662689209
781 3.4142494201660156
782 3.4983863830566406
783 3.352123737335205
784 3.0842084884643555
785 3.183410882949829
786 3.195190906524658
787 3.2731692790985107
788 3.196394205093384
789 2.977942705154419
790 2.9587936401367188
791 3.049107074737549
792 2.993061065673828
793 2.693497896194458
794 2.8138606548309326
795 2.6009178161621094
796 2.4570677280426025
797 2.763089656829834
798 2.420046806335449
799 2.3118577003479004
800 2.4783430099487305
801 2.5048530101776123
802 2.60894775390625
803 2.5710368156433105
804 2.9048869609832764
805 2.9920132160186768
806 3.252612352371216
807 3.2171154022216797
808 3.2502429485321045
809 3.0376055240631104
810 3.2025868892669678
811 2.9501891136169434
812 3.11240816116333
813 3.109395742416382
814 3.3190345764160156
815 3.3332743644714355
816 3.516972780227661
817 3.270899534225464
818 3.2752342224121094
819 3.465820789337158
820 3.315175771713257
821 3.314703941345215
822 3.153562545776367
823 3.174015522003174
824 2.842611074447632
825 2.8604300022125244
826 3.2148969173431396
827 3.1118996143341064
828 3.1903092861175537
829 2.6596622467041016
830 2.8976452350616455
831 3.2673697471618652
832 3.497021436691284
833 3.202932834625244
834 3.5016613006591797
835 3.4192452430725098
836 3.343045949935913
837 2.8251967430114746
838 2.6461358070373535
839 2.844684362411499
840 2.671719551086426
841 2.703670024871826
842 2.941908121109009
843 2.6090333461761475
844 2.816155195236206
845 2.9010534286499023
846 2.8893346786499023
847 2.7400474548339844
848 3.286862373352051
849 3.1192266941070557
850 3.218292474746704
851 2.940937042236328
852 2.700598955154419
853 2.9399192333221436
854 2.742277145385742
855 2.8963587284088135
856 2.70159912109375
857 3.1061325073242188
858 2.7343873977661133
859 2.6419425010681152
860 3.156553268432617
861 3.1155483722686768
862 2.904458522796631
863 2.753833055496216
864 3.231621026992798
865 3.6964263916015625
866 3.678826093673706
867 3.4078617095947266
868 3.6940014362335205
869 3.3195858001708984
870 3.031442642211914
871 3.212021589279175
872 3.05879807472229
873 2.933983325958252
874 2.5952341556549072
875 2.4649815559387207
876 2.4048118591308594
877 2.743199348449707
878 2.7565503120422363
879 2.5354700088500977
880 2.4053127765655518
881 2.3929789066314697
882 2.185098648071289
883 2.1030993461608887
884 1.945824384689331
885 2.565178155899048
886 2.726933240890503
887 2.5979106426239014
888 2.6474385261535645
889 2.855314016342163
890 2.781345844268799
891 2.770512104034424
892 3.1654152870178223
893 2.673046350479126
894 2.531287908554077
895 2.312619924545288
896 1.977052092552185
897 2.3386728763580322
898 2.520474672317505
899 2.3641436100006104
900 2.5566635131835938
901 2.4613959789276123
902 2.524855375289917
903 2.425366163253784
904 2.2483444213867188
905 2.40285062789917
906 2.5328731536865234
907 2.478970527648926
908 2.431497097015381
909 2.4928879737854004
910 2.713155508041382
911 2.8587000370025635
912 2.844209909439087
913 2.7349376678466797
914 2.4828009605407715
915 2.151343584060669
916 2.1273396015167236
917 2.055239200592041
918 1.9641175270080566
919 2.138193368911743
920 1.9316426515579224
921 1.968213677406311
922 1.8252923488616943
923 1.9122759103775024
924 1.9126579761505127
925 2.1784985065460205
926 2.0006048679351807
927 2.25107741355896
928 2.305422306060791
929 2.560360908508301
930 2.4997990131378174
931 2.602609872817993
932 2.402702808380127
933 2.813709020614624
934 2.9797325134277344
935 2.7959673404693604
936 2.701066732406616
937 2.4790682792663574
938 2.718716859817505
939 2.819687604904175
940 3.196908473968506
941 2.9649689197540283
942 2.7370643615722656
943 2.5646932125091553
944 2.6417441368103027
945 2.5678484439849854
946 2.8034679889678955
947 2.260204792022705
948 2.270439624786377
949 2.174814224243164
950 2.1219520568847656
951 2.3863704204559326
952 2.7691519260406494
953 2.736487865447998
954 2.9394774436950684
955 2.412477970123291
956 2.240490198135376
957 2.4179139137268066
958 2.2935678958892822
959 2.3525590896606445
960 2.277921438217163
961 2.4724133014678955
962 2.728679895401001
963 2.540703296661377
964 2.411491870880127
965 2.450101613998413
966 2.4982948303222656
967 2.525928497314453
968 2.352079391479492
969 2.3648643493652344
970 2.7737226486206055
971 2.687727212905884
972 3.137401580810547
973 2.959118366241455
974 3.3099708557128906
975 3.2365527153015137
976 3.3868019580841064
977 3.149977445602417
978 2.598072052001953
979 2.612492084503174
980 2.191884994506836
981 2.3259739875793457
982 2.216386318206787
983 1.9432467222213745
984 2.0896365642547607
985 2.0974509716033936
986 1.766943097114563
987 1.9137866497039795
988 1.8727580308914185
989 1.9282989501953125
990 1.7969082593917847
991 1.7202814817428589
992 1.965056300163269
993 2.0039350986480713
994 2.1473782062530518
995 2.6097571849823
996 2.5639853477478027
997 2.439549207687378
998 2.586623430252075
999 2.535490036010742
1000 2.3946022987365723
1001 2.5167839527130127
1002 2.494938373565674
1003 2.502659797668457
1004 2.7209925651550293
1005 2.847649335861206
1006 2.9161531925201416
1007 2.745473623275757
1008 2.3689472675323486
1009 2.376375913619995
1010 2.6144649982452393
1011 2.582118272781372
1012 2.6433703899383545
1013 2.4076361656188965
1014 2.09403133392334
1015 2.2849326133728027
1016 2.5985708236694336
1017 2.422926902770996
1018 2.542144298553467
1019 2.4539716243743896
1020 2.3007240295410156
1021 2.6663689613342285
1022 2.8121345043182373
1023 2.2391417026519775
1024 2.683124303817749
1025 2.7866246700286865
1026 3.0883991718292236
1027 3.396289587020874
1028 2.8243026733398438
1029 3.3302290439605713
1030 3.5297558307647705
1031 3.8326590061187744
1032 3.7167909145355225
1033 4.007187366485596
1034 3.8790512084960938
1035 3.932706356048584
1036 3.7564234733581543
1037 3.755563259124756
1038 4.298943042755127
1039 4.38742208480835
1040 4.567959785461426
1041 4.054806709289551
1042 3.8931453227996826
1043 4.175610542297363
1044 3.936894655227661
1045 4.37553596496582
1046 3.6703476905822754
1047 3.8199212551116943
1048 3.8243024349212646
1049 3.3642773628234863
1050 3.602600574493408
1051 3.7079579830169678
1052 3.3627021312713623
1053 3.636667251586914
1054 3.7603328227996826
1055 3.673161506652832
1056 3.9062576293945313
1057 4.259265422821045
1058 4.218299865722656
1059 3.931731700897217
1060 3.7784485816955566
1061 4.029529094696045
1062 4.039680480957031
1063 4.262192249298096
1064 4.1064372062683105
1065 4.258546829223633
1066 4.1658759117126465
1067 4.157418251037598
1068 4.4789299964904785
1069 4.36280632019043
1070 4.482006072998047
1071 4.645929336547852
1072 4.330610752105713
1073 4.159164905548096
1074 4.068657398223877
1075 4.110503673553467
1076 3.661226987838745
1077 3.4895741939544678
1078 3.174393892288208
1079 3.125688076019287
1080 3.075899600982666
1081 3.1508853435516357
1082 3.3597114086151123
1083 3.319349527359009
1084 3.570791006088257
1085 3.1673696041107178
1086 2.963639259338379
1087 2.805370807647705
1088 2.784641981124878
1089 2.885052442550659
1090 3.355994701385498
1091 3.6327900886535645
1092 3.3025195598602295
1093 3.478705883026123
1094 3.5545175075531006
1095 4.326639175415039
1096 4.0093231201171875
1097 3.686296224594116
1098 3.7061269283294678
1099 3.6470766067504883
1100 3.807286500930786
1101 3.646636486053467
1102 3.780467987060547
1103 3.735826253890991
1104 4.005680084228516
1105 3.9153010845184326
1106 3.8628487586975098
1107 3.6652653217315674
1108 2.939114570617676
1109 2.72758412361145
1110 2.2092840671539307
1111 2.8414268493652344
1112 3.0595831871032715
1113 3.1292788982391357
1114 3.1402387619018555
1115 3.237431287765503
1116 3.3318235874176025
1117 2.8147313594818115
1118 2.795311450958252
1119 3.035712242126465
1120 2.866119146347046
1121 3.009093761444092
1122 2.488703966140747
1123 2.5768587589263916
1124 2.7164173126220703
1125 3.1485581398010254
1126 3.3395748138427734
1127 3.5345003604888916
1128 3.5044119358062744
1129 3.4565696716308594
1130 3.6382386684417725
1131 4.162113666534424
1132 3.7428760528564453
1133 3.4285218715667725
1134 3.5496881008148193
1135 3.5213375091552734
1136 3.5625808238983154
1137 3.536078691482544
1138 3.7944908142089844
1139 3.9892585277557373
1140 4.043855667114258
1141 3.899388074874878
1142 3.9606704711914063
1143 3.774670362472534
1144 3.0199902057647705
1145 2.9251298904418945
1146 3.1024508476257324
1147 2.968268632888794
1148 2.677316904067993
1149 2.5443239212036133
1150 2.629603862762451
1151 2.87007474899292
1152 2.9280757904052734
1153 2.720529794692993
1154 2.59065842628479
1155 2.946046829223633
1156 2.842775344848633
1157 2.584883689880371
1158 2.8511178493499756
1159 2.482682943344116
1160 2.5826973915100098
1161 2.818784713745117
1162 3.1115381717681885
1163 3.2289061546325684
1164 3.0050008296966553
1165 3.0100512504577637
1166 3.0551791191101074
1167 3.3445191383361816
1168 3.233487844467163
1169 3.1552655696868896
1170 3.4926857948303223
1171 3.253265142440796
1172 3.4206478595733643
1173 3.2008392810821533
1174 3.2261970043182373
1175 3.1631221771240234
1176 2.602328062057495
1177 2.7023544311523438
1178 2.685152053833008
1179 2.900770902633667
1180 3.3161396980285645
1181 3.1729166507720947
1182 3.3810975551605225
1183 3.092965602874756
1184 3.389979124069214
1185 3.1067376136779785
1186 3.1087942123413086
1187 2.89683198928833
1188 2.8464467525482178
1189 3.117234230041504
1190 3.030832529067993
1191 2.9245243072509766
1192 2.7216124534606934
1193 2.82830548286438
1194 2.494257926940918
1195 2.497533082962036
1196 2.5736641883850098
1197 3.5420987606048584
1198 3.202972173690796
1199 2.8114073276519775
1200 3.306334972381592
1201 2.8886525630950928
1202 2.8102500438690186
1203 2.5824155807495117
1204 2.698082208633423
1205 2.517108678817749
1206 3.100625514984131
1207 2.6424388885498047
1208 2.4768941402435303
1209 2.7709901332855225
1210 2.8065054416656494
1211 2.824761152267456
1212 2.640887498855591
1213 2.4851832389831543
1214 2.7882580757141113
1215 2.4689078330993652
1216 2.543670415878296
1217 2.689066171646118
1218 2.5050957202911377
1219 2.7586567401885986
1220 2.9631242752075195
1221 2.6512928009033203
1222 2.860682964324951
1223 3.025932550430298
1224 3.0775418281555176
1225 3.2697861194610596
1226 2.8169713020324707
1227 2.7077343463897705
1228 2.8879454135894775
1229 2.6644511222839355
1230 2.854004144668579
1231 2.769042730331421
1232 2.9768009185791016
1233 2.9722402095794678
1234 2.812265396118164
1235 3.4112117290496826
1236 3.7102749347686768
1237 3.78790020942688
1238 3.678483486175537
1239 3.4402310848236084
1240 3.6454765796661377
1241 3.379999876022339
1242 3.1112723350524902
1243 3.066688299179077
1244 3.2684059143066406
1245 3.229278326034546
1246 3.199530601501465
1247 2.9399125576019287
1248 3.4219233989715576
1249 3.208806037902832
1250 3.297797203063965
1251 3.4865803718566895
1252 3.748997926712036
1253 3.493325710296631
1254 3.5702531337738037
1255 3.4444432258605957
1256 3.1425178050994873
1257 3.22110915184021
1258 2.921071767807007
1259 3.103034496307373
1260 2.956064224243164
1261 2.8874709606170654
1262 3.344740152359009
1263 3.613243579864502
1264 3.976691722869873
1265 4.073423385620117
1266 4.150967597961426
1267 4.215335845947266
1268 4.050034523010254
1269 3.641918659210205
1270 3.50256609916687
1271 3.9881997108459473
1272 3.595719337463379
1273 3.9025821685791016
1274 3.9781477451324463
1275 3.3668994903564453
1276 3.2242789268493652
1277 3.4104506969451904
1278 3.8944976329803467
1279 3.600520133972168
1280 3.494616746902466
1281 3.6085424423217773
1282 3.631984233856201
1283 3.5326240062713623
1284 4.056825637817383
1285 3.9006264209747314
1286 4.200820446014404
1287 4.295139312744141
1288 4.608031272888184
1289 4.711792945861816
1290 4.7170844078063965
1291 4.509698390960693
1292 4.547609329223633
1293 4.589592933654785
1294 4.418701171875
1295 4.539514064788818
1296 4.103679180145264
1297 4.074966907501221
1298 4.242578506469727
1299 4.2674713134765625
1300 4.732144355773926
1301 4.865610122680664
1302 4.693505764007568
1303 4.507737159729004
1304 4.566764831542969
1305 4.182765007019043
1306 3.988830804824829
1307 4.165773391723633
1308 3.9139535427093506
1309 3.603931427001953
1310 3.8352503776550293
1311 3.2871413230895996
1312 3.48325514793396
1313 3.516117811203003
1314 3.3678297996520996
1315 3.6311278343200684
1316 3.2826809883117676
1317 3.4351327419281006
1318 3.678091526031494
1319 3.6892993450164795
1320 3.627058982849121
1321 3.483323574066162
1322 3.4814586639404297
1323 3.288259267807007
1324 3.377346992492676
1325 3.1769139766693115
1326 3.3202695846557617
1327 2.9368057250976563
1328 2.576291084289551
1329 2.779785633087158
1330 2.9333274364471436
1331 2.8752591609954834
1332 2.8535656929016113
1333 3.1188058853149414
1334 3.0437374114990234
1335 2.8985536098480225
1336 3.112046003341675
1337 3.1485278606414795
1338 3.1453793048858643
1339 2.9432928562164307
1340 3.0946266651153564
1341 3.0511415004730225
1342 3.246004343032837
1343 2.7745959758758545
1344 2.783578872680664
1345 2.794172763824463
1346 3.057406425476074
1347 3.004838228225708
1348 2.9867396354675293
1349 3.054274559020996
1350 3.138314723968506
1351 3.344989538192749
1352 3.3690502643585205
1353 3.333097219467163
1354 3.2022528648376465
1355 3.2084946632385254
1356 3.2032880783081055
1357 3.2618112564086914
1358 3.60213303565979
1359 3.2864277362823486
1360 3.0024452209472656
1361 3.0057475566864014
1362 2.8667197227478027
1363 2.6197421550750732
1364 2.6669840812683105
1365 2.497814178466797
1366 2.6318185329437256
1367 2.4145243167877197
1368 2.4936022758483887
1369 2.5254275798797607
1370 2.577899694442749
1371 2.58459734916687
1372 2.5192577838897705
1373 2.378988027572632
1374 2.7045059204101563
1375 2.5552852153778076
1376 2.6468050479888916
1377 2.575146198272705
1378 2.3736448287963867
1379 2.4304847717285156
1380 2.0314197540283203
1381 2.212646961212158
1382 2.4552462100982666
1383 2.8007724285125732
1384 3.0208990573883057
1385 2.8888351917266846
1386 2.897145986557007
1387 2.7219040393829346
1388 3.2606122493743896
1389 3.1028401851654053
1390 3.601304531097412
1391 3.481377363204956
1392 3.1166539192199707
1393 3.2252705097198486
1394 3.026796817779541
1395 3.2752480506896973
1396 3.378437042236328
1397 3.0721211433410645
1398 2.6403980255126953
1399 2.3481998443603516
1400 2.4393296241760254
1401 2.8962838649749756
1402 2.9331398010253906
1403 2.9139885902404785
1404 2.7438292503356934
1405 2.6252171993255615
1406 2.3939661979675293
1407 2.7194697856903076
1408 2.6900367736816406
1409 2.7675933837890625
1410 2.9559128284454346
1411 2.7049319744110107
1412 2.5520408153533936
1413 2.5510034561157227
1414 2.6895551681518555
1415 2.6097748279571533
1416 2.582305669784546
1417 2.5357770919799805
1418 2.80485463142395
1419 3.1044015884399414
1420 3.1235198974609375
1421 2.7942731380462646
1422 2.454037666320801
1423 2.153738021850586
1424 2.4930622577667236
1425 2.247972011566162
1426 2.4132134914398193
1427 2.565873384475708
1428 2.0574097633361816
1429 2.049365997314453
1430 1.9175678491592407
1431 2.1972196102142334
1432 2.1141810417175293
1433 2.3567261695861816
1434 2.027104616165161
1435 2.1692168712615967
1436 2.284318685531616
1437 2.153385639190674
1438 2.0347516536712646
1439 2.164980411529541
1440 2.2267251014709473
1441 2.1726343631744385
1442 2.15903902053833
1443 2.5652143955230713
1444 2.660850763320923
1445 3.012477397918701
1446 2.746856212615967
1447 2.817498207092285
1448 2.8206422328948975
1449 3.134539842605591
1450 2.972740650177002
1451 3.021071434020996
1452 3.155674934387207
1453 2.5617260932922363
1454 2.625253677368164
1455 2.502955913543701
1456 2.457047700881958
1457 2.6851727962493896
1458 2.660163640975952
1459 2.363826274871826
1460 2.4242420196533203
1461 2.1700868606567383
1462 2.2979907989501953
1463 2.3015482425689697
1464 2.0599253177642822
1465 2.06394362449646
1466 2.0422191619873047
1467 2.061340093612671
1468 1.9296783208847046
1469 1.9433881044387817
1470 2.0475192070007324
1471 2.0432934761047363
1472 2.162447214126587
1473 2.60957670211792
1474 2.521315336227417
1475 2.618320941925049
1476 2.714651584625244
1477 2.821213722229004
1478 3.1921517848968506
1479 3.4405550956726074
1480 3.4785568714141846
1481 3.762697696685791
1482 3.575336217880249
1483 3.426683187484741
1484 3.4477975368499756
1485 3.447777509689331
1486 3.3875253200531006
1487 3.2982916831970215
1488 3.4693148136138916
1489 3.623028039932251
1490 3.143494129180908
1491 3.0811097621917725
1492 3.126335620880127
1493 3.1540586948394775
1494 3.222137451171875
1495 3.3731203079223633
1496 3.691150426864624
1497 3.426809310913086
1498 2.863476037979126
1499 2.6167454719543457
1500 2.5023038387298584
1501 2.5816903114318848
1502 2.556138753890991
1503 2.827216148376465
1504 2.821418285369873
1505 3.064723253250122
1506 2.9535934925079346
1507 2.752326726913452
1508 2.790294885635376
1509 2.624664306640625
1510 2.5465352535247803
1511 2.66377854347229
1512 3.062190055847168
1513 2.820136547088623
1514 2.8937880992889404
1515 2.9315149784088135
1516 2.8078055381774902
1517 2.8063526153564453
1518 2.610896587371826
1519 2.705981492996216
1520 2.780991315841675
1521 2.711418628692627
1522 2.759920835494995
1523 2.7776455879211426
1524 2.691426992416382
1525 2.6484580039978027
1526 3.02502703666687
1527 2.9048855304718018
1528 3.0603935718536377
1529 3.0236237049102783
1530 3.0116066932678223
1531 3.150182008743286
1532 3.2839672565460205
1533 3.273928642272949
1534 3.2121212482452393
1535 3.0564794540405273
1536 3.284970998764038
1537 3.0755605697631836
1538 3.1480417251586914
1539 2.909637212753296
1540 2.9628608226776123
1541 2.7855050563812256
1542 2.5768790245056152
1543 2.604928493499756
1544 2.447265148162842
1545 2.358553647994995
1546 2.202080011367798
1547 2.553101062774658
1548 2.7335939407348633
1549 2.5811357498168945
1550 2.5078821182250977
1551 2.8116912841796875
1552 2.7708208560943604
1553 3.0293662548065186
1554 2.722975254058838
1555 2.843381643295288
1556 3.0649003982543945
1557 2.812467575073242
1558 2.7918083667755127
1559 3.0891354084014893
1560 2.971147298812866
1561 2.8048019409179688
1562 2.7182633876800537
1563 2.8656938076019287
1564 2.8952231407165527
1565 3.141662836074829
1566 3.195939302444458
1567 3.2525486946105957
1568 3.1583094596862793
1569 3.060595750808716
1570 2.9901561737060547
1571 2.9215259552001953
1572 3.1510653495788574
1573 3.1643924713134766
1574 3.105987310409546
1575 3.1511037349700928
1576 3.3805625438690186
1577 3.2797141075134277
1578 2.9309706687927246
1579 3.2524209022521973
1580 3.3391079902648926
1581 3.1256070137023926
1582 3.1721506118774414
1583 2.871992349624634
1584 2.7124879360198975
1585 2.729828357696533
1586 2.824655532836914
1587 2.7123377323150635
1588 2.5947799682617188
1589 2.9725122451782227
1590 3.12715220451355
1591 3.367487668991089
1592 3.3372812271118164
1593 3.2261955738067627
1594 3.2087955474853516
1595 3.0664570331573486
1596 2.8603906631469727
1597 2.7434253692626953
1598 3.146172046661377
1599 3.100834369659424
1600 3.096043586730957
1601 3.2368786334991455
1602 3.1751015186309814
1603 3.2623355388641357
1604 3.255772352218628
1605 3.0970489978790283
1606 3.02866268157959
1607 3.0744121074676514
1608 3.0322484970092773
1609 2.8913815021514893
1610 3.0056862831115723
1611 2.908970355987549
1612 2.4693191051483154
1613 2.5344464778900146
1614 2.6275594234466553
1615 2.755628824234009
1616 2.820866823196411
1617 2.799604654312134
1618 3.0543789863586426
1619 3.315822124481201
1620 2.98809814453125
1621 3.2080230712890625
1622 3.125873327255249
1623 3.200428009033203
1624 3.273124933242798
1625 2.997846841812134
1626 2.886789560317993
1627 2.9958138465881348
1628 2.8084332942962646
1629 2.7983391284942627
1630 2.9722049236297607
1631 3.0524446964263916
1632 2.900367021560669
1633 3.109891414642334
1634 3.0476584434509277
1635 3.1587765216827393
1636 3.1787545680999756
1637 3.133117198944092
1638 3.373962879180908
1639 3.1099629402160645
1640 3.2354698181152344
1641 3.2961974143981934
1642 3.2180368900299072
1643 3.3441829681396484
1644 3.472454071044922
1645 3.0696451663970947
1646 3.028149127960205
1647 3.291775941848755
1648 3.162698984146118
1649 3.1825947761535645
1650 3.5106513500213623
1651 3.351386547088623
1652 3.511789321899414
1653 3.5351145267486572
1654 3.351297378540039
1655 3.023265838623047
1656 2.7220592498779297
1657 2.860700845718384
1658 3.017200469970703
1659 2.8226630687713623
1660 3.009453773498535
1661 2.8461368083953857
1662 2.728365898132324
1663 3.0189409255981445
1664 3.1291911602020264
1665 2.959031820297241
1666 2.9186925888061523
1667 2.8362269401550293
1668 2.765972375869751
1669 2.8036301136016846
1670 2.7602415084838867
1671 2.7547109127044678
1672 2.6613526344299316
1673 2.9587881565093994
1674 2.950770854949951
1675 2.5200257301330566
1676 2.3300068378448486
1677 2.734295606613159
1678 2.6030335426330566
1679 2.633674383163452
1680 2.9638779163360596
1681 2.6295177936553955
1682 2.5528182983398438
1683 2.725775718688965
1684 2.5552494525909424
1685 2.6251611709594727
1686 2.5532071590423584
1687 2.9315662384033203
1688 3.080331802368164
1689 3.296097993850708
1690 3.396188735961914
1691 3.461137056350708
1692 3.5154507160186768
1693 3.189319372177124
1694 2.9553937911987305
1695 3.3940627574920654
1696 3.6016387939453125
1697 3.6152541637420654
1698 3.621591329574585
1699 3.579558849334717
1700 3.9290671348571777
1701 3.775472640991211
1702 3.893920660018921
1703 3.692436933517456
1704 3.694120168685913
1705 3.4089019298553467
1706 3.178284168243408
1707 3.3061017990112305
1708 2.8573386669158936
1709 3.1794419288635254
1710 3.4162070751190186
1711 2.968125104904175
1712 3.070420503616333
1713 3.683333396911621
1714 3.4685897827148438
1715 3.4976422786712646
1716 3.041684627532959
1717 3.0169169902801514
1718 2.802764415740967
1719 2.613598108291626
1720 3.0776548385620117
1721 3.026477813720703
1722 2.8607869148254395
1723 3.4760661125183105
1724 3.6024022102355957
1725 3.3532791137695313
1726 3.39190936088562
1727 3.540745973587036
1728 3.5001370906829834
1729 3.4200189113616943
1730 3.6363446712493896
1731 3.796360969543457
1732 3.748088836669922
1733 3.8107352256774902
1734 3.839614152908325
1735 3.3691699504852295
1736 3.4351389408111572
1737 3.1059911251068115
1738 2.8977622985839844
1739 3.105466842651367
1740 3.09645676612854
1741 3.236537218093872
1742 3.5488343238830566
1743 4.05993127822876
1744 3.7715015411376953
1745 3.858477830886841
1746 3.6788501739501953
1747 3.8239853382110596
1748 3.5999269485473633
1749 3.553049325942993
1750 3.420083522796631
1751 3.077352523803711
1752 3.3169517517089844
1753 3.2282776832580566
1754 3.1434483528137207
1755 3.2319447994232178
1756 3.392998218536377
1757 3.7906267642974854
1758 3.704737424850464
1759 3.5856847763061523
1760 3.2061240673065186
1761 3.1252899169921875
1762 3.255464792251587
1763 3.052814483642578
1764 2.7210781574249268
1765 2.7623448371887207
1766 2.4542899131774902
1767 2.59183406829834
1768 2.399385452270508
1769 2.6529479026794434
1770 3.0966315269470215
1771 2.8719451427459717
1772 3.080345392227173
1773 3.121244192123413
1774 2.925466775894165
1775 3.2977099418640137
1776 3.1925017833709717
1777 2.822213649749756
1778 2.8692948818206787
1779 2.5353026390075684
1780 2.788156032562256
1781 2.6371726989746094
1782 2.5283915996551514
1783 2.6825711727142334
1784 2.405107021331787
1785 2.2361900806427
1786 2.548734426498413
1787 2.466341495513916
1788 2.363801956176758
1789 2.529268264770508
1790 2.372046709060669
1791 2.134993553161621
1792 2.4930102825164795
1793 2.033902168273926
1794 1.861661434173584
1795 1.8095734119415283
1796 2.1090056896209717
1797 2.257966995239258
1798 2.345602512359619
1799 2.3614864349365234
1800 2.0258078575134277
1801 2.1887474060058594
1802 2.242218255996704
1803 2.2376554012298584
1804 2.0350263118743896
1805 2.5155322551727295
1806 2.3669443130493164
1807 2.509950637817383
1808 2.7948977947235107
1809 2.823090076446533
1810 2.6373162269592285
1811 2.6302857398986816
1812 2.9824023246765137
1813 2.899285316467285
1814 3.2429988384246826
1815 2.901367664337158
1816 3.0505735874176025
1817 3.418428897857666
1818 3.7022478580474854
1819 3.515190601348877
1820 3.5952658653259277
1821 3.737083673477173
1822 3.936267137527466
1823 4.058048248291016
1824 4.545172691345215
1825 4.550769329071045
1826 4.199333190917969
1827 3.532463788986206
1828 3.489070177078247
1829 3.598238706588745
1830 3.5701076984405518
1831 3.921157121658325
1832 4.295872688293457
1833 4.375068187713623
1834 4.782823085784912
1835 4.569029331207275
1836 3.8197169303894043
1837 4.203389644622803
1838 4.367311954498291
1839 4.726613521575928
1840 4.762345790863037
1841 4.716218948364258
1842 4.204085826873779
1843 3.8732635974884033
1844 3.9414215087890625
1845 4.119922161102295
1846 3.788982629776001
1847 3.985852003097534
1848 4.381158828735352
1849 3.7729222774505615
1850 3.7614216804504395
1851 3.784064531326294
1852 3.7807655334472656
1853 3.3756940364837646
1854 3.375871181488037
1855 3.53444242477417
1856 3.6337523460388184
1857 3.6614301204681396
1858 3.1172609329223633
1859 3.0828208923339844
1860 3.3008618354797363
1861 3.323552370071411
1862 3.295079231262207
1863 2.9904332160949707
1864 3.0386693477630615
1865 2.853423833847046
1866 2.8373255729675293
1867 2.632625102996826
1868 2.9411346912384033
1869 3.125030517578125
1870 3.0758628845214844
1871 2.9583957195281982
1872 3.1461641788482666
1873 3.341087818145752
1874 3.30179500579834
1875 3.241706609725952
1876 3.3892822265625
1877 3.3657655715942383
1878 3.3960494995117188
1879 3.444568634033203
1880 3.4871885776519775
1881 3.148184299468994
1882 3.0914857387542725
1883 3.249793291091919
1884 2.9888288974761963
1885 3.0895018577575684
1886 3.233804225921631
1887 3.3017449378967285
1888 3.723975896835327
1889 3.6899380683898926
1890 3.2712862491607666
1891 3.1507396697998047
1892 3.040412187576294
1893 3.4814653396606445
1894 3.0978574752807617
1895 2.7259440422058105
1896 2.784700632095337
1897 2.70039963722229
1898 2.9758176803588867
1899 2.963078260421753
1900 3.1789042949676514
1901 2.9479563236236572
1902 3.260605812072754
1903 2.754070281982422
1904 2.9304633140563965
1905 2.883849859237671
1906 3.0863311290740967
1907 3.0505170822143555
1908 3.286400079727173
1909 3.406036376953125
1910 3.461170196533203
1911 3.344363212585449
1912 3.702155590057373
1913 3.3899834156036377
1914 3.188774347305298
1915 3.3388001918792725
1916 3.348414897918701
1917 3.219353437423706
1918 3.3223018646240234
1919 3.271073341369629
1920 3.1391966342926025
1921 2.537464141845703
1922 3.014488697052002
1923 3.5460898876190186
1924 3.42061710357666
1925 3.3838095664978027
1926 3.4419138431549072
1927 3.40911602973938
1928 3.0487987995147705
1929 2.797572612762451
1930 3.2284107208251953
1931 3.002764940261841
1932 3.385498285293579
1933 3.1168711185455322
1934 3.2494630813598633
1935 3.1805419921875
1936 3.174070119857788
1937 3.0262575149536133
1938 2.9363691806793213
1939 3.2998616695404053
1940 2.9782726764678955
1941 3.0283751487731934
1942 3.4603004455566406
1943 3.384683609008789
1944 3.307819366455078
1945 3.0423030853271484
1946 3.160679340362549
1947 3.3568358421325684
1948 3.408696174621582
1949 3.1561639308929443
1950 3.3887362480163574
1951 3.413184881210327
1952 3.4685606956481934
1953 3.666987180709839
1954 3.3590316772460938
1955 3.4203853607177734
1956 3.2331950664520264
1957 3.0066964626312256
1958 3.0985846519470215
1959 2.6608543395996094
1960 2.933744192123413
1961 2.686081647872925
1962 3.110628843307495
1963 3.17903995513916
1964 3.0103423595428467
1965 3.2581534385681152
1966 3.0748450756073
1967 3.193145513534546
1968 3.264960765838623
1969 3.420652151107788
1970 3.47432279586792
1971 3.4025285243988037
1972 3.3695690631866455
1973 3.077256679534912
1974 3.017016887664795
1975 2.945767879486084
1976 3.2455832958221436
1977 3.115780830383301
1978 3.0895376205444336
1979 3.138014793395996
1980 3.051650285720825
1981 2.64459490776062
1982 2.490445613861084
1983 2.069929361343384
1984 2.1415793895721436
1985 2.1360628604888916
1986 2.4362943172454834
1987 2.3398678302764893
1988 2.5158474445343018
1989 2.5730786323547363
1990 2.452488422393799
1991 2.923804759979248
1992 2.9562559127807617
1993 2.680272102355957
1994 2.7637810707092285
1995 2.6377644538879395
1996 2.8292274475097656
1997 2.834834098815918
1998 2.7383780479431152
1999 2.869231939315796
2000 2.816317319869995
2001 2.48626971244812
2002 2.959501266479492
2003 2.6594393253326416
2004 2.348245859146118
2005 2.6622743606567383
2006 2.44387149810791
2007 2.7382466793060303
2008 2.6727352142333984
2009 2.5168604850769043
2010 2.491441011428833
2011 2.788532018661499
2012 2.968959093093872
2013 3.0437002182006836
2014 3.095337390899658
2015 2.6061813831329346
2016 2.657228708267212
2017 2.5261926651000977
2018 2.4446980953216553
2019 2.3832309246063232
2020 1.9789060354232788
2021 2.204212188720703
2022 2.4510724544525146
2023 2.638514757156372
2024 2.5005240440368652
2025 2.2656521797180176
2026 2.605053663253784
2027 2.740626573562622
2028 2.848055839538574
2029 2.764643430709839
2030 2.9029479026794434
2031 3.108920097351074
2032 3.2056901454925537
2033 3.3630142211914063
2034 3.45156192779541
2035 3.2934257984161377
2036 3.323590040206909
2037 3.347123861312866
2038 3.183946371078491
2039 2.6432344913482666
2040 2.9216666221618652
2041 2.7093558311462402
2042 2.6221370697021484
2043 2.6793291568756104
2044 2.520397186279297
2045 2.2488842010498047
2046 2.268622636795044
2047 2.1437013149261475
2048 2.1797361373901367
2049 2.186176061630249
2050 2.376333713531494
2051 2.546738862991333
2052 2.208375930786133
2053 2.3603532314300537
2054 2.5860486030578613
2055 2.642897844314575
2056 2.582897901535034
2057 2.404205322265625
2058 2.4271278381347656
2059 2.3399946689605713
2060 2.718512535095215
2061 2.538177967071533
2062 2.533574104309082
2063 2.332946538925171
2064 2.1313695907592773
2065 2.153587579727173
2066 2.086808681488037
2067 2.2368946075439453
2068 2.5476884841918945
2069 2.332158327102661
2070 2.2827212810516357
2071 2.165431022644043
2072 2.6575961112976074
2073 2.3827366828918457
2074 2.20314621925354
2075 2.2498183250427246
2076 2.3894920349121094
2077 2.4442460536956787
2078 2.5510904788970947
2079 2.7037389278411865
2080 2.6480462551116943
2081 2.724858045578003
2082 2.342776298522949
2083 2.4159014225006104
2084 2.7078895568847656
2085 2.772982597351074
2086 2.8257110118865967
2087 2.592799663543701
2088 2.5845589637756348
2089 2.340416431427002
2090 2.492774724960327
2091 2.3071670532226563
2092 2.1154797077178955
2093 2.5023272037506104
2094 2.452120542526245
2095 2.192091941833496
2096 1.973857045173645
2097 1.9874104261398315
2098 2.0393383502960205
2099 2.205531597137451
2100 2.0350401401519775
2101 2.1691040992736816
2102 2.3482003211975098
2103 2.2221248149871826
2104 1.9744818210601807
2105 1.8416216373443604
2106 1.9651585817337036
2107 2.2147376537323
2108 2.073171615600586
2109 1.9981361627578735
2110 1.9341762065887451
2111 2.027069568634033
2112 2.0570008754730225
2113 1.846542239189148
2114 1.8697969913482666
2115 1.8739579916000366
2116 1.9036918878555298
2117 2.073385000228882
2118 2.02213191986084
2119 2.111858606338501
2120 2.054173707962036
2121 1.9719098806381226
2122 1.9341888427734375
2123 2.0877933502197266
2124 2.1929638385772705
2125 2.357895612716675
2126 2.5218188762664795
2127 2.8118503093719482
2128 2.8613698482513428
2129 2.759474039077759
2130 2.5656328201293945
2131 2.7557969093322754
2132 2.948237419128418
2133 2.576212167739868
2134 2.440260410308838
2135 2.1369404792785645
2136 1.9490793943405151
2137 2.058762311935425
2138 2.3307833671569824
2139 2.014098882675171
2140 2.171412706375122
2141 2.3211510181427
2142 2.189720869064331
2143 2.2321903705596924
2144 2.147303581237793
2145 2.079739570617676
2146 2.236798048019409
2147 2.3056201934814453
2148 2.2700722217559814
2149 2.1278886795043945
2150 2.282273054122925
2151 2.1327836513519287
2152 2.230515241622925
2153 1.9307277202606201
2154 2.137721538543701
2155 2.2259175777435303
2156 2.32662296295166
2157 2.2176871299743652
2158 2.0639188289642334
2159 2.106307029724121
2160 2.2257800102233887
2161 2.4738869667053223
2162 2.328723192214966
2163 2.3384149074554443
2164 2.269845724105835
2165 2.3449974060058594
2166 2.4245166778564453
2167 2.356781005859375
2168 2.550565242767334
2169 2.369051933288574
2170 2.353128671646118
2171 2.2827866077423096
2172 2.727538824081421
2173 2.724238872528076
2174 2.8975987434387207
2175 3.024670362472534
2176 3.05061936378479
2177 2.8202693462371826
2178 2.732271432876587
2179 2.497978448867798
2180 2.1304986476898193
2181 2.190894842147827
2182 2.4872260093688965
2183 2.688103199005127
2184 3.012415885925293
2185 2.7208645343780518
2186 2.250242233276367
2187 2.45216965675354
2188 2.2909035682678223
2189 1.9905592203140259
2190 2.2758255004882813
2191 2.314913749694824
2192 2.2072439193725586
2193 2.3346712589263916
2194 2.0558078289031982
2195 1.7717528343200684
2196 1.9706650972366333
2197 2.3369083404541016
2198 2.101807117462158
2199 2.4200212955474854
2200 2.382791519165039
2201 2.1220080852508545
2202 2.346000909805298
2203 2.5099008083343506
2204 2.509725570678711
2205 2.5485827922821045
2206 2.2877700328826904
2207 1.9006890058517456
2208 1.9258238077163696
2209 2.251984119415283
2210 2.1605069637298584
2211 2.364962339401245
2212 2.258518934249878
2213 2.3168718814849854
2214 2.518436908721924
2215 2.1230852603912354
2216 1.9686527252197266
2217 2.0306317806243896
2218 2.3998875617980957
2219 2.5434110164642334
2220 2.6311609745025635
2221 2.5425593852996826
2222 2.358656644821167
2223 2.530162811279297
2224 2.5416722297668457
2225 2.7313852310180664
2226 2.6439802646636963
2227 2.9192254543304443
2228 3.0205767154693604
2229 2.4144985675811768
2230 2.5839152336120605
2231 2.7071115970611572
2232 2.369434118270874
2233 2.6945960521698
2234 2.411121129989624
2235 2.3943333625793457
2236 2.339994192123413
2237 2.2299115657806396
2238 2.27966046333313
2239 2.441383123397827
2240 2.333022117614746
2241 2.2500381469726563
2242 2.083230495452881
2243 1.9603630304336548
2244 2.1315431594848633
2245 2.0799450874328613
2246 2.0961697101593018
2247 2.03554105758667
2248 2.1479129791259766
2249 1.9142268896102905
2250 2.2497751712799072
2251 1.9161787033081055
2252 1.9155794382095337
2253 2.0341684818267822
2254 2.199679136276245
2255 2.061570405960083
2256 1.756845474243164
2257 1.8911826610565186
2258 2.0931642055511475
2259 1.9835734367370605
2260 2.207714319229126
2261 2.182563304901123
2262 2.330348014831543
2263 2.2239885330200195
2264 2.28490948677063
2265 2.360194683074951
2266 2.080916404724121
2267 2.3762948513031006
2268 2.618029832839966
2269 2.761016845703125
2270 2.8662595748901367
2271 2.8612608909606934
2272 2.799851179122925
2273 2.733064889907837
2274 3.0568132400512695
2275 2.4836983680725098
2276 2.115630626678467
2277 1.9481474161148071
2278 2.1642253398895264
2279 2.162806749343872
2280 2.272594690322876
2281 2.0329058170318604
2282 1.9786529541015625
2283 2.1823179721832275
2284 2.416447162628174
2285 2.5792362689971924
2286 2.3038878440856934
2287 2.4480056762695313
2288 2.486279010772705
2289 2.162743091583252
2290 2.3163797855377197
2291 2.408945322036743
2292 2.3269236087799072
2293 2.4638187885284424
2294 2.149502992630005
2295 1.9038368463516235
2296 2.27345871925354
2297 1.9821815490722656
2298 2.3419606685638428
2299 2.207655668258667
2300 2.2578723430633545
2301 2.41965651512146
2302 2.609593391418457
2303 2.4737319946289063
2304 2.2480220794677734
2305 2.2571094036102295
2306 2.448437213897705
2307 2.534053087234497
2308 2.4635891914367676
2309 2.389120101928711
2310 2.5680992603302
2311 2.7464165687561035
2312 2.6120822429656982
2313 2.7543792724609375
2314 2.481691360473633
2315 2.545867919921875
2316 2.995225191116333
2317 2.7955539226531982
2318 2.4395925998687744
2319 2.535036325454712
2320 2.6909050941467285
2321 2.8946571350097656
2322 2.55330228805542
2323 2.8046252727508545
2324 2.9865236282348633
2325 2.7975473403930664
2326 2.7878122329711914
2327 2.507006883621216
2328 2.5958805084228516
2329 2.542710542678833
2330 2.276386022567749
2331 2.6243021488189697
2332 2.947305679321289
2333 2.917790174484253
2334 2.6201586723327637
2335 2.6560168266296387
2336 2.4993700981140137
2337 2.859407901763916
2338 2.927633047103882
2339 2.7842931747436523
2340 2.515000104904175
2341 2.4597268104553223
2342 2.4719982147216797
2343 2.5373239517211914
2344 2.313922166824341
2345 2.49906587600708
2346 2.66046142578125
2347 2.8038084506988525
2348 2.8382248878479004
2349 2.899458646774292
2350 3.1506519317626953
2351 3.7017264366149902
2352 3.567831516265869
2353 3.0965864658355713
2354 3.0447230339050293
2355 3.3168418407440186
2356 3.154430627822876
2357 3.104186534881592
2358 3.0981788635253906
2359 2.914602518081665
2360 3.099029302597046
2361 2.942699432373047
2362 2.8551855087280273
2363 2.7133262157440186
2364 3.1516852378845215
2365 3.372342109680176
2366 3.476793050765991
2367 3.50907301902771
2368 3.133066415786743
2369 2.7928104400634766
2370 2.9129631519317627
2371 3.4463775157928467
2372 3.3933842182159424
2373 3.2385470867156982
2374 3.5575904846191406
2375 3.982119560241699
2376 4.151970386505127
2377 3.9562106132507324
2378 3.850757360458374
2379 3.5064711570739746
2380 3.208751678466797
2381 3.3896830081939697
2382 2.6064677238464355
2383 2.9205269813537598
2384 2.459047794342041
2385 2.6022775173187256
2386 3.0502381324768066
2387 3.257641553878784
2388 3.1641576290130615
2389 3.086226224899292
2390 3.5368525981903076
2391 3.54054594039917
2392 3.2949349880218506
2393 3.2544424533843994
2394 3.1333022117614746
2395 3.3662896156311035
2396 3.062649726867676
2397 3.273113489151001
2398 3.30450701713562
2399 3.672060251235962
2400 3.4585018157958984
2401 3.4691314697265625
2402 3.273047924041748
2403 3.268176555633545
2404 3.72453236579895
2405 3.785517692565918
2406 3.396820068359375
2407 3.468043327331543
2408 3.6287825107574463
2409 3.1655046939849854
2410 3.2505786418914795
2411 3.3420164585113525
2412 3.2494282722473145
2413 3.0612008571624756
2414 2.892240285873413
2415 2.7922182083129883
2416 2.8129196166992188
2417 2.556816339492798
2418 2.668727397918701
2419 2.424856185913086
2420 2.5655200481414795
2421 2.6949234008789063
2422 2.741180896759033
2423 2.340294361114502
2424 2.0941808223724365
2425 2.4074604511260986
2426 2.120687961578369
2427 2.1835885047912598
2428 2.613115072250366
2429 2.5668561458587646
2430 2.7851369380950928
2431 2.7987964153289795
2432 2.73632550239563
2433 3.051888942718506
2434 3.0248756408691406
2435 3.0667307376861572
2436 2.994595766067505
2437 2.626818895339966
2438 2.531024217605591
2439 2.361389398574829
2440 2.3897058963775635
2441 2.67545747756958
2442 2.9094135761260986
2443 2.943026304244995
2444 2.9833104610443115
2445 2.7114312648773193
2446 2.501298189163208
2447 2.4626238346099854
2448 2.2064011096954346
2449 2.245810031890869
2450 2.412661552429199
2451 2.5589230060577393
2452 2.707341432571411
2453 2.63712215423584
2454 2.741485834121704
2455 2.557481527328491
2456 2.569164991378784
2457 2.506882429122925
2458 2.424877643585205
2459 2.3829216957092285
2460 2.6376733779907227
2461 2.6610989570617676
2462 2.602524757385254
2463 2.4350931644439697
2464 2.9576668739318848
2465 2.534146308898926
2466 2.3737268447875977
2467 2.259958028793335
2468 2.6267926692962646
2469 2.4282262325286865
2470 2.5518929958343506
2471 2.586671829223633
2472 2.508575916290283
2473 2.377370595932007
2474 2.6724843978881836
2475 2.8316211700439453
2476 2.748173713684082
2477 2.720889091491699
2478 2.5984036922454834
2479 2.957854747772217
2480 3.166942596435547
2481 3.310565710067749
2482 3.0154666900634766
2483 2.8049495220184326
2484 2.363718032836914
2485 2.462013006210327
2486 2.807255268096924
2487 2.720433473587036
2488 3.1279923915863037
2489 2.9178905487060547
2490 2.9026622772216797
2491 2.8650388717651367
2492 2.5930123329162598
2493 2.9115939140319824
2494 3.231644630432129
2495 3.100268602371216
2496 2.829503297805786
2497 3.0241146087646484
2498 2.9859440326690674
2499 2.8800511360168457
2500 2.881107807159424
2501 2.830803155899048
2502 2.662536382675171
2503 2.67630672454834
2504 2.6102561950683594
2505 2.6701784133911133
2506 2.7452752590179443
2507 2.6253178119659424
2508 2.63177490234375
2509 3.1132290363311768
2510 2.850160598754883
2511 3.062958240509033
2512 3.0457253456115723
2513 2.786416530609131
2514 3.0450334548950195
2515 3.078068733215332
2516 3.340941905975342
2517 3.3964614868164063
2518 3.5366227626800537
2519 3.4300525188446045
2520 3.571413993835449
2521 3.508758544921875
2522 3.5673906803131104
2523 3.762502431869507
2524 3.425356388092041
2525 3.333148956298828
2526 3.1015682220458984
2527 3.149970531463623
2528 3.4160170555114746
2529 3.5716300010681152
2530 3.4991753101348877
2531 3.673560857772827
2532 3.716130495071411
2533 3.3679535388946533
2534 3.0122556686401367
2535 2.9694290161132813
2536 2.949875831604004
2537 3.1559011936187744
2538 3.321704864501953
2539 3.421074151992798
2540 3.390472650527954
2541 3.6901423931121826
2542 3.469947099685669
2543 3.046544075012207
2544 3.367016077041626
2545 3.301791191101074
2546 3.7701542377471924
2547 3.693402051925659
2548 3.7299251556396484
2549 3.3723838329315186
2550 3.6285369396209717
2551 3.2942490577697754
2552 3.300079345703125
2553 3.4397964477539063
2554 3.5457067489624023
2555 3.465233325958252
2556 3.62539005279541
2557 3.929183006286621
2558 3.9913501739501953
2559 3.5875370502471924
2560 3.484612464904785
2561 3.468550205230713
2562 3.405705213546753
2563 3.10292911529541
2564 3.1865203380584717
2565 2.9378252029418945
2566 3.0596208572387695
2567 2.9808924198150635
2568 2.9620437622070313
2569 3.499300003051758
2570 3.350215196609497
2571 3.212002754211426
2572 2.9363276958465576
2573 2.975827693939209
2574 2.518763303756714
2575 2.495924472808838
2576 2.643798589706421
2577 2.7468957901000977
2578 3.0124170780181885
2579 3.245912551879883
2580 2.9467642307281494
2581 2.5855846405029297
2582 2.8522093296051025
2583 2.947110891342163
2584 2.951662302017212
2585 2.713218927383423
2586 2.883981466293335
2587 2.6859192848205566
2588 2.742035388946533
2589 2.804185390472412
2590 2.881680727005005
2591 2.701415777206421
2592 2.745823383331299
2593 2.8151981830596924
2594 2.6782352924346924
2595 2.521965503692627
2596 2.6425423622131348
2597 2.594167709350586
2598 2.7236342430114746
2599 2.845391035079956
2600 2.6812148094177246
2601 3.0379245281219482
2602 3.2973437309265137
2603 2.7826955318450928
2604 2.6249589920043945
2605 2.3633546829223633
2606 2.3642115592956543
2607 2.6192166805267334
2608 2.7427453994750977
2609 3.1144495010375977
2610 2.6899397373199463
2611 2.609868288040161
2612 2.266235828399658
2613 2.3107240200042725
2614 2.5191118717193604
2615 2.87017560005188
2616 2.4323666095733643
2617 2.4431710243225098
2618 2.623263359069824
2619 2.431882381439209
2620 2.3289570808410645
2621 2.4773271083831787
2622 2.368858575820923
2623 2.7645561695098877
2624 2.7056844234466553
2625 2.812725782394409
2626 2.7631735801696777
2627 2.5593667030334473
2628 2.7271342277526855
2629 2.6984572410583496
2630 2.7581918239593506
2631 2.9648144245147705
2632 2.83059024810791
2633 3.102994203567505
2634 3.1969597339630127
2635 3.2908949851989746
2636 3.472702980041504
2637 3.8805315494537354
2638 3.777137517929077
2639 3.648951292037964
2640 3.9435958862304688
2641 4.067470073699951
2642 3.963672161102295
2643 3.8149607181549072
2644 3.865755319595337
2645 3.5567474365234375
2646 3.696385145187378
2647 3.837174892425537
2648 3.965306520462036
2649 3.7947463989257813
2650 3.7069101333618164
2651 3.7281763553619385
2652 3.539139747619629
2653 3.2675647735595703
2654 3.0689432621002197
2655 2.9749622344970703
2656 2.9793035984039307
2657 2.865244150161743
2658 3.1319580078125
2659 3.125863790512085
2660 3.080815553665161
2661 3.265061378479004
2662 3.5534324645996094
2663 3.4411964416503906
2664 3.490689992904663
2665 3.9195148944854736
2666 3.818835973739624
2667 3.921712875366211
2668 3.7951571941375732
2669 3.6129395961761475
2670 3.1944680213928223
2671 3.2539114952087402
2672 3.3707144260406494
2673 3.194963216781616
2674 3.3206915855407715
2675 2.9466278553009033
2676 3.3020479679107666
2677 3.321965456008911
2678 3.428180456161499
2679 3.8221051692962646
2680 4.457990646362305
2681 4.621164798736572
2682 5.069948196411133
2683 4.786158561706543
2684 4.915595054626465
2685 4.963850021362305
2686 5.158391952514648
2687 4.785778045654297
2688 4.591037273406982
2689 4.674699306488037
2690 4.257867813110352
2691 3.9073941707611084
2692 3.815242052078247
2693 3.710448980331421
2694 3.712533712387085
2695 4.005254745483398
2696 3.7930963039398193
2697 3.6652610301971436
2698 4.151449203491211
2699 4.2936859130859375
2700 3.8145575523376465
2701 3.7195920944213867
2702 3.4874041080474854
2703 2.8754594326019287
2704 2.787872076034546
2705 2.8316733837127686
2706 3.019564628601074
2707 2.757830858230591
2708 2.5646963119506836
2709 2.6069416999816895
2710 2.6913552284240723
2711 2.589726209640503
2712 2.678029775619507
2713 2.606593370437622
2714 2.7300596237182617
2715 2.8120405673980713
2716 2.540861129760742
2717 2.8824477195739746
2718 2.549154281616211
2719 2.2636983394622803
2720 2.3868744373321533
2721 2.5966033935546875
2722 2.4578280448913574
2723 2.210878849029541
2724 2.3617701530456543
2725 2.4978556632995605
2726 2.380246162414551
2727 2.4786720275878906
2728 2.630406141281128
2729 2.700981378555298
2730 2.7384026050567627
2731 2.7404749393463135
2732 2.706714391708374
2733 2.746711254119873
2734 2.520331382751465
2735 2.6194498538970947
2736 2.7182533740997314
2737 2.4205195903778076
2738 2.3572986125946045
2739 2.785282850265503
2740 3.019798517227173
2741 3.3400888442993164
2742 3.2344980239868164
2743 2.8288817405700684
2744 2.5122151374816895
2745 2.304166793823242
2746 2.5356380939483643
2747 2.8865902423858643
2748 2.5707039833068848
2749 2.5655148029327393
2750 2.6338486671447754
2751 2.6487643718719482
2752 2.5998013019561768
2753 2.7802724838256836
2754 2.956118106842041
2755 2.6967310905456543
2756 2.5732972621917725
2757 2.45699405670166
2758 2.3615739345550537
2759 2.2856404781341553
2760 2.1173360347747803
2761 2.223102331161499
2762 2.3983983993530273
2763 2.2894721031188965
2764 2.357614278793335
2765 2.3717973232269287
2766 2.538972854614258
2767 2.536381244659424
2768 2.7072455883026123
2769 2.5764408111572266
2770 2.664830446243286
2771 2.5277838706970215
2772 2.744070529937744
2773 2.888406276702881
2774 2.6963274478912354
2775 2.961205244064331
2776 3.1850972175598145
2777 3.6155707836151123
2778 3.3488049507141113
2779 2.902919292449951
2780 3.308906316757202
2781 3.273989200592041
2782 2.7825989723205566
2783 2.9837405681610107
2784 3.228476047515869
2785 3.270583391189575
2786 3.4447667598724365
2787 3.3226981163024902
2788 2.853397846221924
2789 2.9337966442108154
2790 2.7532999515533447
2791 2.8520681858062744
2792 3.0049476623535156
2793 3.059784412384033
2794 3.0317065715789795
2795 3.284247398376465
2796 3.5222532749176025
2797 3.3804922103881836
2798 3.0815391540527344
2799 3.2147936820983887
2800 2.9198789596557617
2801 2.970637559890747
2802 3.0606229305267334
2803 2.867002487182617
2804 2.6316487789154053
2805 2.531827926635742
2806 2.7674763202667236
2807 2.8073441982269287
2808 2.813816547393799
2809 2.7389636039733887
2810 2.690596342086792
2811 2.973076581954956
2812 2.891343355178833
2813 2.9495348930358887
2814 3.327366590499878
2815 3.145688772201538
2816 2.9242312908172607
2817 2.9841606616973877
2818 3.0502817630767822
2819 3.1599879264831543
2820 2.9639811515808105
2821 2.9922590255737305
2822 3.185063600540161
2823 3.7893288135528564
2824 3.420724868774414
2825 3.1305131912231445
2826 2.853442430496216
2827 3.0965070724487305
2828 3.2562313079833984
2829 3.25557017326355
2830 3.302180528640747
2831 3.1356630325317383
2832 3.050363063812256
2833 2.9914426803588867
2834 2.889787435531616
2835 2.9419422149658203
2836 3.0465831756591797
2837 2.9669249057769775
2838 2.935023307800293
2839 2.93632435798645
2840 2.866389513015747
2841 2.8979785442352295
2842 2.8460652828216553
2843 2.9473989009857178
2844 2.8166306018829346
2845 2.898775815963745
2846 2.8055777549743652
2847 3.0958709716796875
2848 2.8693790435791016
2849 2.87929105758667
2850 3.1095199584960938
2851 3.1348791122436523
2852 2.773042917251587
2853 3.003913164138794
2854 2.9744927883148193
2855 2.858621120452881
2856 2.67543363571167
2857 2.799947738647461
2858 2.8121938705444336
2859 2.693462371826172
2860 2.7180490493774414
2861 2.559189558029175
2862 2.6449732780456543
2863 2.820762872695923
2864 2.778292655944824
2865 2.8694090843200684
2866 3.0066311359405518
2867 3.088587760925293
2868 3.1727054119110107
2869 3.1627490520477295
2870 3.193511962890625
2871 3.390237331390381
2872 3.4921538829803467
2873 3.532817840576172
2874 3.4065113067626953
2875 3.5604517459869385
2876 3.2673935890197754
2877 3.40303635597229
2878 3.4423465728759766
2879 3.4161505699157715
2880 3.397714853286743
2881 3.0499775409698486
2882 3.266472816467285
2883 3.519923686981201
2884 3.5511674880981445
2885 4.071706771850586
2886 3.896148443222046
2887 3.811797618865967
2888 3.6181962490081787
2889 3.8686530590057373
2890 3.3948891162872314
2891 3.2036848068237305
2892 3.2307064533233643
2893 3.280590534210205
2894 2.9127445220947266
2895 2.9736077785491943
2896 2.9742588996887207
2897 3.1636834144592285
2898 3.195647716522217
2899 3.088625907897949
2900 2.748105049133301
2901 2.880997657775879
2902 2.862837314605713
2903 2.846709728240967
2904 2.828348398208618
2905 3.0376040935516357
2906 2.9826340675354004
2907 3.0990536212921143
2908 3.2264597415924072
2909 3.1462621688842773
2910 2.976703643798828
2911 3.367037057876587
2912 3.2305750846862793
2913 3.45788311958313
2914 2.9708006381988525
2915 2.8919122219085693
2916 2.9110379219055176
2917 2.6782238483428955
2918 3.3246877193450928
2919 3.2022199630737305
2920 2.9554717540740967
2921 3.088216543197632
2922 3.0408999919891357
2923 3.156877279281616
2924 3.259174108505249
2925 3.0153772830963135
2926 2.75205659866333
2927 2.5011582374572754
2928 2.5402238368988037
2929 2.753741502761841
2930 2.9896576404571533
2931 3.337169885635376
2932 3.4788801670074463
2933 3.0217721462249756
2934 2.874701976776123
2935 3.2035458087921143
2936 2.9455180168151855
2937 3.1368823051452637
2938 3.242889881134033
2939 3.046649217605591
2940 2.9134607315063477
2941 2.6586945056915283
2942 3.1739675998687744
2943 3.4234721660614014
2944 3.2786829471588135
2945 3.3143231868743896
2946 3.508683681488037
2947 3.258646011352539
2948 3.1760332584381104
2949 2.7964868545532227
2950 2.6256656646728516
2951 2.7497522830963135
2952 2.8769078254699707
2953 2.807358741760254
2954 2.8340508937835693
2955 2.9633686542510986
2956 2.7549571990966797
2957 2.851032018661499
2958 2.7394065856933594
2959 2.5378198623657227
2960 2.41532826423645
2961 2.5087196826934814
2962 2.6471927165985107
2963 2.6587600708007813
2964 2.2066714763641357
2965 2.0555131435394287
2966 1.9821746349334717
2967 2.0724968910217285
2968 2.208893299102783
2969 1.9208192825317383
2970 2.1408157348632813
2971 2.3035342693328857
2972 2.464712381362915
2973 2.5247840881347656
2974 2.6374523639678955
2975 2.387852668762207
2976 2.0915496349334717
2977 2.112961530685425
2978 2.1295957565307617
2979 1.7631934881210327
2980 1.8988929986953735
2981 1.9718884229660034
2982 2.2429046630859375
2983 2.2360458374023438
2984 2.2080447673797607
2985 2.3152036666870117
2986 2.334390640258789
2987 2.1455671787261963
2988 2.43475341796875
2989 2.4169304370880127
2990 2.0580217838287354
2991 2.026214838027954
2992 2.409553289413452
2993 2.397757053375244
2994 2.2147374153137207
2995 2.362370729446411
2996 2.423755407333374
2997 2.444535255432129
2998 2.4645042419433594
2999 2.631527900695801
3000 2.809366464614868
3001 3.1046266555786133
3002 2.909878730773926
3003 2.5693323612213135
3004 2.5781197547912598
3005 2.952441453933716
3006 3.334961414337158
3007 3.3283982276916504
3008 3.030327081680298
3009 3.1628241539001465
3010 2.8658883571624756
3011 2.7285847663879395
3012 2.6881263256073
3013 3.1876816749572754
3014 2.9399781227111816
3015 3.086764335632324
3016 3.3867878913879395
3017 3.222400665283203
3018 3.0243823528289795
3019 3.0965592861175537
3020 3.2885351181030273
3021 3.1205992698669434
3022 3.3685221672058105
3023 3.932347059249878
3024 3.577017307281494
3025 3.8075220584869385
3026 3.5004119873046875
3027 3.1048319339752197
3028 3.387728452682495
3029 3.4520299434661865
3030 3.5827577114105225
3031 3.570028781890869
3032 3.233011484146118
3033 3.5225048065185547
3034 3.721498489379883
3035 3.7885828018188477
3036 4.122198104858398
3037 4.2241621017456055
3038 4.526404857635498
3039 4.572347164154053
3040 4.132499694824219
3041 3.9772090911865234
3042 4.246714115142822
3043 4.092586040496826
3044 4.1132073402404785
3045 3.856276512145996
3046 4.189914703369141
3047 4.039901256561279
3048 4.012208938598633
3049 4.170087814331055
3050 3.973289728164673
3051 3.542567729949951
3052 3.6143481731414795
3053 3.580742120742798
3054 3.318857431411743
3055 3.5030720233917236
3056 3.3892483711242676
3057 3.198810577392578
3058 3.445387125015259
3059 3.7544302940368652
3060 3.590268611907959
3061 3.6316630840301514
3062 3.418752431869507
3063 3.245466709136963
3064 3.265125036239624
3065 3.674670457839966
3066 3.7688148021698
3067 3.4120099544525146
3068 3.572589635848999
3069 3.7344210147857666
3070 3.361316680908203
3071 3.2413179874420166
3072 3.082296371459961
3073 3.0016562938690186
3074 2.919461250305176
3075 2.8160006999969482
3076 2.9734251499176025
3077 3.343655824661255
3078 3.1671838760375977
3079 3.1090550422668457
3080 3.4157068729400635
3081 3.4027576446533203
3082 3.240140199661255
3083 3.288393259048462
3084 3.5188207626342773
3085 3.463487148284912
3086 3.653953790664673
3087 4.237608909606934
3088 4.027937889099121
3089 3.9774892330169678
3090 3.906812906265259
3091 3.678361654281616
3092 3.630932331085205
3093 3.9627676010131836
3094 4.039943218231201
3095 3.6602489948272705
3096 3.1697187423706055
3097 2.8670859336853027
3098 2.835979461669922
3099 3.1988463401794434
3100 2.9221296310424805
3101 2.858290910720825
3102 2.7135367393493652
3103 2.7167413234710693
3104 2.9577929973602295
3105 2.8746862411499023
3106 2.8401646614074707
3107 2.764380931854248
3108 3.1377270221710205
3109 2.8617446422576904
3110 2.463458299636841
3111 2.683041572570801
3112 2.755192518234253
3113 2.9448788166046143
3114 2.8908464908599854
3115 3.01025390625
3116 2.8631057739257813
3117 3.0297939777374268
3118 2.821012496948242
3119 2.762280225753784
3120 2.873173236846924
3121 2.6892249584198
3122 2.6462175846099854
3123 2.736931324005127
3124 2.6535348892211914
3125 2.4999208450317383
3126 2.761401653289795
3127 2.7539641857147217
3128 2.74822998046875
3129 2.7689576148986816
3130 3.0008490085601807
3131 2.7861757278442383
3132 2.7645645141601563
3133 2.530802011489868
3134 2.8075129985809326
3135 2.7449100017547607
3136 2.8628907203674316
3137 2.6691501140594482
3138 2.7781264781951904
3139 2.6776821613311768
3140 2.4991989135742188
3141 2.4095442295074463
3142 2.312946319580078
3143 2.6362040042877197
3144 2.7059054374694824
3145 2.6199018955230713
3146 2.585191488265991
3147 2.5507500171661377
3148 2.431509017944336
3149 2.6059625148773193
3150 2.672286033630371
3151 2.7074623107910156
3152 2.744088649749756
3153 2.6673598289489746
3154 2.7910146713256836
3155 2.458836793899536
3156 2.3110623359680176
3157 2.473942995071411
3158 2.7359836101531982
3159 3.008469581604004
3160 2.8047397136688232
3161 2.5690195560455322
3162 2.8703110218048096
3163 2.8367233276367188
3164 3.2300052642822266
3165 3.116081714630127
3166 3.0881125926971436
3167 3.0529329776763916
3168 3.4368343353271484
3169 3.2232210636138916
3170 3.1961851119995117
3171 3.4290835857391357
3172 3.4651572704315186
3173 3.324348211288452
3174 3.1928272247314453
3175 3.1347451210021973
3176 3.0400748252868652
3177 3.2387630939483643
3178 3.4084341526031494
3179 2.8925421237945557
3180 2.8529703617095947
3181 3.0117287635803223
3182 2.7260971069335938
3183 3.077718734741211
3184 3.2568368911743164
3185 3.446793794631958
3186 3.2947781085968018
3187 3.5511245727539063
3188 3.2980358600616455
3189 3.456904649734497
3190 3.3649117946624756
3191 3.0686028003692627
3192 3.0871381759643555
3193 3.0693447589874268
3194 2.9564266204833984
3195 2.9720067977905273
3196 3.0470163822174072
3197 2.8674585819244385
3198 3.007517099380493
3199 2.953944206237793
3200 2.8759822845458984
3201 3.0576441287994385
3202 3.437736988067627
3203 3.2687318325042725
3204 3.3896491527557373
3205 3.0091664791107178
3206 3.0102601051330566
3207 3.054293155670166
3208 2.9149999618530273
3209 2.625631809234619
3210 2.442857027053833
3211 2.5202858448028564
3212 2.524336814880371
3213 2.501659870147705
3214 2.6460859775543213
3215 2.838853359222412
3216 2.870436429977417
3217 2.88466215133667
3218 2.982043743133545
3219 2.9776668548583984
3220 2.927757978439331
3221 2.579183578491211
3222 2.7410011291503906
3223 3.032059907913208
3224 2.8858113288879395
3225 2.7995059490203857
3226 2.7737412452697754
3227 2.591614007949829
3228 2.3672702312469482
3229 2.2966115474700928
3230 2.4349818229675293
3231 2.486959934234619
3232 2.5623180866241455
3233 2.7713871002197266
3234 2.9595370292663574
3235 3.081404447555542
3236 2.9294543266296387
3237 2.8300158977508545
3238 3.293297529220581
3239 3.3236944675445557
3240 2.6865928173065186
3241 2.493504762649536
3242 2.566023111343384
3243 2.727786064147949
3244 2.434095859527588
3245 2.3959038257598877
3246 2.4121944904327393
3247 2.4342474937438965
3248 2.3546125888824463
3249 2.6280417442321777
3250 2.644073247909546
3251 2.380014419555664
3252 2.249290943145752
3253 2.4873762130737305
3254 2.579455852508545
3255 2.5953357219696045
3256 2.4104275703430176
3257 2.371755361557007
3258 1.9430581331253052
3259 2.1907551288604736
3260 2.2048816680908203
3261 2.5713369846343994
3262 2.8486342430114746
3263 2.5876004695892334
3264 2.8363516330718994
3265 3.049628496170044
3266 3.034980535507202
3267 3.2563154697418213
3268 2.8082683086395264
3269 2.9755969047546387
3270 2.5923917293548584
3271 2.7462451457977295
3272 2.850574493408203
3273 2.912996292114258
3274 3.0999550819396973
3275 3.5046167373657227
3276 3.5749542713165283
3277 2.9684247970581055
3278 3.2733490467071533
3279 2.9669361114501953
3280 2.8715999126434326
3281 3.091923236846924
3282 2.828610897064209
3283 3.1793229579925537
3284 3.4623873233795166
3285 3.425269842147827
3286 3.3807952404022217
3287 3.6750895977020264
3288 3.4968459606170654
3289 3.5155279636383057
3290 3.2708847522735596
3291 3.4863879680633545
3292 3.287860870361328
3293 3.291016101837158
3294 3.333660364151001
3295 3.4945263862609863
3296 3.233424425125122
3297 3.5023701190948486
3298 2.9662020206451416
3299 2.769306182861328
3300 2.814979314804077
3301 2.754971981048584
3302 2.3901844024658203
3303 2.5208187103271484
3304 2.411672353744507
3305 2.225416421890259
3306 2.2128796577453613
3307 2.1283323764801025
3308 2.1868648529052734
3309 2.3115761280059814
3310 2.404989719390869
3311 2.6860053539276123
3312 2.6846513748168945
3313 2.5575954914093018
3314 2.6414802074432373
3315 2.447678804397583
3316 2.557523012161255
3317 2.571089506149292
3318 2.721230983734131
3319 2.869384765625
3320 2.7021446228027344
3321 2.865957498550415
3322 2.6475162506103516
3323 2.8139889240264893
3324 2.9646146297454834
3325 3.089447021484375
3326 2.9847412109375
3327 3.097752571105957
3328 3.3042402267456055
3329 3.6731393337249756
3330 3.2416229248046875
3331 3.3570425510406494
3332 3.4720914363861084
3333 3.577765703201294
3334 3.3805747032165527
3335 3.619548797607422
3336 3.5800418853759766
3337 3.4466452598571777
3338 3.266263723373413
3339 4.1491570472717285
3340 4.157168388366699
3341 3.786067247390747
3342 3.72342848777771
3343 3.0714774131774902
3344 3.1780848503112793
3345 3.3193039894104004
3346 3.435777187347412
3347 3.885835647583008
3348 4.170032024383545
3349 4.320361137390137
3350 4.208161354064941
3351 3.893106460571289
3352 3.9249255657196045
3353 3.5729925632476807
3354 3.876397132873535
3355 4.125233173370361
3356 3.7085654735565186
3357 3.195038318634033
3358 3.3766658306121826
3359 3.363102436065674
3360 3.423912763595581
3361 3.100816488265991
3362 3.2071728706359863
3363 2.792492628097534
3364 2.880035400390625
3365 2.62007999420166
3366 2.446831464767456
3367 2.541674852371216
3368 2.674330472946167
3369 2.7191896438598633
3370 2.7291977405548096
3371 2.6151301860809326
3372 2.6213696002960205
3373 2.4612905979156494
3374 2.598411798477173
3375 2.4261035919189453
3376 2.7375805377960205
3377 3.05153751373291
3378 3.070033311843872
3379 3.071039915084839
3380 3.2266056537628174
3381 3.0411386489868164
3382 3.1362464427948
3383 2.851172924041748
3384 2.9831600189208984
3385 2.904749631881714
3386 3.065016984939575
3387 3.070073127746582
3388 3.3297059535980225
3389 3.0480566024780273
3390 3.1529881954193115
3391 3.434335470199585
3392 3.328199863433838
3393 3.248654842376709
3394 3.361741781234741
3395 3.3950767517089844
3396 3.7419636249542236
3397 3.631068229675293
3398 2.9107980728149414
3399 2.9033286571502686
3400 3.0332117080688477
3401 3.1761558055877686
3402 3.1173975467681885
3403 3.5184223651885986
3404 3.40447735786438
3405 3.5990536212921143
3406 3.6480891704559326
3407 3.6467716693878174
3408 3.66329026222229
3409 4.216879367828369
3410 3.8056087493896484
3411 3.6826674938201904
3412 3.905758857727051
3413 3.893543243408203
3414 3.923480987548828
3415 4.054035186767578
3416 4.027442455291748
3417 3.855210065841675
3418 3.7562222480773926
3419 3.629805326461792
3420 3.539815902709961
3421 3.562166213989258
3422 3.9639973640441895
3423 4.100505352020264
3424 3.6771867275238037
3425 3.561750888824463
3426 3.577019691467285
3427 3.986630916595459
3428 3.97335147857666
3429 3.9109461307525635
3430 3.8897013664245605
3431 3.4195611476898193
3432 3.182300567626953
3433 3.4288156032562256
3434 3.661362886428833
3435 3.7028989791870117
3436 3.899468421936035
3437 3.2533559799194336
3438 3.171196222305298
3439 3.030390739440918
3440 3.157935619354248
3441 2.745326519012451
3442 3.095362663269043
3443 3.2260468006134033
3444 3.2966575622558594
3445 3.083407163619995
3446 2.941575050354004
3447 2.9063522815704346
3448 3.0211334228515625
3449 2.7499186992645264
3450 2.939382553100586
3451 3.011707305908203
3452 3.338817834854126
3453 3.3110034465789795
3454 3.3705153465270996
3455 3.3742804527282715
3456 3.4403228759765625
3457 3.6301164627075195
3458 4.198747158050537
3459 4.211241245269775
3460 4.209168434143066
3461 4.247647762298584
3462 4.039515495300293
3463 3.7819454669952393
3464 3.9853951930999756
3465 4.00933313369751
3466 3.881157159805298
3467 3.760977268218994
3468 3.842818260192871
3469 3.737987756729126
3470 3.5412845611572266
3471 3.778730630874634
3472 3.8730099201202393
3473 4.0523152351379395
3474 4.086147308349609
3475 4.272749423980713
3476 4.1934332847595215
3477 3.9516186714172363
3478 3.671248435974121
3479 3.965850353240967
3480 4.345560550689697
3481 4.2116265296936035
3482 4.036362171173096
3483 3.8054416179656982
3484 3.5750231742858887
3485 3.582674980163574
3486 3.5222666263580322
3487 3.836792230606079
3488 3.771631956100464
3489 3.9229073524475098
3490 3.341477394104004
3491 3.465437889099121
3492 3.1887826919555664
3493 2.9645795822143555
3494 3.041099786758423
3495 3.1190531253814697
3496 3.1291556358337402
3497 3.0463767051696777
3498 2.7413041591644287
3499 2.7540414333343506
3500 2.6707260608673096
3501 2.6777889728546143
3502 2.9520435333251953
3503 3.0126075744628906
3504 3.130964994430542
3505 3.2846553325653076
3506 2.982450246810913
3507 2.737293004989624
3508 2.8388736248016357
3509 2.6217072010040283
3510 2.7353932857513428
3511 2.750675678253174
3512 2.6031734943389893
3513 2.559957981109619
3514 2.5272939205169678
3515 2.6458253860473633
3516 2.2002971172332764
3517 2.102400302886963
3518 2.0120491981506348
3519 2.247096300125122
3520 2.510012149810791
3521 2.3994386196136475
3522 2.441387414932251
3523 2.643554210662842
3524 2.90757155418396
3525 3.0689358711242676
3526 3.1764307022094727
3527 2.6802821159362793
3528 2.9141993522644043
3529 2.8504440784454346
3530 2.624562978744507
3531 2.8930838108062744
3532 2.5036585330963135
3533 2.7340240478515625
3534 2.937546730041504
3535 3.2837562561035156
3536 3.2609047889709473
3537 2.9062297344207764
3538 2.8258540630340576
3539 2.7875211238861084
3540 2.9120922088623047
3541 2.765068531036377
3542 2.552649736404419
3543 2.7638378143310547
3544 2.484689474105835
3545 2.702436685562134
3546 2.8209004402160645
3547 2.8616533279418945
3548 3.241976022720337
3549 3.3708345890045166
3550 3.485555410385132
3551 3.129112720489502
3552 3.0990309715270996
3553 2.995384693145752
3554 2.979715585708618
3555 3.0207695960998535
3556 2.914884090423584
3557 2.778642416000366
3558 2.84096622467041
3559 2.827881336212158
3560 2.887018918991089
3561 3.2690584659576416
3562 3.1960325241088867
3563 2.7311489582061768
3564 2.7312300205230713
3565 2.4906504154205322
3566 2.334336042404175
3567 2.1344289779663086
3568 2.0034003257751465
3569 2.08664608001709
3570 2.1492719650268555
3571 2.145048141479492
3572 2.18649959564209
3573 2.273113489151001
3574 2.1168887615203857
3575 2.1279609203338623
3576 2.447597026824951
3577 2.918053150177002
3578 2.605328321456909
3579 2.5514402389526367
3580 2.9688611030578613
3581 3.144684314727783
3582 3.096130132675171
3583 2.7796263694763184
3584 2.5799317359924316
3585 2.3333840370178223
3586 2.4286279678344727
3587 2.4253604412078857
3588 2.6371607780456543
3589 2.5964221954345703
3590 2.6009926795959473
3591 2.689958095550537
3592 2.3663411140441895
3593 2.3560712337493896
3594 2.3541812896728516
3595 2.3471086025238037
3596 2.2829606533050537
3597 2.1443915367126465
3598 2.2650883197784424
3599 2.0646634101867676
3600 2.530503988265991
3601 2.6282958984375
3602 2.570436716079712
3603 2.984848976135254
3604 2.969733715057373
3605 3.0636379718780518
3606 2.580780029296875
3607 2.8893330097198486
3608 3.0707435607910156
3609 2.562333583831787
3610 2.8029119968414307
3611 2.6497700214385986
3612 2.641948938369751
3613 2.714833974838257
3614 2.7023422718048096
3615 2.534975051879883
3616 2.4985997676849365
3617 2.4326884746551514
3618 2.532928466796875
3619 2.410184144973755
3620 2.1641013622283936
3621 2.0028326511383057
3622 2.302161455154419
3623 2.257211923599243
3624 2.302849292755127
3625 2.338050603866577
3626 2.464416265487671
3627 2.287240982055664
3628 2.32080078125
3629 2.21547532081604
3630 1.9966473579406738
3631 2.0726263523101807
3632 2.113152265548706
3633 2.05561900138855
3634 2.3452258110046387
3635 2.2792069911956787
3636 2.476524829864502
3637 2.3615176677703857
3638 2.2722744941711426
3639 2.5537710189819336
3640 2.5026347637176514
3641 2.493685007095337
3642 2.3463375568389893
3643 2.230875253677368
3644 2.329474687576294
3645 2.112928628921509
3646 2.2606537342071533
3647 2.015014171600342
3648 2.103142738342285
3649 1.9327229261398315
3650 2.0594050884246826
3651 2.219111919403076
3652 2.0798373222351074
3653 2.101771116256714
3654 2.066054344177246
3655 2.358166217803955
3656 2.2186191082000732
3657 2.173192024230957
3658 2.4569828510284424
3659 2.541933298110962
3660 2.2913715839385986
3661 2.743211269378662
3662 2.5471575260162354
3663 2.2291691303253174
3664 2.4110867977142334
3665 2.3876755237579346
3666 2.5935146808624268
3667 2.4124059677124023
3668 2.744917631149292
3669 2.9111783504486084
3670 2.881760358810425
3671 2.794349431991577
3672 2.5695455074310303
3673 2.1667544841766357
3674 2.5418899059295654
3675 2.6140379905700684
3676 2.628934383392334
3677 2.729004383087158
3678 2.8049657344818115
3679 2.5855066776275635
3680 2.6291215419769287
3681 2.5108227729797363
3682 2.8343284130096436
3683 2.970979928970337
3684 3.3189353942871094
3685 3.15616512298584
3686 3.020010232925415
3687 2.8619775772094727
3688 2.894434928894043
3689 2.9535956382751465
3690 3.0109288692474365
3691 3.046251058578491
3692 3.0957183837890625
3693 3.1587297916412354
3694 2.6878020763397217
3695 2.654109239578247
3696 2.542202949523926
3697 2.7817935943603516
3698 2.78995418548584
3699 2.5607166290283203
3700 2.531275987625122
3701 2.6191651821136475
3702 2.692540407180786
3703 2.6752219200134277
3704 2.5648458003997803
3705 2.6318612098693848
3706 2.66827130317688
3707 2.603348731994629
3708 2.648021936416626
3709 2.783936023712158
3710 3.0883779525756836
3711 3.1971447467803955
3712 2.8530683517456055
3713 2.74189829826355
3714 3.147693157196045
3715 3.1958563327789307
3716 3.5620062351226807
3717 3.3743698596954346
3718 3.322577953338623
3719 3.3078088760375977
3720 2.746791124343872
3721 2.8286690711975098
3722 2.9449973106384277
3723 2.819369316101074
3724 2.977034091949463
3725 2.892244338989258
3726 2.847236156463623
3727 2.6575560569763184
3728 2.839526891708374
3729 2.8677406311035156
3730 3.008584976196289
3731 3.057614803314209
3732 3.150245428085327
3733 3.176447629928589
3734 3.1331076622009277
3735 2.8476271629333496
3736 2.7528042793273926
3737 2.974052667617798
3738 2.5759811401367188
3739 2.7623355388641357
3740 2.8877036571502686
3741 2.9303088188171387
3742 2.768862009048462
3743 2.809556484222412
3744 2.4914135932922363
3745 2.6588988304138184
3746 2.720017433166504
3747 2.499023199081421
3748 2.317272186279297
3749 2.5564424991607666
3750 2.3286185264587402
3751 2.476104974746704
3752 2.6818442344665527
3753 2.497884750366211
3754 2.65720272064209
3755 2.5606789588928223
3756 2.397874593734741
3757 2.579892635345459
3758 2.570176362991333
3759 2.8044676780700684
3760 2.365743637084961
3761 2.7711925506591797
3762 2.606259822845459
3763 2.4152004718780518
3764 2.4798738956451416
3765 2.584590435028076
3766 2.791706085205078
3767 2.491417169570923
3768 2.445866346359253
3769 2.492377996444702
3770 2.4300200939178467
3771 2.54649019241333
3772 2.245927333831787
3773 2.237888813018799
3774 2.284548282623291
3775 2.076040267944336
3776 2.2070674896240234
3777 2.296337604522705
3778 2.3036727905273438
3779 2.39554500579834
3780 2.4100089073181152
3781 2.5797324180603027
3782 2.4001245498657227
3783 2.0623979568481445
3784 2.414250373840332
3785 2.148059606552124
3786 1.9549905061721802
3787 2.1726558208465576
3788 2.3016183376312256
3789 2.432413339614868
3790 2.422335386276245
3791 2.2417359352111816
3792 2.366767644882202
3793 2.5618832111358643
3794 2.705894947052002
3795 2.3383679389953613
3796 2.3852627277374268
3797 2.2848193645477295
3798 2.0785000324249268
3799 2.0859644412994385
3800 1.9896087646484375
3801 2.1224615573883057
3802 2.245157480239868
3803 2.1918389797210693
3804 2.154022693634033
3805 2.0677099227905273
3806 2.27091383934021
3807 2.1949195861816406
3808 2.287184476852417
3809 2.2925360202789307
3810 2.2884387969970703
3811 2.073051691055298
3812 2.0585243701934814
3813 2.041565418243408
3814 2.291501522064209
3815 2.4017093181610107
3816 2.2715389728546143
3817 2.1763319969177246
3818 2.1706345081329346
3819 2.146944761276245
3820 2.055433750152588
3821 2.01820969581604
3822 2.064270257949829
3823 2.030852794647217
3824 2.3427512645721436
3825 2.08181095123291
3826 2.0761613845825195
3827 2.4305832386016846
3828 2.4964566230773926
3829 2.1262800693511963
3830 2.221360206604004
3831 2.3527655601501465
3832 2.41947603225708
3833 2.1070690155029297
3834 2.1556997299194336
3835 2.207777738571167
3836 2.2756009101867676
3837 2.174204111099243
3838 2.4699630737304688
3839 2.3324625492095947
3840 2.5138213634490967
3841 2.1594905853271484
3842 2.238626480102539
3843 2.382014513015747
3844 2.089815378189087
3845 2.1829535961151123
3846 2.310425281524658
3847 2.213742971420288
3848 2.3003196716308594
3849 2.506096601486206
3850 2.6575419902801514
3851 2.412849187850952
3852 2.6327781677246094
3853 2.903031587600708
3854 3.270738363265991
3855 3.3471078872680664
3856 3.5607659816741943
3857 3.52581524848938
3858 3.7619788646698
3859 3.8888728618621826
3860 3.404015064239502
3861 3.468050956726074
3862 3.250591278076172
3863 3.0208089351654053
3864 2.579763412475586
3865 2.4549269676208496
3866 2.530190944671631
3867 2.600933074951172
3868 2.7369983196258545
3869 3.0435845851898193
3870 2.8554039001464844
3871 2.813338279724121
3872 2.935325860977173
3873 3.209904193878174
3874 3.1631288528442383
3875 3.131500005722046
3876 2.5743088722229004
3877 2.891050338745117
3878 2.6338672637939453
3879 2.820796489715576
3880 2.7236368656158447
3881 2.8446297645568848
3882 2.9859211444854736
3883 3.196932792663574
3884 3.429912567138672
3885 3.1791863441467285
3886 2.9822442531585693
3887 2.922818660736084
3888 3.0231661796569824
3889 2.8605005741119385
3890 2.915752410888672
3891 2.909726858139038
3892 3.194079875946045
3893 3.2203357219696045
3894 3.1465327739715576
3895 2.7135586738586426
3896 2.5874037742614746
3897 2.5528624057769775
3898 2.8298823833465576
3899 2.4449408054351807
3900 2.1972086429595947
3901 2.3522701263427734
3902 1.7727088928222656
3903 2.08406662940979
3904 2.0662953853607178
3905 2.2947325706481934
3906 2.261026382446289
3907 2.227287530899048
3908 2.1420304775238037
3909 2.2920937538146973
3910 2.417264223098755
3911 2.1710946559906006
3912 2.161475896835327
3913 2.3287644386291504
3914 2.2298471927642822
3915 2.2327919006347656
3916 2.0919647216796875
3917 2.183119535446167
3918 2.2208175659179688
3919 2.325871229171753
3920 2.3578407764434814
3921 2.4291813373565674
3922 2.3906331062316895
3923 2.0382606983184814
3924 2.2856290340423584
3925 2.2905502319335938
3926 2.0585038661956787
3927 2.1930043697357178
3928 2.075279951095581
3929 2.104806423187256
3930 2.3740878105163574
3931 2.4402623176574707
3932 2.8602728843688965
3933 2.6642653942108154
3934 2.5501468181610107
3935 2.5468599796295166
3936 2.8905723094940186
3937 2.7413930892944336
3938 2.628674030303955
3939 2.520908832550049
3940 2.391752004623413
3941 2.3369767665863037
3942 2.330925703048706
3943 2.43056583404541
3944 2.642202138900757
3945 2.5683186054229736
3946 2.6900126934051514
3947 2.653571367263794
3948 2.4347541332244873
3949 2.155129909515381
3950 2.0985491275787354
3951 1.9386000633239746
3952 1.9784743785858154
3953 2.0708324909210205
3954 2.119673728942871
3955 1.933577537536621
3956 2.0920584201812744
3957 2.3441340923309326
3958 2.5306038856506348
3959 2.3453757762908936
3960 2.0620365142822266
3961 2.3742904663085938
3962 2.3083372116088867
3963 2.2628672122955322
3964 2.5188467502593994
3965 2.912959337234497
3966 3.1814727783203125
3967 3.0940403938293457
3968 2.9791665077209473
3969 2.5901787281036377
3970 2.5989081859588623
3971 2.527106523513794
3972 2.9724338054656982
3973 2.748586654663086
3974 2.641982316970825
3975 2.743027687072754
3976 2.724583387374878
3977 2.348583459854126
3978 2.5667176246643066
3979 2.746157646179199
3980 2.625777244567871
3981 2.8188345432281494
3982 2.910646438598633
3983 3.1368212699890137
3984 2.455941677093506
3985 3.0527842044830322
3986 2.8066928386688232
3987 3.023144483566284
3988 3.0741915702819824
3989 2.6610682010650635
3990 2.801027297973633
3991 3.0184011459350586
3992 2.9370365142822266
3993 3.0403528213500977
3994 2.8900365829467773
3995 2.8037333488464355
3996 2.650050401687622
3997 2.5429790019989014
3998 2.682526111602783
3999 2.5071208477020264
