# Frame Protein_DNA_total_backbone_RMSD_Angstrom
0 0.0
1 1.3654453754425049
2 1.2205530405044556
3 1.2295796871185303
4 1.263527274131775
5 1.156922459602356
6 1.5234606266021729
7 1.5997309684753418
8 1.7086849212646484
9 1.9569977521896362
10 2.1991961002349854
11 2.1267638206481934
12 1.7891714572906494
13 2.1537649631500244
14 2.107517719268799
15 2.0692100524902344
16 1.5008620023727417
17 1.4879781007766724
18 1.7310327291488647
19 1.7913254499435425
20 1.8048007488250732
21 1.7310175895690918
22 1.710196614265442
23 1.6098380088806152
24 1.5829557180404663
25 1.800252914428711
26 2.204763889312744
27 1.7290008068084717
28 1.7163347005844116
29 1.7214927673339844
30 1.7548695802688599
31 1.673005223274231
32 1.800305724143982
33 1.9464373588562012
34 2.186248779296875
35 2.400350570678711
36 2.4544994831085205
37 2.4097235202789307
38 2.050426959991455
39 2.0390543937683105
40 2.0633819103240967
41 2.1968374252319336
42 2.089122772216797
43 1.946532964706421
44 1.6960026025772095
45 1.8487703800201416
46 1.7489486932754517
47 1.6426987648010254
48 1.6769235134124756
49 1.6496626138687134
50 1.7986671924591064
51 2.1555399894714355
52 2.136226177215576
53 2.4511024951934814
54 2.6021931171417236
55 2.4320271015167236
56 2.668712854385376
57 2.320570468902588
58 2.6600918769836426
59 2.338413953781128
60 2.346707344055176
61 2.4933042526245117
62 2.5233707427978516
63 2.0391101837158203
64 1.858052372932434
65 1.781386137008667
66 1.6507095098495483
67 1.6296237707138062
68 1.8002042770385742
69 1.820902705192566
70 1.9252393245697021
71 2.1196815967559814
72 1.6945044994354248
73 1.6129275560379028
74 1.7042869329452515
75 1.5984221696853638
76 1.6151119470596313
77 1.8072627782821655
78 1.6534110307693481
79 1.5030535459518433
80 1.5062134265899658
81 1.7031325101852417
82 1.7911732196807861
83 1.515393853187561
84 1.7066988945007324
85 1.7148436307907104
86 1.5492167472839355
87 1.728071689605713
88 1.8630050420761108
89 1.6529417037963867
90 1.7061371803283691
91 1.6649036407470703
92 1.6884102821350098
93 1.5074059963226318
94 1.8924047946929932
95 1.810684323310852
96 1.8801867961883545
97 1.7716248035430908
98 1.8265575170516968
99 1.9021235704421997
100 1.9025086164474487
101 1.8899216651916504
102 1.7686253786087036
103 1.729763388633728
104 1.667396068572998
105 1.6834053993225098
106 1.4559603929519653
107 1.4508600234985352
108 1.3970293998718262
109 1.5792114734649658
110 1.6066654920578003
111 1.7581541538238525
112 1.8091095685958862
113 2.0674891471862793
114 2.168180465698242
115 2.1689798831939697
116 2.2500457763671875
117 2.0890889167785645
118 2.099865198135376
119 2.0035507678985596
120 2.097766160964966
121 2.2460951805114746
122 1.904189944267273
123 1.6321943998336792
124 1.6940183639526367
125 1.9295071363449097
126 1.7695732116699219
127 1.8671443462371826
128 2.1376090049743652
129 2.234311103820801
130 2.3339178562164307
131 2.1831958293914795
132 2.2018532752990723
133 2.0448572635650635
134 2.0892860889434814
135 2.1164121627807617
136 2.235105276107788
137 2.1054773330688477
138 2.0220065116882324
139 1.927478313446045
140 2.0449986457824707
141 2.097621440887451
142 2.1635541915893555
143 2.1473300457000732
144 1.7733261585235596
145 2.021972894668579
146 1.8658616542816162
147 1.8121427297592163
148 1.8265572786331177
149 1.8660324811935425
150 2.180494546890259
151 2.3348286151885986
152 2.284022092819214
153 2.038010597229004
154 2.1203396320343018
155 2.283735990524292
156 2.3465731143951416
157 2.281144857406616
158 2.2466771602630615
159 2.2154061794281006
160 2.2393031120300293
161 2.5088233947753906
162 2.611050605773926
163 2.7338757514953613
164 2.7012174129486084
165 2.649580717086792
166 2.7194831371307373
167 2.1519644260406494
168 2.253450632095337
169 2.5695674419403076
170 2.590151071548462
171 2.311572313308716
172 2.190638303756714
173 2.391843795776367
174 2.128133535385132
175 2.1850523948669434
176 2.519395351409912
177 2.338979721069336
178 2.028795003890991
179 2.186434507369995
180 2.4600210189819336
181 2.2833385467529297
182 2.7102127075195313
183 3.1837358474731445
184 3.253908395767212
185 3.0804686546325684
186 2.6977319717407227
187 2.639392137527466
188 2.628382921218872
189 2.690875291824341
190 2.5756452083587646
191 2.6964986324310303
192 2.808023452758789
193 3.3075029850006104
194 3.237938404083252
195 3.3110010623931885
196 3.046006679534912
197 2.950043201446533
198 2.8865764141082764
199 2.8481905460357666
200 3.193180799484253
201 2.9851484298706055
202 2.963233709335327
203 2.818037271499634
204 3.1874589920043945
205 3.0774378776550293
206 2.844810962677002
207 2.9823527336120605
208 3.1137731075286865
209 3.0128047466278076
210 3.2285542488098145
211 3.4059174060821533
212 3.132167100906372
213 3.088855504989624
214 3.0143485069274902
215 3.1643223762512207
216 2.929644823074341
217 2.858259916305542
218 2.411255359649658
219 2.1989336013793945
220 2.364091396331787
221 2.570103168487549
222 2.5421926975250244
223 2.8184540271759033
224 2.930783271789551
225 3.1510910987854004
226 2.8601174354553223
227 2.601426839828491
228 2.6284019947052
229 2.4728751182556152
230 2.651062488555908
231 2.4351413249969482
232 2.292198657989502
233 2.1401913166046143
234 2.158902645111084
235 2.357597589492798
236 2.220153570175171
237 2.8161869049072266
238 2.688714027404785
239 2.5489256381988525
240 2.5638132095336914
241 2.6496477127075195
242 2.3604540824890137
243 2.0695531368255615
244 2.1188371181488037
245 2.099360227584839
246 1.9024808406829834
247 2.0960440635681152
248 1.9284981489181519
249 1.9396482706069946
250 1.9357881546020508
251 2.0359129905700684
252 1.842526912689209
253 2.02268385887146
254 2.4565603733062744
255 2.8437411785125732
256 2.47900652885437
257 2.3541207313537598
258 1.978971004486084
259 2.171795129776001
260 2.2341063022613525
261 1.8940678834915161
262 2.1422948837280273
263 1.9354168176651
264 1.878240704536438
265 2.0045502185821533
266 2.1276333332061768
267 2.1422910690307617
268 2.3417458534240723
269 2.2591090202331543
270 2.2917797565460205
271 2.383735179901123
272 2.0275473594665527
273 2.062561273574829
274 2.332465887069702
275 2.172348737716675
276 2.209407329559326
277 2.379016876220703
278 2.428244113922119
279 2.448162078857422
280 2.498750686645508
281 2.5402042865753174
282 2.8437697887420654
283 2.8439011573791504
284 2.5232224464416504
285 2.8013927936553955
286 2.822094678878784
287 2.798095703125
288 2.6060242652893066
289 2.3671560287475586
290 2.4469728469848633
291 2.2470078468322754
292 2.4028921127319336
293 2.1276285648345947
294 2.29728102684021
295 2.509023666381836
296 2.34291410446167
297 2.2736988067626953
298 2.4745657444000244
299 2.6401071548461914
300 2.8887381553649902
301 2.758859872817993
302 3.0962424278259277
303 2.7071759700775146
304 2.8551180362701416
305 2.8993120193481445
306 3.0877068042755127
307 2.906397581100464
308 3.1021010875701904
309 2.932126998901367
310 2.3512535095214844
311 2.771069049835205
312 2.7044479846954346
313 2.4979593753814697
314 2.402397394180298
315 2.188735246658325
316 2.554903507232666
317 2.4811882972717285
318 2.3321659564971924
319 2.4240190982818604
320 2.4059317111968994
321 2.3009815216064453
322 2.3022396564483643
323 2.312087297439575
324 2.4275596141815186
325 2.473118543624878
326 2.6356654167175293
327 2.529460906982422
328 2.4596641063690186
329 2.365123987197876
330 2.755387783050537
331 2.7776780128479004
332 2.547358751296997
333 2.7577157020568848
334 2.73378586769104
335 2.2402403354644775
336 2.463829278945923
337 2.7649996280670166
338 2.407376289367676
339 2.3216683864593506
340 2.3227665424346924
341 2.3779423236846924
342 2.873095750808716
343 2.7373061180114746
344 2.9821407794952393
345 3.0129129886627197
346 3.1853551864624023
347 3.1887917518615723
348 3.111020088195801
349 3.0544826984405518
350 2.6866281032562256
351 2.9829368591308594
352 2.844195604324341
353 3.116748571395874
354 2.971468925476074
355 3.059414863586426
356 2.864065170288086
357 2.7784624099731445
358 2.6558172702789307
359 2.481832504272461
360 2.667396068572998
361 2.8946094512939453
362 2.4692025184631348
363 2.5221073627471924
364 2.392805576324463
365 2.4959774017333984
366 2.3258612155914307
367 2.177342176437378
368 2.2866339683532715
369 2.2278835773468018
370 2.0954926013946533
371 2.0486361980438232
372 2.3324790000915527
373 2.5140509605407715
374 2.4315946102142334
375 2.456313133239746
376 2.4668946266174316
377 2.760995388031006
378 2.863990545272827
379 3.2205514907836914
380 3.190472364425659
381 3.101154088973999
382 2.6408894062042236
383 3.0334320068359375
384 2.6310813426971436
385 2.6754589080810547
386 2.448982000350952
387 2.2501344680786133
388 2.313257932662964
389 2.5736563205718994
390 2.9325523376464844
391 2.6567580699920654
392 2.816596508026123
393 2.5726826190948486
394 2.82031512260437
395 2.950068712234497
396 2.924314022064209
397 2.944915771484375
398 3.0605340003967285
399 3.1438825130462646
400 3.0067460536956787
401 3.0650691986083984
402 2.876302719116211
403 3.3065383434295654
404 3.3999125957489014
405 3.4561710357666016
406 3.066162109375
407 3.5757055282592773
408 3.4195425510406494
409 3.5212013721466064
410 3.2373623847961426
411 3.119072437286377
412 3.2768712043762207
413 3.4175477027893066
414 3.817248821258545
415 3.929837226867676
416 3.6733787059783936
417 3.7268166542053223
418 3.650317907333374
419 3.2225029468536377
420 3.076319694519043
421 2.9176480770111084
422 2.8055717945098877
423 2.7497987747192383
424 2.675992250442505
425 2.124962329864502
426 2.3158769607543945
427 2.3585541248321533
428 2.0280981063842773
429 2.117818832397461
430 2.1975204944610596
431 2.2675702571868896
432 2.129091739654541
433 2.0379977226257324
434 2.292210578918457
435 2.2438788414001465
436 2.141993761062622
437 2.3191335201263428
438 2.270556926727295
439 2.2190756797790527
440 2.400395631790161
441 2.3067636489868164
442 2.1639184951782227
443 2.269157648086548
444 2.3158578872680664
445 2.233027219772339
446 1.9938533306121826
447 2.3390676975250244
448 2.4296820163726807
449 2.266939163208008
450 2.301090717315674
451 2.365739107131958
452 2.246777296066284
453 2.526045083999634
454 2.6489903926849365
455 2.3697845935821533
456 2.4897515773773193
457 2.6859257221221924
458 2.6405818462371826
459 2.6833953857421875
460 2.88240647315979
461 2.861936092376709
462 2.6760025024414063
463 2.8777832984924316
464 3.1796116828918457
465 3.066213846206665
466 2.97436785697937
467 3.2768044471740723
468 3.0185327529907227
469 2.980854034423828
470 3.4004809856414795
471 2.7570793628692627
472 2.984754800796509
473 3.2769603729248047
474 3.4946107864379883
475 3.7733726501464844
476 3.4980008602142334
477 3.2230753898620605
478 3.3614165782928467
479 3.278467893600464
480 3.3226897716522217
481 2.8472445011138916
482 3.038719415664673
483 2.7895448207855225
484 3.061898946762085
485 3.5554306507110596
486 3.210148811340332
487 3.182847499847412
488 3.365250587463379
489 3.3850901126861572
490 3.1751186847686768
491 2.9851865768432617
492 3.3970611095428467
493 3.3570175170898438
494 3.4312539100646973
495 3.379014492034912
496 3.5457208156585693
497 3.8139140605926514
498 3.4670701026916504
499 3.5300581455230713
500 3.317636728286743
501 3.152012825012207
502 3.4469316005706787
503 3.2773170471191406
504 3.4131252765655518
505 3.326551675796509
506 3.029552936553955
507 2.949044704437256
508 3.0365402698516846
509 3.047128915786743
510 3.1656432151794434
511 3.137901544570923
512 2.987762212753296
513 2.9575374126434326
514 2.915778398513794
515 2.897251844406128
516 3.281261444091797
517 3.5660817623138428
518 3.094527006149292
519 3.3028252124786377
520 2.9937729835510254
521 3.0848631858825684
522 3.1436028480529785
523 2.7987537384033203
524 3.0367655754089355
525 3.2494611740112305
526 3.418691396713257
527 3.614563226699829
528 3.711989402770996
529 3.6157031059265137
530 4.013844013214111
531 3.6401758193969727
532 3.5992050170898438
533 3.5994815826416016
534 3.5922322273254395
535 3.5788846015930176
536 3.3462073802948
537 3.4556725025177
538 3.619544506072998
539 3.6658952236175537
540 3.5267622470855713
541 3.4336977005004883
542 3.659230947494507
543 3.540802001953125
544 3.932145595550537
545 3.604904890060425
546 3.74971604347229
547 3.6781749725341797
548 3.563232898712158
549 3.921121835708618
550 4.027317523956299
551 4.3100714683532715
552 4.4892377853393555
553 4.109787940979004
554 3.949589967727661
555 4.136511325836182
556 3.7492454051971436
557 3.928328514099121
558 3.897876739501953
559 4.166102409362793
560 3.7755331993103027
561 3.3203272819519043
562 3.2878096103668213
563 3.393548011779785
564 3.4116549491882324
565 3.061415433883667
566 2.840205669403076
567 2.7902791500091553
568 3.1464085578918457
569 3.0595080852508545
570 3.036376714706421
571 3.0228514671325684
572 3.015275716781616
573 2.939565658569336
574 2.9099433422088623
575 2.5372512340545654
576 2.6678285598754883
577 2.68323016166687
578 2.5235531330108643
579 2.5833072662353516
580 2.6188290119171143
581 2.5028038024902344
582 2.55902361869812
583 2.6253457069396973
584 2.5631461143493652
585 2.5426485538482666
586 2.4827005863189697
587 2.5016777515411377
588 2.3354244232177734
589 2.5468475818634033
590 2.7632665634155273
591 2.587407112121582
592 2.473069190979004
593 2.6074392795562744
594 3.1352438926696777
595 2.839082956314087
596 3.089433431625366
597 3.188849449157715
598 2.6486189365386963
599 2.5600831508636475
600 2.4275710582733154
601 2.3849217891693115
602 2.4143712520599365
603 2.294620990753174
604 2.009295701980591
605 2.1440494060516357
606 2.235300302505493
607 1.8746600151062012
608 2.042182445526123
609 2.065969705581665
610 2.249401330947876
611 2.32295560836792
612 2.1309540271759033
613 2.2049689292907715
614 2.1295206546783447
615 2.2143566608428955
616 2.2068581581115723
617 2.373814582824707
618 2.6123507022857666
619 2.6353507041931152
620 2.670567274093628
621 3.0742011070251465
622 3.0050628185272217
623 2.9352941513061523
624 2.97487473487854
625 2.738409996032715
626 2.9228925704956055
627 3.1243972778320313
628 2.9350545406341553
629 3.0784966945648193
630 2.8735809326171875
631 2.906179189682007
632 2.744797706604004
633 2.5498857498168945
634 2.6421689987182617
635 3.132838249206543
636 3.7139158248901367
637 3.4961655139923096
638 4.105940818786621
639 3.9436795711517334
640 3.7909798622131348
641 3.146334648132324
642 3.054535388946533
643 3.2625892162323
644 3.3396072387695313
645 2.9206771850585938
646 3.128437042236328
647 3.665072441101074
648 3.2717058658599854
649 3.6212821006774902
650 3.7412352561950684
651 3.4569711685180664
652 3.8306350708007813
653 3.8604750633239746
654 3.5942039489746094
655 2.824187755584717
656 3.5258989334106445
657 3.5433590412139893
658 3.895249843597412
659 3.919170379638672
660 4.111441135406494
661 3.66335129737854
662 4.176584243774414
663 3.9359986782073975
664 4.027528762817383
665 4.122328281402588
666 4.292088508605957
667 4.424394130706787
668 4.118253707885742
669 4.132320404052734
670 4.1862945556640625
671 4.25030517578125
672 4.468158721923828
673 4.442469596862793
674 4.825758457183838
675 4.575432777404785
676 4.3789520263671875
677 4.736160755157471
678 4.1673808097839355
679 3.7697577476501465
680 3.9062585830688477
681 3.94926381111145
682 4.112488269805908
683 3.8131232261657715
684 3.925835132598877
685 4.195362567901611
686 4.0256428718566895
687 3.908203601837158
688 4.022851943969727
689 4.378743648529053
690 4.400660514831543
691 4.1442084312438965
692 4.327584743499756
693 4.277010440826416
694 4.484118938446045
695 4.498039245605469
696 4.439489841461182
697 4.283385276794434
698 4.350092887878418
699 4.248546600341797
700 4.0503950119018555
701 3.6637415885925293
702 3.879683494567871
703 3.8092668056488037
704 3.8835253715515137
705 3.5581367015838623
706 3.810824155807495
707 3.846860408782959
708 3.5951530933380127
709 3.596181631088257
710 3.4194881916046143
711 3.3597469329833984
712 3.453523874282837
713 3.918055534362793
714 3.883537530899048
715 4.190160751342773
716 4.050981044769287
717 3.9139912128448486
718 3.5996882915496826
719 3.447415828704834
720 3.3574936389923096
721 3.387525796890259
722 3.2029547691345215
723 3.4534084796905518
724 3.5125584602355957
725 3.2958972454071045
726 3.494089126586914
727 3.080220937728882
728 3.3914403915405273
729 3.7266316413879395
730 4.050785541534424
731 4.174681663513184
732 4.144999027252197
733 4.2214837074279785
734 3.963794708251953
735 4.082170486450195
736 3.953016757965088
737 4.3215012550354
738 4.305576324462891
739 4.6999125480651855
740 4.808967113494873
741 4.804863929748535
742 4.400025844573975
743 4.244699478149414
744 3.680372714996338
745 3.9944777488708496
746 4.168523788452148
747 3.7010021209716797
748 4.019820690155029
749 4.0830183029174805
750 3.780596971511841
751 3.603095054626465
752 3.3548059463500977
753 3.4787583351135254
754 3.374191999435425
755 3.3392601013183594
756 3.420227289199829
757 3.1923727989196777
758 3.3728091716766357
759 3.2656142711639404
760 3.2979559898376465
761 3.4201648235321045
762 3.4582316875457764
763 3.3270483016967773
764 3.5181620121002197
765 3.3432915210723877
766 3.4216039180755615
767 3.5285632610321045
768 3.3182995319366455
769 3.584275960922241
770 3.866642475128174
771 3.683444023132324
772 3.593207597732544
773 3.6449546813964844
774 3.627912759780884
775 3.6103312969207764
776 3.705213785171509
777 3.6997580528259277
778 3.7657580375671387
779 3.524397850036621
780 3.244788646697998
781 3.446765184402466
782 3.4641213417053223
783 3.3130369186401367
784 3.5486865043640137
785 3.759972333908081
786 3.7233734130859375
787 3.7734363079071045
788 3.8181850910186768
789 3.787048101425171
790 3.961791515350342
791 4.128159999847412
792 4.253327369689941
793 4.106858730316162
794 4.011857032775879
795 4.207675457000732
796 4.326757431030273
797 4.4152398109436035
798 3.9824814796447754
799 3.607102394104004
800 3.777534246444702
801 3.7770159244537354
802 3.8578851222991943
803 3.9971368312835693
804 4.127041339874268
805 3.9995038509368896
806 3.7992653846740723
807 3.7856483459472656
808 3.6164908409118652
809 3.7639520168304443
810 3.717705249786377
811 3.7755515575408936
812 3.505084276199341
813 3.756687879562378
814 3.8396365642547607
815 3.955533266067505
816 3.899258852005005
817 4.118700981140137
818 3.897939682006836
819 3.703845977783203
820 3.757833242416382
821 3.3169679641723633
822 3.19750714302063
823 3.504258394241333
824 3.35603666305542
825 3.691965103149414
826 3.758585214614868
827 3.6442761421203613
828 3.441030979156494
829 3.1144461631774902
830 3.19545316696167
831 3.480775833129883
832 3.226562023162842
833 3.106238842010498
834 3.2617621421813965
835 3.1995208263397217
836 3.3903207778930664
837 3.339240550994873
838 3.3361308574676514
839 3.3644838333129883
840 3.1185824871063232
841 2.9910528659820557
842 3.036511182785034
843 2.7679996490478516
844 2.7077882289886475
845 2.8587305545806885
846 3.3392326831817627
847 3.3266499042510986
848 3.4541828632354736
849 3.769325017929077
850 3.910060405731201
851 3.7823073863983154
852 3.9952175617218018
853 3.6718175411224365
854 4.1364898681640625
855 3.9393856525421143
856 3.7478837966918945
857 4.235231876373291
858 4.492935657501221
859 4.701183795928955
860 4.658888339996338
861 4.661378383636475
862 4.842212200164795
863 4.841883182525635
864 4.5033440589904785
865 4.10044527053833
866 4.076629638671875
867 4.0768046379089355
868 4.188241481781006
869 3.9049158096313477
870 3.489949941635132
871 3.87022066116333
872 3.4540061950683594
873 3.2492284774780273
874 3.0940234661102295
875 3.0579936504364014
876 3.068230628967285
877 3.302077054977417
878 3.2643251419067383
879 3.2947096824645996
880 3.359496593475342
881 3.1940181255340576
882 3.448803424835205
883 3.8045828342437744
884 3.7127091884613037
885 3.822002649307251
886 4.080892086029053
887 3.8429064750671387
888 4.342095851898193
889 4.290956497192383
890 4.111495018005371
891 3.8573737144470215
892 3.9512972831726074
893 4.125417232513428
894 4.310797214508057
895 4.545385360717773
896 4.241817951202393
897 4.141817569732666
898 4.003184795379639
899 4.0111308097839355
900 4.316295623779297
901 4.362145900726318
902 3.887732982635498
903 3.80224347114563
904 3.9380481243133545
905 4.026533603668213
906 4.16093111038208
907 4.429628849029541
908 4.318106174468994
909 4.302871227264404
910 4.157181262969971
911 3.9099807739257813
912 3.9213638305664063
913 4.031497478485107
914 4.040055751800537
915 4.174584865570068
916 3.9825496673583984
917 4.115814208984375
918 3.9864299297332764
919 4.142947673797607
920 4.316078186035156
921 4.280081272125244
922 3.7557201385498047
923 4.1800217628479
924 4.137372016906738
925 4.024960041046143
926 3.9929373264312744
927 3.814962387084961
928 4.077439308166504
929 3.8286659717559814
930 4.0305681228637695
931 4.039281368255615
932 4.213085651397705
933 4.088650226593018
934 4.26003885269165
935 4.239965438842773
936 3.9367504119873047
937 4.2438645362854
938 4.152830123901367
939 3.660654067993164
940 3.358506202697754
941 3.2289648056030273
942 3.5025532245635986
943 3.86308217048645
944 4.100876808166504
945 4.073538780212402
946 4.183229923248291
947 4.266993045806885
948 4.374040603637695
949 4.53316593170166
950 4.293227195739746
951 4.067809581756592
952 4.213138580322266
953 4.090080261230469
954 4.1994733810424805
955 4.528034210205078
956 4.245517730712891
957 4.1045241355896
958 3.577739953994751
959 4.16151237487793
960 4.4441447257995605
961 4.555400371551514
962 4.612032890319824
963 4.347156524658203
964 4.418052673339844
965 4.37581205368042
966 4.236462593078613
967 4.302526473999023
968 4.228163242340088
969 4.053969860076904
970 4.527931213378906
971 4.619509696960449
972 4.355181694030762
973 4.5478315353393555
974 4.807586193084717
975 4.615781784057617
976 4.562744617462158
977 4.43824577331543
978 3.752436637878418
979 3.960285186767578
980 3.918717622756958
981 3.8392012119293213
982 4.1006388664245605
983 4.076645851135254
984 3.6048598289489746
985 3.6266088485717773
986 3.6394526958465576
987 4.196975231170654
988 3.933858633041382
989 3.722172498703003
990 3.2681171894073486
991 3.211766481399536
992 3.8726577758789063
993 4.0018439292907715
994 3.9667129516601563
995 3.8049840927124023
996 3.749964952468872
997 3.834261417388916
998 4.05034875869751
999 3.5970730781555176
1000 3.269822835922241
1001 3.267216444015503
1002 3.313490629196167
1003 3.3687453269958496
1004 3.493877410888672
1005 3.602735996246338
1006 3.6450917720794678
1007 3.733114242553711
1008 4.1160359382629395
1009 4.285925388336182
1010 3.7851080894470215
1011 3.597689151763916
1012 3.7057669162750244
1013 3.521913766860962
1014 3.5248336791992188
1015 3.5723488330841064
1016 3.7111146450042725
1017 3.835846424102783
1018 3.816608428955078
1019 3.6816651821136475
1020 3.3702569007873535
1021 4.348719120025635
1022 3.8883023262023926
1023 3.9549312591552734
1024 3.9217400550842285
1025 3.8168118000030518
1026 3.9429235458374023
1027 3.8661251068115234
1028 4.130828857421875
1029 3.7046449184417725
1030 3.9298391342163086
1031 4.476710796356201
1032 4.129828929901123
1033 4.205525875091553
1034 4.364977836608887
1035 4.024807929992676
1036 3.7232425212860107
1037 3.7516329288482666
1038 3.4753174781799316
1039 3.890821695327759
1040 3.7698233127593994
1041 3.911855697631836
1042 3.7691256999969482
1043 3.520660638809204
1044 3.6785354614257813
1045 3.403393030166626
1046 3.5665090084075928
1047 3.6795737743377686
1048 3.7415945529937744
1049 3.629577875137329
1050 3.550245761871338
1051 2.9354891777038574
1052 3.3443291187286377
1053 3.4693503379821777
1054 3.155097484588623
1055 3.414135694503784
1056 3.5643279552459717
1057 3.8204147815704346
1058 3.430149555206299
1059 3.4231793880462646
1060 3.2141997814178467
1061 3.340512990951538
1062 3.100595235824585
1063 3.2176835536956787
1064 3.5365447998046875
1065 3.2823972702026367
1066 3.3224964141845703
1067 3.518649101257324
1068 3.567133903503418
1069 3.704904794692993
1070 3.8424248695373535
1071 3.6405816078186035
1072 3.9102554321289063
1073 3.283486843109131
1074 3.2186336517333984
1075 3.3150055408477783
1076 3.4489552974700928
1077 2.9304866790771484
1078 2.8479747772216797
1079 2.890495538711548
1080 2.835355758666992
1081 2.791982650756836
1082 2.907822608947754
1083 3.127727508544922
1084 2.8328914642333984
1085 3.059356689453125
1086 2.954392194747925
1087 2.913184642791748
1088 3.003695487976074
1089 2.8274600505828857
1090 2.9398555755615234
1091 2.98636794090271
1092 2.7277355194091797
1093 2.5338330268859863
1094 2.667870044708252
1095 3.178837537765503
1096 2.892005443572998
1097 2.619391918182373
1098 2.9023804664611816
1099 2.834218978881836
1100 2.4596407413482666
1101 2.663322687149048
1102 2.571225643157959
1103 2.3889541625976563
1104 2.877356767654419
1105 2.5617501735687256
1106 2.766550302505493
1107 2.4482851028442383
1108 2.628321647644043
1109 2.5982797145843506
1110 2.665468454360962
1111 2.7429420948028564
1112 2.653787612915039
1113 2.3883748054504395
1114 2.179553985595703
1115 2.5133678913116455
1116 2.5623717308044434
1117 2.627368211746216
1118 2.6930253505706787
1119 2.7444424629211426
1120 2.809718132019043
1121 2.715954542160034
1122 2.425497055053711
1123 2.5046794414520264
1124 2.4918899536132813
1125 2.5230515003204346
1126 2.6196107864379883
1127 2.511471748352051
1128 2.261284589767456
1129 2.1245646476745605
1130 2.300088882446289
1131 2.333970308303833
1132 2.60855770111084
1133 2.6192595958709717
1134 2.657465934753418
1135 2.5912961959838867
1136 2.9931468963623047
1137 2.9727466106414795
1138 2.358039617538452
1139 2.6104018688201904
1140 2.4243974685668945
1141 2.703761339187622
1142 2.9539787769317627
1143 2.9798569679260254
1144 3.404752254486084
1145 3.637812852859497
1146 3.775228500366211
1147 3.937741756439209
1148 3.532712697982788
1149 4.257765293121338
1150 4.217246055603027
1151 4.407896041870117
1152 4.1167707443237305
1153 4.2536187171936035
1154 4.3420796394348145
1155 4.6300740242004395
1156 4.637945652008057
1157 4.609670162200928
1158 4.2093825340271
1159 3.9497194290161133
1160 4.104954242706299
1161 4.148540019989014
1162 4.347479343414307
1163 3.9176881313323975
1164 3.786095380783081
1165 4.133703231811523
1166 3.7407422065734863
1167 3.983916759490967
1168 4.063588619232178
1169 4.501636505126953
1170 4.611361026763916
1171 3.8427417278289795
1172 3.673647165298462
1173 3.8184378147125244
1174 4.021925926208496
1175 3.8239235877990723
1176 4.010323524475098
1177 3.535247564315796
1178 3.8478527069091797
1179 4.108484268188477
1180 4.579988956451416
1181 4.360557556152344
1182 4.427387237548828
1183 3.7395479679107666
1184 4.269375801086426
1185 4.1531596183776855
1186 3.897545337677002
1187 3.99092698097229
1188 4.041004657745361
1189 3.954411506652832
1190 3.580836772918701
1191 3.519996404647827
1192 3.5654237270355225
1193 3.52398943901062
1194 4.047178745269775
1195 3.6359457969665527
1196 3.725355625152588
1197 3.396047353744507
1198 3.296480417251587
1199 3.0559425354003906
1200 2.9645466804504395
1201 2.9052751064300537
1202 3.1990303993225098
1203 3.228597640991211
1204 2.9543190002441406
1205 3.226628303527832
1206 2.592519998550415
1207 2.745587110519409
1208 2.9270565509796143
1209 2.9024064540863037
1210 2.68641996383667
1211 2.7632060050964355
1212 2.564767837524414
1213 2.7579500675201416
1214 2.6840226650238037
1215 2.8669497966766357
1216 2.7905867099761963
1217 2.7878260612487793
1218 2.8663442134857178
1219 2.6967880725860596
1220 2.5769550800323486
1221 2.4744207859039307
1222 2.5347743034362793
1223 2.3770453929901123
1224 2.682544469833374
1225 2.360921621322632
1226 2.528927803039551
1227 2.6773324012756348
1228 2.804931163787842
1229 3.2220406532287598
1230 3.1994073390960693
1231 3.3651981353759766
1232 3.175236463546753
1233 3.4817090034484863
1234 3.356898784637451
1235 3.385788917541504
1236 3.1916308403015137
1237 3.391543388366699
1238 3.317819833755493
1239 3.432591676712036
1240 3.1279120445251465
1241 3.406942129135132
1242 3.591383695602417
1243 3.345250129699707
1244 3.6496572494506836
1245 2.8104259967803955
1246 2.9192922115325928
1247 2.682147264480591
1248 2.768827438354492
1249 2.475942850112915
1250 2.5504698753356934
1251 2.760709762573242
1252 2.7588722705841064
1253 3.6537303924560547
1254 3.76287841796875
1255 3.691720485687256
1256 3.41556715965271
1257 3.2569825649261475
1258 3.0708956718444824
1259 3.099215269088745
1260 3.026280403137207
1261 3.3344504833221436
1262 3.4526162147521973
1263 3.4813039302825928
1264 3.2955822944641113
1265 3.1272599697113037
1266 2.8299508094787598
1267 3.0719375610351563
1268 3.075763463973999
1269 3.1199936866760254
1270 3.31795597076416
1271 3.5380167961120605
1272 3.517357110977173
1273 3.624624013900757
1274 3.3934247493743896
1275 3.4720520973205566
1276 3.6372122764587402
1277 3.4929821491241455
1278 3.653588056564331
1279 3.7412374019622803
1280 3.641164541244507
1281 3.537503719329834
1282 3.4388937950134277
1283 3.510169744491577
1284 3.394078254699707
1285 3.5010571479797363
1286 3.5941050052642822
1287 3.4485411643981934
1288 3.2308707237243652
1289 3.105424642562866
1290 3.069150924682617
1291 3.0185368061065674
1292 3.5725185871124268
1293 3.3144173622131348
1294 3.384580135345459
1295 3.241847515106201
1296 3.154325246810913
1297 3.172093391418457
1298 3.5121283531188965
1299 3.276761531829834
1300 3.417682647705078
1301 3.270259141921997
1302 3.4531290531158447
1303 3.5198814868927
1304 3.3884365558624268
1305 3.859530448913574
1306 3.762730836868286
1307 3.5023446083068848
1308 3.3003950119018555
1309 3.4391653537750244
1310 3.2804808616638184
1311 3.223175287246704
1312 2.9733734130859375
1313 3.1749866008758545
1314 3.2116427421569824
1315 3.3360822200775146
1316 3.1356334686279297
1317 3.3473551273345947
1318 3.3162286281585693
1319 3.416364908218384
1320 3.2133569717407227
1321 3.1988439559936523
1322 3.2188403606414795
1323 3.3576865196228027
1324 3.5243871212005615
1325 3.5039994716644287
1326 3.3822648525238037
1327 3.3820269107818604
1328 3.177797555923462
1329 2.968317985534668
1330 2.9574146270751953
1331 3.0394480228424072
1332 3.1671860218048096
1333 2.6529312133789063
1334 2.3834455013275146
1335 2.8412973880767822
1336 2.803464412689209
1337 2.573516368865967
1338 2.383622407913208
1339 2.234006404876709
1340 2.24546217918396
1341 2.226515054702759
1342 2.0964879989624023
1343 2.3195202350616455
1344 2.5803136825561523
1345 2.5060906410217285
1346 2.549246311187744
1347 2.595276355743408
1348 2.6979587078094482
1349 2.5417215824127197
1350 2.530061960220337
1351 2.676922082901001
1352 2.7791411876678467
1353 2.723256826400757
1354 2.3140881061553955
1355 2.6418356895446777
1356 2.50927734375
1357 2.3344545364379883
1358 2.274536609649658
1359 2.3539175987243652
1360 2.6896471977233887
1361 2.0177464485168457
1362 2.130112648010254
1363 2.510680913925171
1364 2.444659471511841
1365 2.3565196990966797
1366 2.25528883934021
1367 2.5476107597351074
1368 2.6454458236694336
1369 2.744927167892456
1370 2.7176244258880615
1371 2.593087911605835
1372 2.484546422958374
1373 2.765568494796753
1374 2.517678737640381
1375 2.4853599071502686
1376 2.9139599800109863
1377 2.8787307739257813
1378 2.960679292678833
1379 2.8769898414611816
1380 3.1294052600860596
1381 2.873603582382202
1382 2.960848093032837
1383 3.0434865951538086
1384 3.345552921295166
1385 2.927194595336914
1386 2.908952236175537
1387 2.8638548851013184
1388 2.7649338245391846
1389 2.9991817474365234
1390 3.0151188373565674
1391 2.919734477996826
1392 2.918410062789917
1393 2.9428462982177734
1394 3.461477041244507
1395 3.41207218170166
1396 3.313418388366699
1397 3.453623056411743
1398 3.214495897293091
1399 3.1206417083740234
1400 3.15019154548645
1401 3.094104528427124
1402 3.075439453125
1403 3.4506778717041016
1404 3.2381014823913574
1405 3.3094801902770996
1406 3.233811378479004
1407 3.334723472595215
1408 3.3590314388275146
1409 3.1119072437286377
1410 3.1599185466766357
1411 3.194652557373047
1412 3.2418675422668457
1413 3.1671321392059326
1414 3.548848867416382
1415 3.725074052810669
1416 4.00811243057251
1417 3.685804843902588
1418 4.0895843505859375
1419 3.5875980854034424
1420 3.40651535987854
1421 3.4039337635040283
1422 3.3278262615203857
1423 3.355823040008545
1424 3.644221782684326
1425 3.1012020111083984
1426 3.188951015472412
1427 2.9797139167785645
1428 3.0416643619537354
1429 3.1764519214630127
1430 2.9876999855041504
1431 2.7568390369415283
1432 2.615938663482666
1433 2.972705364227295
1434 3.1590957641601563
1435 2.7781589031219482
1436 2.904296398162842
1437 3.1369826793670654
1438 3.66119647026062
1439 3.1913185119628906
1440 3.1991236209869385
1441 2.9766252040863037
1442 2.717902183532715
1443 2.3846302032470703
1444 2.3940560817718506
1445 2.2977054119110107
1446 2.6091833114624023
1447 2.880131721496582
1448 2.8478291034698486
1449 2.6138272285461426
1450 2.8606183528900146
1451 2.8303024768829346
1452 2.713214635848999
1453 3.0285003185272217
1454 3.121234893798828
1455 3.2189440727233887
1456 2.9404664039611816
1457 2.8873941898345947
1458 2.755732536315918
1459 2.668018102645874
1460 2.6586432456970215
1461 3.052734136581421
1462 2.9955854415893555
1463 3.0568113327026367
1464 3.0317821502685547
1465 3.13478684425354
1466 3.0490705966949463
1467 2.95103120803833
1468 2.7574524879455566
1469 2.8553686141967773
1470 2.82344388961792
1471 2.726931571960449
1472 2.6030936241149902
1473 2.5992190837860107
1474 2.9110450744628906
1475 3.2887773513793945
1476 3.070629835128784
1477 2.8529090881347656
1478 3.002316474914551
1479 2.839789628982544
1480 3.0274131298065186
1481 2.9172465801239014
1482 2.5719029903411865
1483 2.5928192138671875
1484 2.662442207336426
1485 2.861598014831543
1486 2.7957980632781982
1487 2.849578857421875
1488 2.9780263900756836
1489 2.706583261489868
1490 2.5464224815368652
1491 3.0068798065185547
1492 2.8795511722564697
1493 2.869204521179199
1494 2.9448564052581787
1495 2.8301591873168945
1496 2.874709129333496
1497 2.8164620399475098
1498 2.5955653190612793
1499 2.6097140312194824
1500 2.3577425479888916
1501 2.886681318283081
1502 3.2803001403808594
1503 2.7654757499694824
1504 2.6628386974334717
1505 2.8264987468719482
1506 2.799316644668579
1507 2.720057725906372
1508 3.084554433822632
1509 2.9555845260620117
1510 3.1658804416656494
1511 2.747382402420044
1512 2.870265483856201
1513 2.996250629425049
1514 3.2065083980560303
1515 2.5285565853118896
1516 2.5921247005462646
1517 2.369462728500366
1518 2.309265375137329
1519 2.5037050247192383
1520 2.4505510330200195
1521 2.4630990028381348
1522 2.622546672821045
1523 2.310159683227539
1524 2.6436328887939453
1525 2.5862340927124023
1526 2.6748597621917725
1527 2.821831703186035
1528 3.153735637664795
1529 3.1571223735809326
1530 3.292951822280884
1531 3.395469903945923
1532 3.185166835784912
1533 3.3785364627838135
1534 3.7768330574035645
1535 3.5821471214294434
1536 3.698300361633301
1537 3.6801905632019043
1538 3.5791611671447754
1539 3.8565337657928467
1540 3.564359188079834
1541 3.052354097366333
1542 3.2925775051116943
1543 3.5010058879852295
1544 3.505406141281128
1545 3.5864334106445313
1546 3.7119338512420654
1547 3.2439088821411133
1548 2.971796751022339
1549 2.8631246089935303
1550 3.001117467880249
1551 2.968705415725708
1552 3.0087215900421143
1553 3.317126750946045
1554 2.919903516769409
1555 2.7205960750579834
1556 2.9884696006774902
1557 2.662585496902466
1558 2.8951451778411865
1559 3.33691143989563
1560 3.015481472015381
1561 3.397120237350464
1562 3.7000479698181152
1563 3.6485517024993896
1564 3.397244691848755
1565 3.3133974075317383
1566 3.314995050430298
1567 2.890622615814209
1568 3.0078577995300293
1569 3.18806529045105
1570 3.339346408843994
1571 3.1634390354156494
1572 3.319343328475952
1573 2.985197067260742
1574 2.8381340503692627
1575 2.7466163635253906
1576 3.3159751892089844
1577 3.0224289894104004
1578 3.332479953765869
1579 3.4781124591827393
1580 3.8018736839294434
1581 3.7447474002838135
1582 3.9506912231445313
1583 3.8020381927490234
1584 3.5987043380737305
1585 4.019235134124756
1586 4.230695724487305
1587 4.50515604019165
1588 4.460635185241699
1589 4.140264511108398
1590 4.293612003326416
1591 4.47594690322876
1592 4.412801742553711
1593 4.107306480407715
1594 4.196878910064697
1595 3.4844205379486084
1596 3.530848741531372
1597 3.4864342212677
1598 3.1382968425750732
1599 3.547457456588745
1600 3.3940203189849854
1601 3.4235291481018066
1602 3.5773465633392334
1603 3.491976022720337
1604 3.0267460346221924
1605 3.6098899841308594
1606 3.384153127670288
1607 3.186866044998169
1608 2.8475420475006104
1609 2.7582340240478516
1610 3.1313250064849854
1611 2.8760199546813965
1612 2.7875139713287354
1613 2.381890296936035
1614 2.8103983402252197
1615 2.6060898303985596
1616 2.18314790725708
1617 1.9047999382019043
1618 2.1559159755706787
1619 2.3398420810699463
1620 2.322391986846924
1621 2.4480907917022705
1622 2.53349232673645
1623 2.5202527046203613
1624 2.5691077709198
1625 2.8579659461975098
1626 3.1349804401397705
1627 3.076000213623047
1628 3.2272744178771973
1629 3.118307113647461
1630 3.073347568511963
1631 2.8476266860961914
1632 2.7855772972106934
1633 3.1320154666900635
1634 3.4710919857025146
1635 3.8089654445648193
1636 3.659834146499634
1637 3.547018527984619
1638 3.1368980407714844
1639 3.3219614028930664
1640 3.2658913135528564
1641 3.046023368835449
1642 2.685131311416626
1643 2.498265504837036
1644 2.2240171432495117
1645 2.1341633796691895
1646 2.057126760482788
1647 2.34820556640625
1648 2.5857326984405518
1649 2.6936728954315186
1650 2.744375228881836
1651 2.8062126636505127
1652 2.670902729034424
1653 2.4924895763397217
1654 2.3437700271606445
1655 2.2889997959136963
1656 2.4385480880737305
1657 2.638202428817749
1658 2.608163833618164
1659 2.533109664916992
1660 2.552772283554077
1661 2.4170081615448
1662 2.6777384281158447
1663 2.345184326171875
1664 2.527362823486328
1665 2.44134521484375
1666 2.5970659255981445
1667 3.112215042114258
1668 2.954305648803711
1669 3.0305891036987305
1670 3.061256170272827
1671 2.761043071746826
1672 2.616603136062622
1673 2.6430394649505615
1674 2.570575714111328
1675 2.2266616821289063
1676 2.3285892009735107
1677 2.2524611949920654
1678 2.319110631942749
1679 2.314523935317993
1680 2.439307928085327
1681 2.3611717224121094
1682 2.2945520877838135
1683 2.22027850151062
1684 2.2577455043792725
1685 2.2998969554901123
1686 2.1858346462249756
1687 2.2772276401519775
1688 2.11234450340271
1689 2.410923719406128
1690 2.341413974761963
1691 2.269561290740967
1692 2.8926568031311035
1693 2.9348812103271484
1694 2.8377580642700195
1695 2.6164803504943848
1696 2.8279836177825928
1697 2.7803397178649902
1698 2.5433247089385986
1699 2.769904136657715
1700 2.1685194969177246
1701 2.062120199203491
1702 2.3302817344665527
1703 2.508594036102295
1704 2.923050880432129
1705 2.759305953979492
1706 2.7110259532928467
1707 2.643617630004883
1708 2.7844479084014893
1709 3.041548252105713
1710 2.6774425506591797
1711 2.7323176860809326
1712 2.8083434104919434
1713 2.8755435943603516
1714 3.100911855697632
1715 3.0858700275421143
1716 2.802086591720581
1717 2.9846489429473877
1718 2.862095355987549
1719 2.599595785140991
1720 2.4671058654785156
1721 2.5715150833129883
1722 2.5496230125427246
1723 2.5303537845611572
1724 2.433652400970459
1725 2.6872737407684326
1726 2.767850399017334
1727 2.7060704231262207
1728 2.460221529006958
1729 2.6364071369171143
1730 2.27522611618042
1731 2.4637551307678223
1732 2.4930992126464844
1733 2.601254940032959
1734 2.8245837688446045
1735 2.6581766605377197
1736 2.605339765548706
1737 2.3025572299957275
1738 2.380362033843994
1739 2.0705254077911377
1740 2.4972639083862305
1741 2.7027509212493896
1742 2.410982131958008
1743 2.3644092082977295
1744 2.6316401958465576
1745 2.739210367202759
1746 2.6294355392456055
1747 2.40134334564209
1748 2.7109172344207764
1749 2.9664666652679443
1750 3.024139642715454
1751 2.9375383853912354
1752 2.664668321609497
1753 2.5202817916870117
1754 2.5286107063293457
1755 2.3825502395629883
1756 2.5900113582611084
1757 2.4830515384674072
1758 2.31856369972229
1759 2.259396553039551
1760 2.172316074371338
1761 2.0504393577575684
1762 1.9789094924926758
1763 2.1460840702056885
1764 1.812265157699585
1765 1.95294988155365
1766 1.8510851860046387
1767 1.9344156980514526
1768 1.9699887037277222
1769 2.211905002593994
1770 2.3246848583221436
1771 2.123854160308838
1772 1.9571951627731323
1773 1.7098227739334106
1774 1.9278779029846191
1775 2.228440999984741
1776 2.218125343322754
1777 2.1399214267730713
1778 2.105217933654785
1779 2.4545559883117676
1780 2.129925012588501
1781 2.134902000427246
1782 2.057365655899048
1783 1.9422905445098877
1784 1.954725742340088
1785 2.0928781032562256
1786 1.9052536487579346
1787 2.2985305786132813
1788 2.2252161502838135
1789 2.344913959503174
1790 2.415715217590332
1791 2.625734329223633
1792 2.767655372619629
1793 2.993875503540039
1794 2.8840274810791016
1795 3.0066981315612793
1796 2.957822322845459
1797 2.843071937561035
1798 2.8282723426818848
1799 2.964280843734741
1800 2.4013993740081787
1801 2.346052885055542
1802 2.3390440940856934
1803 2.0750935077667236
1804 2.413236618041992
1805 2.3535189628601074
1806 2.1568660736083984
1807 2.3651680946350098
1808 2.553129196166992
1809 2.418858289718628
1810 2.374568223953247
1811 2.3951542377471924
1812 2.519777536392212
1813 2.276170492172241
1814 2.365443706512451
1815 2.4457662105560303
1816 2.435068368911743
1817 2.108583450317383
1818 2.281991720199585
1819 2.434676170349121
1820 2.4298646450042725
1821 2.5749149322509766
1822 2.2317161560058594
1823 2.38619065284729
1824 2.470513343811035
1825 2.609787940979004
1826 2.46626353263855
1827 2.2401790618896484
1828 2.411041736602783
1829 2.815979242324829
1830 2.8303749561309814
1831 3.2141835689544678
1832 3.20444393157959
1833 3.1849873065948486
1834 3.5516340732574463
1835 3.7251927852630615
1836 3.730985403060913
1837 4.01631498336792
1838 3.808316707611084
1839 3.7964000701904297
1840 3.7234983444213867
1841 3.596562147140503
1842 3.778635025024414
1843 3.9003963470458984
1844 3.563905954360962
1845 3.7985999584198
1846 3.6234536170959473
1847 3.492039918899536
1848 3.805508852005005
1849 3.734262704849243
1850 3.735956907272339
1851 3.8506500720977783
1852 4.0378642082214355
1853 3.4163975715637207
1854 3.425102949142456
1855 3.3279082775115967
1856 3.1537156105041504
1857 3.0512425899505615
1858 3.2310078144073486
1859 3.084956645965576
1860 2.851623058319092
1861 3.046612024307251
1862 3.040261745452881
1863 2.7316036224365234
1864 2.9749014377593994
1865 3.012495279312134
1866 2.9676637649536133
1867 2.8802268505096436
1868 3.0965237617492676
1869 3.1754112243652344
1870 2.9084863662719727
1871 2.7433395385742188
1872 2.5266947746276855
1873 2.5808534622192383
1874 2.646775960922241
1875 2.379967451095581
1876 2.568774938583374
1877 2.431162118911743
1878 2.5522305965423584
1879 2.8559722900390625
1880 2.7279114723205566
1881 2.517199754714966
1882 2.375288486480713
1883 2.3849663734436035
1884 2.2459170818328857
1885 2.393705368041992
1886 2.704106330871582
1887 2.541476011276245
1888 2.5020108222961426
1889 2.5095701217651367
1890 2.4649550914764404
1891 2.7015693187713623
1892 2.7429795265197754
1893 2.6375482082366943
1894 2.941432237625122
1895 2.872549295425415
1896 2.618424892425537
1897 2.79323148727417
1898 2.7645323276519775
1899 2.9166934490203857
1900 2.684072256088257
1901 2.6359798908233643
1902 2.767526865005493
1903 2.7220261096954346
1904 2.781137466430664
1905 2.948702096939087
1906 2.968578577041626
1907 2.6723852157592773
1908 2.5047802925109863
1909 2.655132293701172
1910 2.9857470989227295
1911 2.9746575355529785
1912 3.027158737182617
1913 2.466078758239746
1914 2.586646795272827
1915 2.5364227294921875
1916 2.689624309539795
1917 2.697859764099121
1918 2.3334295749664307
1919 2.549474000930786
1920 2.5515217781066895
1921 2.8952739238739014
1922 2.800476551055908
1923 2.8889174461364746
1924 2.970155954360962
1925 2.891716241836548
1926 2.84594988822937
1927 2.7039096355438232
1928 2.9335579872131348
1929 2.272491216659546
1930 2.2394723892211914
1931 2.4164223670959473
1932 2.034470319747925
1933 2.153550386428833
1934 2.015713930130005
1935 2.3222758769989014
1936 2.0519070625305176
1937 2.2516677379608154
1938 2.1980183124542236
1939 2.2139041423797607
1940 2.3765804767608643
1941 2.292227268218994
1942 2.379788637161255
1943 2.054328203201294
1944 2.076974391937256
1945 1.913031816482544
1946 2.3192834854125977
1947 2.197619915008545
1948 2.150967836380005
1949 2.2855827808380127
1950 2.326772928237915
1951 2.438845157623291
1952 2.5211849212646484
1953 2.527925729751587
1954 2.3018124103546143
1955 2.4344117641448975
1956 2.484639883041382
1957 2.220961570739746
1958 2.0533621311187744
1959 2.258384943008423
1960 2.4583659172058105
1961 2.358004331588745
1962 2.3880932331085205
1963 2.3469619750976563
1964 2.352971315383911
1965 2.508671760559082
1966 2.6267166137695313
1967 2.5480949878692627
1968 2.539029836654663
1969 2.61191725730896
1970 2.334650754928589
1971 2.483398914337158
1972 2.4592225551605225
1973 2.34136700630188
1974 2.301842451095581
1975 2.392022132873535
1976 2.237929582595825
1977 2.220745086669922
1978 2.3920443058013916
1979 2.579573631286621
1980 2.7487235069274902
1981 2.2009854316711426
1982 2.1578381061553955
1983 2.189727544784546
1984 2.426271677017212
1985 2.4003798961639404
1986 2.2484664916992188
1987 2.433840274810791
1988 2.2340705394744873
1989 2.362071990966797
1990 2.5395495891571045
1991 2.6667425632476807
1992 2.2602837085723877
1993 2.372779130935669
1994 2.537256956100464
1995 2.5590953826904297
1996 2.737131357192993
1997 2.847426652908325
1998 2.6868183612823486
1999 2.6495745182037354
2000 2.6728463172912598
2001 2.495950698852539
2002 2.622602939605713
2003 2.6521425247192383
2004 2.9433484077453613
2005 2.6498422622680664
2006 2.8898122310638428
2007 3.1006369590759277
2008 2.9740514755249023
2009 2.7845070362091064
2010 2.681016683578491
2011 2.411008834838867
2012 2.2359416484832764
2013 2.1917061805725098
2014 2.2547786235809326
2015 2.177500009536743
2016 2.331799030303955
2017 2.3502628803253174
2018 2.539048910140991
2019 2.4933183193206787
2020 2.678839683532715
2021 2.693758249282837
2022 2.7260537147521973
2023 2.6551284790039063
2024 2.5925726890563965
2025 2.6272947788238525
2026 2.468017816543579
2027 2.549314498901367
2028 2.5032503604888916
2029 2.3866126537323
2030 2.49794864654541
2031 2.405013084411621
2032 2.409471035003662
2033 2.5897107124328613
2034 2.7301206588745117
2035 2.5287020206451416
2036 2.3680315017700195
2037 2.00701642036438
2038 2.163008213043213
2039 1.9864403009414673
2040 1.976394534111023
2041 2.5487282276153564
2042 2.467660903930664
2043 2.0128424167633057
2044 2.007054567337036
2045 2.046079158782959
2046 2.101052761077881
2047 2.1032915115356445
2048 2.289091110229492
2049 2.2422876358032227
2050 2.2498514652252197
2051 2.487588405609131
2052 2.924013137817383
2053 2.555629253387451
2054 2.69081711769104
2055 2.7937915325164795
2056 2.7361018657684326
2057 2.7234041690826416
2058 2.5839433670043945
2059 2.385807752609253
2060 2.425546884536743
2061 2.7415003776550293
2062 2.7713966369628906
2063 2.647141933441162
2064 2.490346670150757
2065 2.8856005668640137
2066 2.6248204708099365
2067 2.9116458892822266
2068 2.970388650894165
2069 3.163973093032837
2070 2.508172035217285
2071 2.3650875091552734
2072 2.3090858459472656
2073 2.5128748416900635
2074 2.643068790435791
2075 2.7748615741729736
2076 2.772580862045288
2077 2.5989420413970947
2078 2.676863670349121
2079 2.5982918739318848
2080 2.757643461227417
2081 2.6428282260894775
2082 2.789106607437134
2083 2.888486862182617
2084 2.6154685020446777
2085 2.7031452655792236
2086 2.7400522232055664
2087 2.679025173187256
2088 2.6602280139923096
2089 2.6492257118225098
2090 2.7217137813568115
2091 2.2866406440734863
2092 2.300614833831787
2093 2.2802155017852783
2094 2.383638858795166
2095 2.532698631286621
2096 2.3245842456817627
2097 2.2711780071258545
2098 2.336371898651123
2099 2.4232566356658936
2100 2.387047290802002
2101 2.482084274291992
2102 2.3943300247192383
2103 2.370532512664795
2104 2.245025873184204
2105 2.3503777980804443
2106 2.50185489654541
2107 2.7335379123687744
2108 2.4619662761688232
2109 2.549290180206299
2110 2.6057727336883545
2111 2.683316230773926
2112 2.8924570083618164
2113 2.7635319232940674
2114 2.712625741958618
2115 2.8731448650360107
2116 2.933265209197998
2117 2.855046033859253
2118 2.6568350791931152
2119 2.685502290725708
2120 2.4652743339538574
2121 2.5373592376708984
2122 2.4254348278045654
2123 2.6372780799865723
2124 2.928781509399414
2125 3.015552520751953
2126 2.9264113903045654
2127 2.8525445461273193
2128 2.7031784057617188
2129 2.9405577182769775
2130 3.505368232727051
2131 3.089951992034912
2132 3.276184320449829
2133 3.1853437423706055
2134 3.1636288166046143
2135 3.286698579788208
2136 3.1475043296813965
2137 3.1836729049682617
2138 3.1479480266571045
2139 3.1528751850128174
2140 3.0871660709381104
2141 2.99680233001709
2142 2.7809619903564453
2143 3.2670183181762695
2144 3.5780789852142334
2145 2.993816614151001
2146 2.6729228496551514
2147 2.717078447341919
2148 2.8874928951263428
2149 3.043670892715454
2150 2.8077328205108643
2151 2.3752291202545166
2152 2.581530809402466
2153 2.4040071964263916
2154 2.61437726020813
2155 2.84206485748291
2156 3.0931642055511475
2157 2.8813650608062744
2158 2.814614772796631
2159 3.1963939666748047
2160 2.8666961193084717
2161 3.1075308322906494
2162 3.3261373043060303
2163 3.508269786834717
2164 3.4145686626434326
2165 2.991755485534668
2166 3.3392045497894287
2167 3.410165786743164
2168 3.4688870906829834
2169 3.098273277282715
2170 3.0341060161590576
2171 2.805325746536255
2172 2.7789454460144043
2173 2.996476888656616
2174 2.841015577316284
2175 2.5696306228637695
2176 2.6454434394836426
2177 2.9583773612976074
2178 2.6416282653808594
2179 2.9183411598205566
2180 3.178473711013794
2181 3.3018410205841064
2182 3.1659812927246094
2183 3.244874954223633
2184 3.4395062923431396
2185 3.4607534408569336
2186 3.341552257537842
2187 3.3236191272735596
2188 3.1434805393218994
2189 3.0200047492980957
2190 3.2268872261047363
2191 2.980222463607788
2192 3.308687210083008
2193 3.6397695541381836
2194 3.8223156929016113
2195 3.8743278980255127
2196 3.836102247238159
2197 3.9807305335998535
2198 4.0459771156311035
2199 4.281847953796387
2200 4.166654586791992
2201 4.001131534576416
2202 3.994523763656616
2203 3.960174083709717
2204 3.7184641361236572
2205 3.3564419746398926
2206 3.438544988632202
2207 3.6324539184570313
2208 3.4242184162139893
2209 3.676865816116333
2210 3.4309072494506836
2211 3.0538527965545654
2212 3.3898894786834717
2213 3.3121728897094727
2214 3.4910213947296143
2215 3.489027976989746
2216 3.7855565547943115
2217 3.616502285003662
2218 3.6488304138183594
2219 3.647334337234497
2220 3.5086677074432373
2221 3.551060914993286
2222 3.3079848289489746
2223 3.120448112487793
2224 3.1497464179992676
2225 3.136645793914795
2226 3.4270060062408447
2227 3.19846248626709
2228 3.0993223190307617
2229 3.466024398803711
2230 3.5762546062469482
2231 3.179823637008667
2232 2.923799991607666
2233 3.011244058609009
2234 2.9337921142578125
2235 2.6920740604400635
2236 2.386223077774048
2237 2.4715051651000977
2238 2.5059759616851807
2239 2.2303929328918457
2240 2.274350643157959
2241 2.321786642074585
2242 2.658998727798462
2243 2.517178535461426
2244 2.881058931350708
2245 2.8182008266448975
2246 2.888415813446045
2247 2.6039931774139404
2248 2.7982537746429443
2249 2.6442220211029053
2250 2.8316164016723633
2251 3.083089590072632
2252 3.047471523284912
2253 3.243408203125
2254 3.315657138824463
2255 3.017423629760742
2256 3.4355452060699463
2257 3.4180147647857666
2258 3.1101417541503906
2259 2.725627899169922
2260 2.7991104125976563
2261 2.462603807449341
2262 2.734593152999878
2263 2.592543601989746
2264 2.4693849086761475
2265 2.5690717697143555
2266 2.7062835693359375
2267 2.945880651473999
2268 2.9339020252227783
2269 2.8629446029663086
2270 3.059454917907715
2271 3.4924941062927246
2272 3.1113803386688232
2273 3.0963315963745117
2274 3.0991201400756836
2275 3.250340461730957
2276 3.001486301422119
2277 2.8455822467803955
2278 2.9650511741638184
2279 2.7383668422698975
2280 2.729252815246582
2281 2.881495475769043
2282 2.721958637237549
2283 2.668853282928467
2284 2.869971990585327
2285 2.7365241050720215
2286 2.837217330932617
2287 2.566063642501831
2288 2.388545036315918
2289 2.657151699066162
2290 2.78117036819458
2291 2.7157461643218994
2292 2.7303900718688965
2293 3.049868106842041
2294 3.048814296722412
2295 3.182220220565796
2296 2.9695630073547363
2297 3.187551259994507
2298 3.2095375061035156
2299 3.3421289920806885
2300 3.4826319217681885
2301 3.4123122692108154
2302 3.283651113510132
2303 3.403996467590332
2304 3.195784568786621
2305 3.406653642654419
2306 3.568211793899536
2307 3.665064811706543
2308 3.492879629135132
2309 3.739943504333496
2310 3.244032382965088
2311 3.162203550338745
2312 3.1750829219818115
2313 3.1552112102508545
2314 3.0978105068206787
2315 2.9893414974212646
2316 2.6275742053985596
2317 2.3939907550811768
2318 2.425492286682129
2319 2.6402230262756348
2320 3.120528221130371
2321 2.808440923690796
2322 2.6771316528320313
2323 2.628507614135742
2324 2.6393508911132813
2325 2.46225643157959
2326 2.5066463947296143
2327 2.4761552810668945
2328 2.5962777137756348
2329 2.4000730514526367
2330 2.184952974319458
2331 2.6311354637145996
2332 2.72428035736084
2333 2.9696919918060303
2334 2.770787000656128
2335 2.7068357467651367
2336 2.7678444385528564
2337 2.804006338119507
2338 2.8293204307556152
2339 2.661789655685425
2340 2.7209622859954834
2341 2.813774824142456
2342 2.7019853591918945
2343 2.3321380615234375
2344 2.1495158672332764
2345 2.296022891998291
2346 2.284574270248413
2347 2.501034736633301
2348 2.547753095626831
2349 2.7821719646453857
2350 2.8315086364746094
2351 2.548422336578369
2352 2.5881991386413574
2353 2.726855993270874
2354 2.4375534057617188
2355 2.4319090843200684
2356 2.5704996585845947
2357 2.775933027267456
2358 2.96551513671875
2359 2.9717087745666504
2360 2.8795697689056396
2361 2.7927496433258057
2362 3.1011478900909424
2363 2.7805793285369873
2364 2.3679468631744385
2365 2.1320717334747314
2366 2.3513717651367188
2367 2.622135877609253
2368 2.8367254734039307
2369 2.3718812465667725
2370 2.6343538761138916
2371 2.536574125289917
2372 2.4210546016693115
2373 2.524384021759033
2374 2.619229793548584
2375 2.9741110801696777
2376 2.6655921936035156
2377 2.752697706222534
2378 2.7773234844207764
2379 3.0024118423461914
2380 3.2799227237701416
2381 3.400038480758667
2382 3.16558575630188
2383 3.0894362926483154
2384 3.2569286823272705
2385 3.0180673599243164
2386 2.9207327365875244
2387 2.8584794998168945
2388 2.4510438442230225
2389 2.756978988647461
2390 3.09625506401062
2391 3.061133623123169
2392 2.9829154014587402
2393 3.1936824321746826
2394 3.219865560531616
2395 3.5003557205200195
2396 3.2548766136169434
2397 3.3301398754119873
2398 3.3499178886413574
2399 3.3095850944519043
2400 2.709623336791992
2401 2.7323641777038574
2402 2.423395872116089
2403 2.471674680709839
2404 2.6645424365997314
2405 2.596076726913452
2406 2.5980591773986816
2407 2.486072063446045
2408 2.547450304031372
2409 2.6562671661376953
2410 2.7827587127685547
2411 2.781940221786499
2412 2.5576274394989014
2413 2.7536611557006836
2414 2.5551915168762207
2415 2.9745490550994873
2416 2.908113956451416
2417 2.9973416328430176
2418 2.938129425048828
2419 2.8958983421325684
2420 2.8704679012298584
2421 2.802229404449463
2422 2.9196298122406006
2423 2.8502731323242188
2424 2.633011817932129
2425 2.843498945236206
2426 3.119368314743042
2427 2.9726264476776123
2428 2.9362823963165283
2429 2.978886604309082
2430 2.6953649520874023
2431 3.2756805419921875
2432 3.1747570037841797
2433 2.909114122390747
2434 2.9783315658569336
2435 2.977254867553711
2436 3.046867847442627
2437 3.151355743408203
2438 2.8663978576660156
2439 2.9443650245666504
2440 2.852108955383301
2441 3.041604995727539
2442 3.200305461883545
2443 3.148139476776123
2444 3.3582026958465576
2445 3.5313639640808105
2446 3.4851784706115723
2447 3.032465934753418
2448 2.905259370803833
2449 2.8870582580566406
2450 2.857306957244873
2451 2.916451930999756
2452 2.7386858463287354
2453 2.6616430282592773
2454 2.43839168548584
2455 2.7795462608337402
2456 2.477494478225708
2457 2.7420902252197266
2458 3.0537283420562744
2459 3.17581844329834
2460 3.3196346759796143
2461 3.308828830718994
2462 2.9870758056640625
2463 3.13458514213562
2464 3.397925853729248
2465 3.5681779384613037
2466 3.0943665504455566
2467 3.0861032009124756
2468 3.136507511138916
2469 3.1899030208587646
2470 3.0030276775360107
2471 3.0774364471435547
2472 3.114246368408203
2473 3.1265995502471924
2474 2.9826316833496094
2475 2.9070956707000732
2476 2.8129842281341553
2477 3.0173139572143555
2478 3.115060806274414
2479 2.9491329193115234
2480 2.991783380508423
2481 3.126577615737915
2482 2.7061543464660645
2483 3.3449559211730957
2484 3.298860549926758
2485 3.439065456390381
2486 3.29412579536438
2487 3.163606643676758
2488 3.401362419128418
2489 3.4116482734680176
2490 3.64213490486145
2491 3.3328821659088135
2492 2.971123695373535
2493 3.2775988578796387
2494 3.4704341888427734
2495 3.5269341468811035
2496 3.588085651397705
2497 3.412628173828125
2498 3.2508926391601563
2499 3.4217453002929688
2500 3.4134323596954346
2501 3.6005475521087646
2502 3.182297706604004
2503 3.4652276039123535
2504 3.3762428760528564
2505 3.045496940612793
2506 3.3138277530670166
2507 3.0018625259399414
2508 2.915137767791748
2509 2.824685573577881
2510 2.989244222640991
2511 2.870543956756592
2512 2.6126842498779297
2513 3.0250864028930664
2514 2.9954586029052734
2515 3.2605550289154053
2516 3.024933099746704
2517 2.863668203353882
2518 2.9428646564483643
2519 2.728295087814331
2520 2.7566370964050293
2521 3.1656036376953125
2522 3.2547993659973145
2523 3.1640491485595703
2524 3.3838186264038086
2525 3.4123809337615967
2526 2.7783100605010986
2527 3.0117695331573486
2528 2.8207106590270996
2529 2.832796573638916
2530 2.6422221660614014
2531 2.7226297855377197
2532 2.705514669418335
2533 2.8800148963928223
2534 3.109564781188965
2535 2.952918529510498
2536 2.780595541000366
2537 2.8884379863739014
2538 3.0340514183044434
2539 2.5997447967529297
2540 2.802687168121338
2541 2.5706515312194824
2542 2.560086488723755
2543 2.828531503677368
2544 3.0391485691070557
2545 3.0941333770751953
2546 3.344425678253174
2547 3.1913609504699707
2548 2.8977699279785156
2549 3.264930248260498
2550 3.4883151054382324
2551 3.2639822959899902
2552 3.232555627822876
2553 3.2022957801818848
2554 3.2958617210388184
2555 3.1593070030212402
2556 3.0941224098205566
2557 2.7794461250305176
2558 2.8388545513153076
2559 2.8088953495025635
2560 2.925617218017578
2561 3.060417652130127
2562 2.814023971557617
2563 2.7691731452941895
2564 2.911424160003662
2565 2.9102623462677
2566 2.942387580871582
2567 2.9994723796844482
2568 3.207500696182251
2569 3.1623783111572266
2570 2.7448928356170654
2571 2.8878557682037354
2572 3.0176002979278564
2573 3.0030131340026855
2574 2.8175859451293945
2575 2.663548231124878
2576 3.0674004554748535
2577 2.7418465614318848
2578 2.477076530456543
2579 2.482785940170288
2580 2.545797109603882
2581 2.604257345199585
2582 2.9658751487731934
2583 3.0958282947540283
2584 2.781804084777832
2585 2.7436492443084717
2586 2.7201812267303467
2587 2.6013803482055664
2588 2.662177562713623
2589 2.9636118412017822
2590 2.9914052486419678
2591 2.7202579975128174
2592 2.2853660583496094
2593 2.4843010902404785
2594 2.3029887676239014
2595 2.1337838172912598
2596 2.1301047801971436
2597 2.395618438720703
2598 2.5487163066864014
2599 2.57771897315979
2600 2.5974748134613037
2601 2.570464611053467
2602 2.6085000038146973
2603 2.4109151363372803
2604 2.7570812702178955
2605 2.471769332885742
2606 2.4578185081481934
2607 2.399991273880005
2608 2.3568625450134277
2609 2.3809361457824707
2610 2.5223641395568848
2611 2.3833940029144287
2612 2.587545871734619
2613 2.6828160285949707
2614 2.9001567363739014
2615 2.866811513900757
2616 2.8636438846588135
2617 2.961599349975586
2618 3.038147211074829
2619 2.718034267425537
2620 2.5783779621124268
2621 2.6219751834869385
2622 2.3917222023010254
2623 2.3008294105529785
2624 2.482041835784912
2625 2.531200885772705
2626 2.369450569152832
2627 2.381967782974243
2628 2.5097599029541016
2629 2.5672731399536133
2630 2.6047534942626953
2631 2.7694578170776367
2632 2.6147403717041016
2633 2.615928888320923
2634 2.607966899871826
2635 2.7862188816070557
2636 2.790822982788086
2637 3.098653793334961
2638 2.8579795360565186
2639 2.8991496562957764
2640 2.657971143722534
2641 2.7051198482513428
2642 2.9270594120025635
2643 2.9159438610076904
2644 2.943061351776123
2645 2.911655902862549
2646 2.715130090713501
2647 2.8427679538726807
2648 2.609593391418457
2649 2.465336561203003
2650 2.7158498764038086
2651 2.6756160259246826
2652 2.608581304550171
2653 2.831743001937866
2654 3.0831234455108643
2655 2.9928438663482666
2656 3.1764113903045654
2657 2.8986313343048096
2658 2.752183198928833
2659 2.8380279541015625
2660 2.943413257598877
2661 3.193856716156006
2662 3.238858938217163
2663 2.785067558288574
2664 2.963423728942871
2665 3.038677453994751
2666 3.166231393814087
2667 3.038282632827759
2668 2.9816348552703857
2669 3.1674270629882813
2670 3.6815288066864014
2671 3.6429827213287354
2672 3.1149158477783203
2673 3.106919288635254
2674 2.921609878540039
2675 2.8293187618255615
2676 2.652026414871216
2677 2.807297945022583
2678 2.770230531692505
2679 2.7272024154663086
2680 2.4952616691589355
2681 2.5755558013916016
2682 2.755270481109619
2683 2.760932207107544
2684 2.6003592014312744
2685 2.669126510620117
2686 2.7375247478485107
2687 2.5831096172332764
2688 3.1486337184906006
2689 2.753610849380493
2690 2.872044801712036
2691 2.901204824447632
2692 2.69049334526062
2693 2.737929582595825
2694 2.951669216156006
2695 2.969388484954834
2696 2.647081136703491
2697 2.8326539993286133
2698 2.731043577194214
2699 2.707064390182495
2700 2.769369125366211
2701 2.892601728439331
2702 2.746854066848755
2703 2.987919807434082
2704 3.1214091777801514
2705 2.9940736293792725
2706 2.934675693511963
2707 3.2671961784362793
2708 3.273489475250244
2709 3.2688345909118652
2710 3.2751882076263428
2711 2.974618911743164
2712 2.8047893047332764
2713 2.908132791519165
2714 2.9942736625671387
2715 2.9648144245147705
2716 2.8402292728424072
2717 2.677412271499634
2718 2.7427773475646973
2719 2.7556746006011963
2720 2.9305222034454346
2721 2.811427116394043
2722 2.564159870147705
2723 2.680811643600464
2724 2.7886176109313965
2725 2.5513908863067627
2726 2.750380039215088
2727 2.9168543815612793
2728 2.8551974296569824
2729 3.067254066467285
2730 2.872739791870117
2731 2.8837831020355225
2732 2.9992611408233643
2733 3.1498944759368896
2734 3.640361785888672
2735 3.4828312397003174
2736 3.484034299850464
2737 3.4030163288116455
2738 3.3727614879608154
2739 3.098179340362549
2740 3.028679847717285
2741 3.2020747661590576
2742 2.913325309753418
2743 2.8223202228546143
2744 2.887086868286133
2745 2.793062448501587
2746 3.1970479488372803
2747 3.057581901550293
2748 3.2833409309387207
2749 2.913587808609009
2750 2.8644859790802
2751 2.9982082843780518
2752 2.978299140930176
2753 2.9498140811920166
2754 2.885728359222412
2755 3.0174508094787598
2756 3.092674732208252
2757 2.887286424636841
2758 2.6431522369384766
2759 2.504840850830078
2760 2.72562837600708
2761 2.635483741760254
2762 2.8693621158599854
2763 2.918416976928711
2764 2.9998059272766113
2765 3.0642011165618896
2766 2.8241684436798096
2767 2.9727349281311035
2768 3.401705503463745
2769 2.837448835372925
2770 2.878387451171875
2771 2.80660343170166
2772 2.885807991027832
2773 2.7325899600982666
2774 2.761613368988037
2775 3.0039899349212646
2776 2.8439886569976807
2777 2.873469829559326
2778 2.9850401878356934
2779 3.052015781402588
2780 3.0260090827941895
2781 2.9362473487854004
2782 3.010258674621582
2783 3.1987719535827637
2784 3.2041149139404297
2785 2.8394246101379395
2786 3.1955771446228027
2787 3.270197629928589
2788 2.966015577316284
2789 2.811903715133667
2790 2.711733341217041
2791 2.6968953609466553
2792 2.610893726348877
2793 2.6783127784729004
2794 2.745260000228882
2795 2.566967487335205
2796 2.607327938079834
2797 2.431725263595581
2798 2.4970927238464355
2799 2.5650737285614014
2800 2.5727407932281494
2801 2.794255256652832
2802 2.7572367191314697
2803 2.8354790210723877
2804 2.7449259757995605
2805 2.9078891277313232
2806 2.6697757244110107
2807 2.590074062347412
2808 2.6463470458984375
2809 2.7414841651916504
2810 2.8901212215423584
2811 2.758816957473755
2812 2.8922080993652344
2813 3.3085989952087402
2814 3.113769292831421
2815 3.199907064437866
2816 3.1227340698242188
2817 2.830204725265503
2818 2.923143148422241
2819 2.891371488571167
2820 3.0354325771331787
2821 2.882620334625244
2822 3.0367515087127686
2823 2.9423346519470215
2824 3.1544673442840576
2825 2.898709535598755
2826 2.751063346862793
2827 3.076637029647827
2828 3.150832176208496
2829 3.2386789321899414
2830 2.993170738220215
2831 2.8447396755218506
2832 2.7749576568603516
2833 2.6972434520721436
2834 2.8453316688537598
2835 2.5499491691589355
2836 2.5066022872924805
2837 2.4134092330932617
2838 2.401947498321533
2839 2.5638809204101563
2840 2.6741480827331543
2841 2.675469160079956
2842 2.715836763381958
2843 2.7949416637420654
2844 2.884723424911499
2845 3.022702217102051
2846 3.086071729660034
2847 2.9805049896240234
2848 3.266167163848877
2849 3.237898826599121
2850 2.7912585735321045
2851 2.933255910873413
2852 3.255063533782959
2853 3.3096158504486084
2854 3.231717586517334
2855 3.2155826091766357
2856 3.0920820236206055
2857 3.0273289680480957
2858 2.898768901824951
2859 2.92109751701355
2860 2.583843231201172
2861 2.6487767696380615
2862 2.457550525665283
2863 2.6804962158203125
2864 2.9735631942749023
2865 3.048496723175049
2866 3.061190605163574
2867 2.748170852661133
2868 2.536166191101074
2869 2.899902582168579
2870 2.674478054046631
2871 2.5861454010009766
2872 2.5634524822235107
2873 2.5684547424316406
2874 2.6693286895751953
2875 2.539109468460083
2876 2.6021223068237305
2877 2.75010085105896
2878 2.6068167686462402
2879 2.5890185832977295
2880 2.781581401824951
2881 2.5471420288085938
2882 2.4683101177215576
2883 2.6366117000579834
2884 2.4975147247314453
2885 2.568215847015381
2886 2.5975639820098877
2887 2.5771291255950928
2888 2.443847417831421
2889 2.290233850479126
2890 2.727773904800415
2891 2.655456781387329
2892 2.8454272747039795
2893 3.024998664855957
2894 2.9481630325317383
2895 2.731308937072754
2896 2.7532119750976563
2897 2.776636838912964
2898 2.708655834197998
2899 2.8450870513916016
2900 2.718679428100586
2901 2.5645737648010254
2902 2.7984933853149414
2903 2.743272542953491
2904 2.703002691268921
2905 2.6286778450012207
2906 2.5898594856262207
2907 2.7989675998687744
2908 2.8271679878234863
2909 2.6095941066741943
2910 2.6415815353393555
2911 2.7861533164978027
2912 2.5776124000549316
2913 2.871539354324341
2914 2.7825310230255127
2915 2.5840213298797607
2916 2.603318929672241
2917 2.708397388458252
2918 2.6846818923950195
2919 3.012460708618164
2920 2.6597609519958496
2921 2.8362839221954346
2922 2.882997989654541
2923 3.019099235534668
2924 2.9362902641296387
2925 3.0215325355529785
2926 2.930309772491455
2927 2.9106078147888184
2928 3.222749710083008
2929 2.980283737182617
2930 3.4205329418182373
2931 3.4147541522979736
2932 3.413268804550171
2933 3.4297144412994385
2934 3.5961170196533203
2935 3.2176620960235596
2936 3.1010122299194336
2937 3.667365312576294
2938 3.076083183288574
2939 3.2783102989196777
2940 3.3599789142608643
2941 2.999666452407837
2942 2.7564475536346436
2943 2.8578248023986816
2944 2.9579806327819824
2945 2.861685037612915
2946 2.862032413482666
2947 3.0349035263061523
2948 3.2204270362854004
2949 2.9585494995117188
2950 2.7967019081115723
2951 2.9466898441314697
2952 3.0510573387145996
2953 3.2877166271209717
2954 3.068063974380493
2955 2.8018698692321777
2956 2.7533326148986816
2957 2.707859992980957
2958 2.8998847007751465
2959 2.908704996109009
2960 3.0161144733428955
2961 2.8209567070007324
2962 2.514533042907715
2963 2.5746076107025146
2964 3.024008274078369
2965 2.8189074993133545
2966 2.9037880897521973
2967 2.7015700340270996
2968 3.0246047973632813
2969 3.0342509746551514
2970 2.999922513961792
2971 2.897228956222534
2972 2.9315567016601563
2973 2.8044562339782715
2974 2.855771541595459
2975 2.837062120437622
2976 2.7599830627441406
2977 2.9772932529449463
2978 3.082435369491577
2979 3.2002103328704834
2980 3.1062746047973633
2981 3.0703163146972656
2982 2.9024124145507813
2983 2.7684381008148193
2984 2.882214307785034
2985 2.7496962547302246
2986 2.764793634414673
2987 2.936720609664917
2988 2.6903810501098633
2989 2.9724717140197754
2990 2.7696962356567383
2991 2.7106833457946777
2992 2.8729782104492188
2993 2.8709943294525146
2994 2.8375847339630127
2995 2.8883860111236572
2996 2.890925884246826
2997 2.9459564685821533
2998 2.966839551925659
2999 2.843395233154297
3000 2.840634346008301
3001 2.817814350128174
3002 2.9729878902435303
3003 2.9683616161346436
3004 2.7320215702056885
3005 2.830251455307007
3006 2.868361234664917
3007 2.7892274856567383
3008 2.5218679904937744
3009 2.7300710678100586
3010 2.907219886779785
3011 2.9410173892974854
3012 2.865507125854492
3013 2.530402421951294
3014 2.5803730487823486
3015 2.849327802658081
3016 2.9703731536865234
3017 3.077491283416748
3018 2.9469220638275146
3019 3.138927936553955
3020 2.857933282852173
3021 2.582432270050049
3022 2.829833745956421
3023 2.751232624053955
3024 2.710163116455078
3025 2.6403238773345947
3026 2.5855157375335693
3027 2.850735664367676
3028 2.650660753250122
3029 2.6169614791870117
3030 2.4949333667755127
3031 2.913482666015625
3032 2.7389333248138428
3033 2.685159921646118
3034 2.6369004249572754
3035 2.5537188053131104
3036 2.9084839820861816
3037 2.614461898803711
3038 2.983707904815674
3039 2.701137065887451
3040 2.928830623626709
3041 2.821380853652954
3042 2.6260945796966553
3043 2.6847169399261475
3044 2.9152748584747314
3045 2.9525673389434814
3046 2.6382124423980713
3047 2.5615110397338867
3048 2.7301769256591797
3049 2.8127567768096924
3050 2.839292049407959
3051 2.802689790725708
3052 2.5849077701568604
3053 2.6711764335632324
3054 2.990370512008667
3055 3.0056052207946777
3056 3.0561158657073975
3057 3.137087106704712
3058 2.8026084899902344
3059 2.9484550952911377
3060 2.9613332748413086
3061 2.9603757858276367
3062 3.0005135536193848
3063 3.0501880645751953
3064 2.881631851196289
3065 2.916053533554077
3066 3.0394301414489746
3067 3.261916160583496
3068 3.210582733154297
3069 3.049807548522949
3070 3.214139938354492
3071 3.2292897701263428
3072 3.0775554180145264
3073 2.8668103218078613
3074 2.93552827835083
3075 3.065551280975342
3076 2.928652763366699
3077 2.8173904418945313
3078 2.7468018531799316
3079 2.7509212493896484
3080 2.9242565631866455
3081 3.140859603881836
3082 3.225914716720581
3083 2.9643173217773438
3084 3.0888571739196777
3085 3.1092562675476074
3086 3.1941075325012207
3087 3.199070930480957
3088 2.939643383026123
3089 3.126235008239746
3090 3.040757417678833
3091 3.1889684200286865
3092 3.0116426944732666
3093 3.0127477645874023
3094 2.719362735748291
3095 2.8417139053344727
3096 2.683467149734497
3097 2.635545492172241
3098 2.7707388401031494
3099 2.6945202350616455
3100 3.0277528762817383
3101 2.720775604248047
3102 2.8053150177001953
3103 2.6133666038513184
3104 2.822082281112671
3105 2.71689510345459
3106 2.861814022064209
3107 2.8995847702026367
3108 2.819824695587158
3109 2.617079257965088
3110 2.7123632431030273
3111 2.6460297107696533
3112 2.718435287475586
3113 2.663703203201294
3114 2.6293888092041016
3115 2.498521566390991
3116 2.7850353717803955
3117 2.8729357719421387
3118 2.7959299087524414
3119 2.8362224102020264
3120 2.657567262649536
3121 2.7257773876190186
3122 2.768280506134033
3123 2.998225212097168
3124 2.848193645477295
3125 2.8684988021850586
3126 2.798567295074463
3127 2.6141064167022705
3128 2.742685317993164
3129 2.967095136642456
3130 3.072584390640259
3131 3.2545325756073
3132 3.435518503189087
3133 3.392076015472412
3134 3.4378769397735596
3135 3.4294493198394775
3136 3.150479555130005
3137 3.0099806785583496
3138 2.969000816345215
3139 2.9575355052948
3140 2.966479539871216
3141 2.8695240020751953
3142 3.078566551208496
3143 2.9991486072540283
3144 3.0754992961883545
3145 3.4383766651153564
3146 3.5769858360290527
3147 3.2836320400238037
3148 3.528717041015625
3149 3.2323291301727295
3150 3.374664068222046
3151 3.4403438568115234
3152 3.430716037750244
3153 3.339547634124756
3154 3.331646203994751
3155 3.281843423843384
3156 3.537768840789795
3157 3.2769970893859863
3158 3.2276899814605713
3159 3.342472553253174
3160 2.973623514175415
3161 3.113535165786743
3162 3.14216685295105
3163 2.9393746852874756
3164 3.166508913040161
3165 3.1500120162963867
3166 3.0944271087646484
3167 3.2917349338531494
3168 3.248569965362549
3169 3.2528767585754395
3170 3.2929446697235107
3171 3.0602965354919434
3172 3.288952350616455
3173 3.292004108428955
3174 3.2637860774993896
3175 2.8889012336730957
3176 3.115204334259033
3177 2.8891141414642334
3178 2.937042474746704
3179 3.0437064170837402
3180 3.0188190937042236
3181 3.033590078353882
3182 3.2006609439849854
3183 3.0424928665161133
3184 2.9954214096069336
3185 3.053945779800415
3186 3.0772769451141357
3187 3.0787599086761475
3188 3.076697826385498
3189 3.1492905616760254
3190 2.9437761306762695
3191 3.1777596473693848
3192 2.919987916946411
3193 3.1681270599365234
3194 3.1738762855529785
3195 3.2117791175842285
3196 3.2756106853485107
3197 3.260307550430298
3198 3.1507132053375244
3199 3.106093406677246
3200 3.1486055850982666
3201 2.9593331813812256
3202 2.958479404449463
3203 2.9838638305664063
3204 2.910874366760254
3205 2.929295778274536
3206 2.871464490890503
3207 2.8807151317596436
3208 3.104250431060791
3209 2.992453098297119
3210 2.856410503387451
3211 3.065431833267212
3212 3.048640251159668
3213 3.044177532196045
3214 3.1860158443450928
3215 3.4050848484039307
3216 3.2504005432128906
3217 3.17612886428833
3218 3.098973274230957
3219 3.070978879928589
3220 3.1351428031921387
3221 2.988039493560791
3222 3.1260619163513184
3223 2.999703884124756
3224 3.0215959548950195
3225 3.178959369659424
3226 3.2412075996398926
3227 3.407219648361206
3228 3.3005592823028564
3229 3.14210844039917
3230 3.012669563293457
3231 2.7579987049102783
3232 2.7980964183807373
3233 3.0337865352630615
3234 2.8752658367156982
3235 2.9570066928863525
3236 3.1740529537200928
3237 3.0073418617248535
3238 2.9190850257873535
3239 3.091167688369751
3240 3.114003896713257
3241 3.005949020385742
3242 3.0400938987731934
3243 3.1511130332946777
3244 2.950345754623413
3245 3.0767266750335693
3246 3.0917420387268066
3247 3.132434844970703
3248 3.0366203784942627
3249 3.157069444656372
3250 3.3727526664733887
3251 3.5349173545837402
3252 3.5873019695281982
3253 3.6930177211761475
3254 3.5647764205932617
3255 3.4620206356048584
3256 3.3275210857391357
3257 3.2145254611968994
3258 3.4771456718444824
3259 3.3651676177978516
3260 3.4182443618774414
3261 3.2925987243652344
3262 3.2748332023620605
3263 3.453603506088257
3264 3.4970102310180664
3265 3.336393356323242
3266 3.014620304107666
3267 2.9211833477020264
3268 2.981017827987671
3269 2.98710298538208
3270 3.001828670501709
3271 3.2215962409973145
3272 3.110280752182007
3273 2.9961600303649902
3274 3.1074740886688232
3275 2.8817124366760254
3276 2.8665435314178467
3277 2.8600857257843018
3278 2.634744167327881
3279 2.6713907718658447
3280 2.6856751441955566
3281 2.798701286315918
3282 2.66559100151062
3283 2.5889594554901123
3284 2.7519330978393555
3285 2.8153879642486572
3286 2.8469223976135254
3287 3.044546127319336
3288 2.976522207260132
3289 3.1479547023773193
3290 3.1471917629241943
3291 3.3929085731506348
3292 3.3135242462158203
3293 3.2123470306396484
3294 3.1660428047180176
3295 3.0421438217163086
3296 2.9447102546691895
3297 2.8703882694244385
3298 2.8730955123901367
3299 2.8973264694213867
3300 2.914912223815918
3301 3.1285853385925293
3302 3.1143243312835693
3303 3.145699977874756
3304 3.061711072921753
3305 3.0541832447052
3306 3.3750522136688232
3307 3.3008029460906982
3308 3.174428701400757
3309 3.285050630569458
3310 3.142927646636963
3311 3.0633952617645264
3312 2.842291831970215
3313 3.1030290126800537
3314 3.0993146896362305
3315 3.144960403442383
3316 3.041428565979004
3317 3.0950675010681152
3318 2.952742099761963
3319 2.995695114135742
3320 2.9677352905273438
3321 3.0223548412323
3322 2.9306862354278564
3323 3.1266300678253174
3324 3.0939724445343018
3325 3.2083940505981445
3326 3.097296714782715
3327 3.163846731185913
3328 3.0982186794281006
3329 3.2226343154907227
3330 3.138930320739746
3331 3.1052801609039307
3332 3.0554211139678955
3333 3.0822319984436035
3334 3.072815179824829
3335 3.324019432067871
3336 3.161250352859497
3337 3.064028263092041
3338 2.9768881797790527
3339 2.9732367992401123
3340 2.931485176086426
3341 3.1191723346710205
3342 3.0432047843933105
3343 3.0106589794158936
3344 2.7900378704071045
3345 3.00350022315979
3346 2.941945791244507
3347 3.2321293354034424
3348 3.421400308609009
3349 3.178027629852295
3350 3.1719493865966797
3351 3.049703359603882
3352 3.439973831176758
3353 3.229034185409546
3354 3.075514554977417
3355 3.160072088241577
3356 3.162675619125366
3357 3.411832571029663
3358 3.404350519180298
3359 3.361544370651245
3360 3.601921558380127
3361 3.2552199363708496
3362 3.3898351192474365
3363 3.100663423538208
3364 3.0983498096466064
3365 3.1468350887298584
3366 3.197021722793579
3367 3.091980457305908
3368 3.2377235889434814
3369 3.340230703353882
3370 3.1528685092926025
3371 3.1506543159484863
3372 3.251678228378296
3373 3.19989275932312
3374 3.242290735244751
3375 3.297180414199829
3376 3.3705077171325684
3377 3.287018060684204
3378 3.2855935096740723
3379 3.059504747390747
3380 3.170926570892334
3381 3.2072243690490723
3382 2.946016550064087
3383 2.8645405769348145
3384 2.9980483055114746
3385 2.9590988159179688
3386 3.4227101802825928
3387 3.7493948936462402
3388 3.6875686645507813
3389 3.6023671627044678
3390 3.741614818572998
3391 3.7896604537963867
3392 3.6585922241210938
3393 4.071909427642822
3394 3.7892982959747314
3395 3.768224000930786
3396 3.263965129852295
3397 3.0188751220703125
3398 3.387556791305542
3399 3.6422576904296875
3400 3.8110930919647217
3401 3.7692229747772217
3402 3.8864006996154785
3403 3.7414863109588623
3404 3.870368480682373
3405 3.8254287242889404
3406 4.197696685791016
3407 4.247106075286865
3408 3.9979608058929443
3409 3.690985679626465
3410 3.3175923824310303
3411 3.666713237762451
3412 3.5163302421569824
3413 3.503221035003662
3414 3.3766121864318848
3415 3.3092710971832275
3416 3.789538860321045
3417 3.9484524726867676
3418 3.7648582458496094
3419 3.6913912296295166
3420 3.6471402645111084
3421 3.5752768516540527
3422 3.2948267459869385
3423 3.1082024574279785
3424 3.4452872276306152
3425 3.453211545944214
3426 3.4827187061309814
3427 3.3927810192108154
3428 3.5031211376190186
3429 3.6351850032806396
3430 3.4211037158966064
3431 3.3989412784576416
3432 3.313631296157837
3433 3.259150505065918
3434 3.1786177158355713
3435 3.040245771408081
3436 3.0523457527160645
3437 3.12721848487854
3438 3.0112946033477783
3439 3.0354061126708984
3440 2.9387383460998535
3441 2.933539867401123
3442 3.1714930534362793
3443 3.015902042388916
3444 2.9518024921417236
3445 3.1716368198394775
3446 3.1668803691864014
3447 3.2069106101989746
3448 3.6408355236053467
3449 3.5174942016601563
3450 3.7442946434020996
3451 3.5231711864471436
3452 3.3832390308380127
3453 3.652879476547241
3454 3.6650280952453613
3455 3.3608129024505615
3456 3.466737985610962
3457 3.7847952842712402
3458 3.9403929710388184
3459 4.153458595275879
3460 4.381853103637695
3461 4.181221008300781
3462 4.314422607421875
3463 3.91090726852417
3464 3.727404832839966
3465 3.8961341381073
3466 4.211122989654541
3467 4.252209186553955
3468 3.9929466247558594
3469 4.133415222167969
3470 3.853522300720215
3471 3.971942186355591
3472 3.8521084785461426
3473 3.7653088569641113
3474 4.10090970993042
3475 4.432346820831299
3476 4.42796516418457
3477 4.3303656578063965
3478 4.239104747772217
3479 4.45652961730957
3480 4.552239894866943
3481 4.4308576583862305
3482 4.4734883308410645
3483 4.17494010925293
3484 3.8903825283050537
3485 4.090339183807373
3486 3.772052526473999
3487 4.084240913391113
3488 4.0004706382751465
3489 3.828813314437866
3490 4.029139518737793
3491 4.313394069671631
3492 4.437610626220703
3493 4.158966541290283
3494 4.313962459564209
3495 4.531414985656738
3496 4.6215715408325195
3497 4.618893146514893
3498 4.570525169372559
3499 4.24798059463501
3500 4.278302192687988
3501 4.433401107788086
3502 4.704118251800537
3503 4.690365314483643
3504 4.343000411987305
3505 4.130331993103027
3506 4.1670637130737305
3507 4.267065525054932
3508 4.2569661140441895
3509 4.1910014152526855
3510 4.126616954803467
3511 4.45005989074707
3512 4.0227131843566895
3513 3.9253432750701904
3514 3.7283966541290283
3515 3.573065996170044
3516 3.3509180545806885
3517 3.3932437896728516
3518 3.4407074451446533
3519 3.4455039501190186
3520 3.3416569232940674
3521 3.752622604370117
3522 3.7962145805358887
3523 3.7912075519561768
3524 4.013403415679932
3525 4.040670871734619
3526 4.185888767242432
3527 3.8560831546783447
3528 3.663529634475708
3529 3.813581705093384
3530 3.7697243690490723
3531 3.7936108112335205
3532 3.724053144454956
3533 3.8333041667938232
3534 3.992210626602173
3535 4.025091648101807
3536 3.7643535137176514
3537 3.7659618854522705
3538 4.029321670532227
3539 3.994659900665283
3540 3.766664505004883
3541 3.852912187576294
3542 3.797933340072632
3543 4.241275310516357
3544 4.366025924682617
3545 4.2625041007995605
3546 4.323329925537109
3547 4.394571304321289
3548 4.4563117027282715
3549 4.472426891326904
3550 4.210661888122559
3551 3.975588321685791
3552 3.591095209121704
3553 3.9146640300750732
3554 3.660536527633667
3555 3.900331974029541
3556 4.006466388702393
3557 3.696716547012329
3558 4.328253269195557
3559 4.559408664703369
3560 3.9805073738098145
3561 4.212368011474609
3562 4.328310966491699
3563 4.0693745613098145
3564 4.453457355499268
3565 4.102975845336914
3566 3.8655409812927246
3567 4.148625373840332
3568 4.372195720672607
3569 4.299526214599609
3570 4.331254482269287
3571 4.068345546722412
3572 3.9902031421661377
3573 4.220468997955322
3574 4.406830310821533
3575 4.484837532043457
3576 4.285978317260742
3577 4.258410453796387
3578 4.295870780944824
3579 5.019989490509033
3580 4.6913065910339355
3581 4.7080864906311035
3582 4.768617153167725
3583 4.521804332733154
3584 4.5557475090026855
3585 5.043735980987549
3586 4.597877025604248
3587 4.542722225189209
3588 4.442168235778809
3589 4.566283702850342
3590 4.507964611053467
3591 4.161107063293457
3592 4.119586944580078
3593 3.587019443511963
3594 3.508082628250122
3595 3.467454433441162
3596 3.4268171787261963
3597 3.3150722980499268
3598 3.5100834369659424
3599 3.37868332862854
3600 3.5944697856903076
3601 3.8506319522857666
3602 3.5936944484710693
3603 4.120886325836182
3604 4.43179178237915
3605 4.491561412811279
3606 4.534430980682373
3607 4.393861770629883
3608 4.7233405113220215
3609 4.86475133895874
3610 4.959364891052246
3611 4.463457107543945
3612 4.22550630569458
3613 3.9302713871002197
3614 3.8290183544158936
3615 3.96362566947937
3616 4.033210277557373
3617 3.745945930480957
3618 4.087554931640625
3619 3.9233105182647705
3620 3.7897708415985107
3621 4.250629425048828
3622 4.336019515991211
3623 4.000077247619629
3624 3.494428873062134
3625 3.48624587059021
3626 3.3356239795684814
3627 3.3494338989257813
3628 3.349492311477661
3629 3.666487455368042
3630 3.358419895172119
3631 3.7033438682556152
3632 3.3804500102996826
3633 3.5695958137512207
3634 3.477593183517456
3635 3.3959898948669434
3636 3.3143651485443115
3637 3.578455686569214
3638 3.7784037590026855
3639 3.5367026329040527
3640 3.1644718647003174
3641 2.841466188430786
3642 3.281250238418579
3643 3.3804872035980225
3644 3.5503089427948
3645 3.6117372512817383
3646 3.8968284130096436
3647 3.6045382022857666
3648 3.604168176651001
3649 3.5288448333740234
3650 3.503911018371582
3651 3.4816131591796875
3652 3.423435688018799
3653 3.5086703300476074
3654 3.5560407638549805
3655 3.274341106414795
3656 3.718874454498291
3657 3.720280408859253
3658 3.8304216861724854
3659 3.9105310440063477
3660 4.00607967376709
3661 4.193827152252197
3662 4.14310359954834
3663 4.044715404510498
3664 3.681990385055542
3665 3.663884162902832
3666 3.8830199241638184
3667 3.746736526489258
3668 3.583889961242676
3669 3.340569019317627
3670 3.4015753269195557
3671 3.319830894470215
3672 3.0413689613342285
3673 3.0677130222320557
3674 3.3803679943084717
3675 3.462473154067993
3676 3.2705373764038086
3677 3.1052260398864746
3678 3.1102471351623535
3679 3.1695213317871094
3680 2.7824831008911133
3681 2.7466602325439453
3682 2.6844470500946045
3683 2.980905294418335
3684 2.5814545154571533
3685 2.737403392791748
3686 2.631577491760254
3687 2.3551559448242188
3688 2.654489040374756
3689 2.5256171226501465
3690 2.5749409198760986
3691 2.548611640930176
3692 2.5196471214294434
3693 2.7273356914520264
3694 2.867767095565796
3695 2.8390657901763916
3696 2.9821126461029053
3697 2.7090659141540527
3698 2.9214115142822266
3699 2.985027551651001
3700 3.0973284244537354
3701 2.9964685440063477
3702 2.722238063812256
3703 2.701935291290283
3704 2.678740978240967
3705 2.924740791320801
3706 2.9584529399871826
3707 2.8155438899993896
3708 2.9675331115722656
3709 3.1635873317718506
3710 2.968648910522461
3711 2.898055076599121
3712 2.9586706161499023
3713 2.750833749771118
3714 2.8687450885772705
3715 3.067009449005127
3716 2.9666216373443604
3717 2.931762456893921
3718 2.846972942352295
3719 2.8185436725616455
3720 2.5675644874572754
3721 2.808687686920166
3722 2.7752466201782227
3723 2.8188416957855225
3724 3.269538640975952
3725 3.068788528442383
3726 3.002121686935425
3727 2.853025197982788
3728 2.7027552127838135
3729 2.7501590251922607
3730 2.7579846382141113
3731 3.2651915550231934
3732 3.252992868423462
3733 2.9909613132476807
3734 3.185293436050415
3735 3.016494035720825
3736 2.572636127471924
3737 2.546933889389038
3738 2.718634843826294
3739 2.786081075668335
3740 2.5573513507843018
3741 2.7609593868255615
3742 2.6936748027801514
3743 2.6438794136047363
3744 2.7115774154663086
3745 2.749664068222046
3746 2.7568931579589844
3747 2.8176639080047607
3748 3.0289409160614014
3749 2.8171305656433105
3750 2.864032030105591
3751 2.8680121898651123
3752 2.9028215408325195
3753 2.9951136112213135
3754 3.121962308883667
3755 2.9582607746124268
3756 3.1831905841827393
3757 2.824069023132324
3758 2.9040541648864746
3759 3.056159734725952
3760 3.066830635070801
3761 3.199533462524414
3762 3.5489118099212646
3763 3.5555121898651123
3764 3.449571371078491
3765 3.509160280227661
3766 3.5263242721557617
3767 3.387389898300171
3768 3.2065603733062744
3769 3.237640142440796
3770 3.2154617309570313
3771 3.13167405128479
3772 3.3047728538513184
3773 3.1634585857391357
3774 3.392972469329834
3775 3.0590858459472656
3776 2.8685853481292725
3777 3.04361891746521
3778 2.8964943885803223
3779 2.8596770763397217
3780 2.889366626739502
3781 2.7434797286987305
3782 2.638089179992676
3783 2.516887664794922
3784 2.45751690864563
3785 2.3835291862487793
3786 2.5919189453125
3787 2.6257407665252686
3788 2.6091697216033936
3789 2.714553117752075
3790 2.779374122619629
3791 2.7909936904907227
3792 2.8830738067626953
3793 2.8730881214141846
3794 2.877593994140625
3795 2.93802547454834
3796 2.9690258502960205
3797 2.9334821701049805
3798 2.666775703430176
3799 2.453810691833496
3800 2.4506969451904297
3801 2.578139543533325
3802 2.5255355834960938
3803 2.5919787883758545
3804 2.8755288124084473
3805 2.7867140769958496
3806 3.0617146492004395
3807 3.0407371520996094
3808 3.1541454792022705
3809 3.508455753326416
3810 3.5310230255126953
3811 3.239288330078125
3812 3.250718832015991
3813 3.166598081588745
3814 3.0596728324890137
3815 3.1669132709503174
3816 3.038154125213623
3817 3.028761386871338
3818 3.1074202060699463
3819 3.0643198490142822
3820 3.0533447265625
3821 2.8086133003234863
3822 3.04162335395813
3823 3.001129627227783
3824 2.8376314640045166
3825 2.9391376972198486
3826 3.188089609146118
3827 3.2612438201904297
3828 3.290562629699707
3829 3.0983471870422363
3830 3.0498039722442627
3831 3.1358184814453125
3832 3.1562976837158203
3833 3.204002857208252
3834 3.2023391723632813
3835 3.029021739959717
3836 3.2762575149536133
3837 3.0829246044158936
3838 3.1830801963806152
3839 2.95096755027771
3840 3.0732123851776123
3841 3.0943663120269775
3842 3.065788745880127
3843 2.9038665294647217
3844 2.7877037525177
3845 2.608417510986328
3846 2.796495199203491
3847 2.8769619464874268
3848 2.7408008575439453
3849 2.7712767124176025
3850 2.733534574508667
3851 2.703134059906006
3852 2.8203647136688232
3853 2.811145067214966
3854 2.6137337684631348
3855 2.614922285079956
3856 2.6521565914154053
3857 2.704179048538208
3858 2.6751046180725098
3859 2.693918228149414
3860 3.013505220413208
3861 2.946622371673584
3862 3.204349994659424
3863 3.019493818283081
3864 2.965763568878174
3865 2.7436628341674805
3866 2.7119200229644775
3867 2.5630648136138916
3868 2.7016375064849854
3869 2.6276564598083496
3870 2.785860300064087
3871 2.9963083267211914
3872 2.8087289333343506
3873 2.913210391998291
3874 2.805371046066284
3875 2.559363842010498
3876 2.7810676097869873
3877 2.794847011566162
3878 2.9328062534332275
3879 2.7752158641815186
3880 2.6475186347961426
3881 2.688908338546753
3882 2.6017212867736816
3883 2.458465337753296
3884 2.5575296878814697
3885 2.671715021133423
3886 2.667546033859253
3887 2.6218113899230957
3888 2.6913182735443115
3889 2.8010544776916504
3890 2.7378809452056885
3891 2.6076467037200928
3892 2.637347459793091
3893 2.8334314823150635
3894 2.8206446170806885
3895 2.4547383785247803
3896 2.4078052043914795
3897 2.8234634399414063
3898 2.8450798988342285
3899 2.789536714553833
3900 2.917250394821167
3901 2.817934513092041
3902 2.6130430698394775
3903 2.713731050491333
3904 2.634554386138916
3905 2.464519739151001
3906 2.4263498783111572
3907 2.5301461219787598
3908 2.2879624366760254
3909 2.2279064655303955
3910 2.2359139919281006
3911 2.2119150161743164
3912 2.174855947494507
3913 2.306720018386841
3914 2.7277474403381348
3915 2.3943443298339844
3916 2.5644795894622803
3917 2.58313250541687
3918 2.2393734455108643
3919 2.129729747772217
3920 2.346219778060913
3921 2.466671943664551
3922 2.799748659133911
3923 2.477426767349243
3924 2.7144529819488525
3925 2.6249608993530273
3926 2.5271966457366943
3927 2.8043322563171387
3928 2.788125991821289
3929 2.789424419403076
3930 3.152238368988037
3931 3.4496214389801025
3932 3.2233524322509766
3933 3.2729334831237793
3934 3.2745134830474854
3935 3.2063980102539063
3936 2.856503963470459
3937 2.858804702758789
3938 2.6103832721710205
3939 2.5837948322296143
3940 2.545499563217163
3941 2.612990379333496
3942 2.7201499938964844
3943 2.4377031326293945
3944 2.4070112705230713
3945 2.7692480087280273
3946 2.7354788780212402
3947 2.7744863033294678
3948 2.6467432975769043
3949 2.875258684158325
3950 2.75422739982605
3951 2.6445915699005127
3952 2.521399974822998
3953 2.6265008449554443
3954 2.638282060623169
3955 2.506798028945923
3956 2.593585252761841
3957 2.4193549156188965
3958 2.459089994430542
3959 2.412515163421631
3960 2.4754931926727295
3961 2.540405511856079
3962 2.6075432300567627
3963 2.904654026031494
3964 2.525491952896118
3965 2.577604055404663
3966 2.697126626968384
3967 2.9303441047668457
3968 2.9635326862335205
3969 2.6096675395965576
3970 2.946847915649414
3971 3.0814006328582764
3972 2.9622433185577393
3973 2.708949089050293
3974 2.8778092861175537
3975 3.0741143226623535
3976 3.109797239303589
3977 2.971453905105591
3978 3.1107161045074463
3979 3.3975701332092285
3980 3.0158543586730957
3981 2.770672082901001
3982 3.0507237911224365
3983 2.7121822834014893
3984 2.518406629562378
3985 2.6124510765075684
3986 2.5768234729766846
3987 2.525932788848877
3988 2.705430030822754
3989 2.7385711669921875
3990 2.747575283050537
3991 2.6699013710021973
3992 2.6749517917633057
3993 2.590543031692505
3994 2.668807029724121
3995 2.5694825649261475
3996 2.6642143726348877
3997 2.6293396949768066
3998 2.6900908946990967
3999 2.6559255123138428
