# Frame Protein_DNA_total_backbone_RMSD_Angstrom
0 0.0
1 1.3862687349319458
2 1.6767405271530151
3 2.081637382507324
4 1.9377425909042358
5 2.031968593597412
6 1.6696466207504272
7 1.7341822385787964
8 1.8225393295288086
9 1.7995392084121704
10 1.6079355478286743
11 1.7457458972930908
12 1.8321951627731323
13 1.8747471570968628
14 1.6816531419754028
15 1.8285294771194458
16 1.8885269165039063
17 2.2776691913604736
18 2.1503489017486572
19 2.1665327548980713
20 2.227360248565674
21 2.279677391052246
22 2.393014430999756
23 2.5726935863494873
24 2.451179027557373
25 2.487320899963379
26 2.5801823139190674
27 2.7075610160827637
28 2.129514217376709
29 2.1753296852111816
30 2.5697946548461914
31 2.367363929748535
32 2.5234439373016357
33 2.1856634616851807
34 2.0554959774017334
35 2.2728002071380615
36 2.310896873474121
37 2.5474910736083984
38 2.7985990047454834
39 3.036796808242798
40 2.791482448577881
41 2.996026039123535
42 2.9064605236053467
43 2.9909541606903076
44 3.0470621585845947
45 3.0730087757110596
46 3.4616401195526123
47 2.8892669677734375
48 2.623774766921997
49 2.3156895637512207
50 2.067180633544922
51 2.252236843109131
52 1.9220654964447021
53 1.9739784002304077
54 2.0231549739837646
55 1.905983328819275
56 2.199460744857788
57 1.975630760192871
58 1.813665509223938
59 2.002293109893799
60 2.1396868228912354
61 2.6139886379241943
62 2.5220835208892822
63 2.5155537128448486
64 2.5852293968200684
65 2.8190290927886963
66 2.8963916301727295
67 3.1261045932769775
68 2.931586742401123
69 2.9105474948883057
70 3.1145153045654297
71 3.3983657360076904
72 2.8562448024749756
73 3.0960004329681396
74 2.5802812576293945
75 2.528254747390747
76 2.234626293182373
77 2.240973949432373
78 2.1748359203338623
79 2.409486770629883
80 2.529097318649292
81 3.0259790420532227
82 3.011699914932251
83 3.2505013942718506
84 2.8289027214050293
85 2.4312407970428467
86 2.2298426628112793
87 2.2031750679016113
88 2.1114752292633057
89 2.2295119762420654
90 2.242414712905884
91 2.0736753940582275
92 1.974380373954773
93 2.34908127784729
94 2.027982234954834
95 2.201188087463379
96 1.9927812814712524
97 1.8549764156341553
98 1.8346915245056152
99 1.9880293607711792
100 2.308856964111328
101 2.2752130031585693
102 2.227647542953491
103 2.349860191345215
104 2.3686912059783936
105 2.0301787853240967
106 2.1737961769104004
107 2.1112759113311768
108 2.1261515617370605
109 2.1277618408203125
110 2.3168187141418457
111 2.0313196182250977
112 2.3587865829467773
113 2.3118743896484375
114 2.4430348873138428
115 2.363786220550537
116 2.3790271282196045
117 2.6482932567596436
118 2.3921091556549072
119 2.650667428970337
120 2.57856822013855
121 2.719128131866455
122 2.489158868789673
123 2.3335437774658203
124 2.543617010116577
125 2.3691370487213135
126 2.1879971027374268
127 2.026010513305664
128 2.1748056411743164
129 2.535311460494995
130 2.4116334915161133
131 2.0314884185791016
132 2.2828943729400635
133 2.352219820022583
134 2.223245143890381
135 2.334116220474243
136 2.4125897884368896
137 2.7508811950683594
138 2.7709364891052246
139 2.8183956146240234
140 3.0453765392303467
141 2.990220069885254
142 3.234553813934326
143 3.0983119010925293
144 3.245535373687744
145 3.1390349864959717
146 2.8549654483795166
147 3.0395069122314453
148 2.763422727584839
149 3.1633713245391846
150 3.305903434753418
151 3.30914044380188
152 2.949279308319092
153 3.040984630584717
154 3.6328558921813965
155 3.5369718074798584
156 2.817115068435669
157 2.7287869453430176
158 2.9787492752075195
159 3.1872150897979736
160 3.412292003631592
161 3.382873773574829
162 3.699706792831421
163 3.6446902751922607
164 3.5876505374908447
165 3.4982433319091797
166 3.934286594390869
167 3.9045968055725098
168 3.648935079574585
169 3.934134006500244
170 3.789639949798584
171 4.081216335296631
172 3.998736619949341
173 3.8107638359069824
174 3.6091015338897705
175 3.783951759338379
176 3.369481086730957
177 3.1341867446899414
178 3.413930892944336
179 3.105449914932251
180 2.751236915588379
181 2.666429281234741
182 2.5045695304870605
183 2.652265787124634
184 2.4812119007110596
185 2.7045767307281494
186 2.383779764175415
187 2.537335157394409
188 2.5420916080474854
189 2.74222469329834
190 2.7401626110076904
191 2.869816303253174
192 2.6652400493621826
193 3.0133719444274902
194 3.1826517581939697
195 3.1854469776153564
196 2.856844186782837
197 2.883483648300171
198 2.722336769104004
199 3.0101897716522217
200 3.4821038246154785
201 3.2821192741394043
202 3.174593687057495
203 3.2538866996765137
204 2.93868088722229
205 2.89784574508667
206 2.927492618560791
207 2.7165141105651855
208 2.6333837509155273
209 2.775419235229492
210 2.9298737049102783
211 3.3240807056427
212 3.2198877334594727
213 3.5645339488983154
214 3.589186191558838
215 3.277527332305908
216 3.1318020820617676
217 3.1900136470794678
218 3.235226631164551
219 3.186610460281372
220 3.228322982788086
221 3.421910285949707
222 3.090266466140747
223 3.0001108646392822
224 2.911547899246216
225 3.161379814147949
226 3.0191473960876465
227 2.9815287590026855
228 2.9891650676727295
229 3.0456857681274414
230 2.9707980155944824
231 2.874666213989258
232 2.6988563537597656
233 2.569951057434082
234 2.6134896278381348
235 2.455845594406128
236 2.2581043243408203
237 2.337960958480835
238 2.444803476333618
239 2.386004686355591
240 2.543980598449707
241 2.545901298522949
242 2.5896224975585938
243 2.6112258434295654
244 2.5178472995758057
245 2.7133424282073975
246 2.311337947845459
247 2.537753105163574
248 2.7494685649871826
249 3.100088357925415
250 3.371321678161621
251 4.0297465324401855
252 3.954834222793579
253 3.5282623767852783
254 3.1900174617767334
255 3.0954296588897705
256 3.662665367126465
257 3.364262819290161
258 3.354222536087036
259 3.1493923664093018
260 2.9017281532287598
261 3.2711613178253174
262 2.9595441818237305
263 2.595521926879883
264 2.868213653564453
265 2.885794162750244
266 2.9985296726226807
267 3.1823408603668213
268 2.7324376106262207
269 3.0595691204071045
270 2.7319600582122803
271 2.6257686614990234
272 2.9390172958374023
273 3.171954870223999
274 2.9738528728485107
275 3.1747665405273438
276 2.957106590270996
277 3.0989389419555664
278 2.8062784671783447
279 2.6510157585144043
280 2.7215354442596436
281 3.0696446895599365
282 3.0822744369506836
283 3.298281669616699
284 2.8021326065063477
285 2.673251152038574
286 2.6182682514190674
287 2.8151018619537354
288 2.6107494831085205
289 2.74055552482605
290 2.4043025970458984
291 2.818748712539673
292 2.5506811141967773
293 2.584172010421753
294 2.860079288482666
295 2.7713146209716797
296 2.75754714012146
297 2.6468212604522705
298 2.7636444568634033
299 2.6662070751190186
300 2.7137584686279297
301 2.8559048175811768
302 2.544971466064453
303 2.2725791931152344
304 2.4446604251861572
305 2.4998552799224854
306 2.4717907905578613
307 2.506744384765625
308 2.5103020668029785
309 2.4282281398773193
310 2.5729947090148926
311 2.260978937149048
312 2.5513181686401367
313 2.3266501426696777
314 2.3348581790924072
315 2.59101939201355
316 2.705031394958496
317 2.7083635330200195
318 2.619617223739624
319 2.4549660682678223
320 2.6254866123199463
321 2.6038219928741455
322 2.392796754837036
323 2.235734224319458
324 2.348353147506714
325 2.1328208446502686
326 2.0052270889282227
327 2.0772171020507813
328 2.0505807399749756
329 2.3163399696350098
330 2.6130635738372803
331 2.8733856678009033
332 2.538910150527954
333 2.549445390701294
334 2.525862455368042
335 2.4173054695129395
336 2.481846332550049
337 2.432126522064209
338 2.3339502811431885
339 2.36045241355896
340 2.3755979537963867
341 2.6144254207611084
342 2.6066107749938965
343 2.756284236907959
344 2.7593352794647217
345 2.5748908519744873
346 2.4707775115966797
347 2.6817941665649414
348 2.4928767681121826
349 2.6588895320892334
350 2.491283655166626
351 2.730281352996826
352 2.9414477348327637
353 3.357041120529175
354 3.457437515258789
355 3.0822513103485107
356 3.328047752380371
357 3.224374532699585
358 3.4738962650299072
359 3.380206823348999
360 3.1983554363250732
361 3.1553094387054443
362 3.001432418823242
363 3.056950807571411
364 3.0107877254486084
365 2.775393486022949
366 2.8310866355895996
367 2.808126211166382
368 2.7744028568267822
369 2.6566920280456543
370 2.4456534385681152
371 2.4130804538726807
372 2.298370838165283
373 2.2821178436279297
374 2.5982558727264404
375 2.6471707820892334
376 2.5738232135772705
377 2.8120322227478027
378 2.7410333156585693
379 3.0042402744293213
380 3.2894110679626465
381 3.1044867038726807
382 3.0876071453094482
383 3.0566039085388184
384 2.83632493019104
385 2.6604177951812744
386 2.6611735820770264
387 2.6063923835754395
388 2.6524384021759033
389 2.475569009780884
390 2.7489264011383057
391 2.6301662921905518
392 2.5456655025482178
393 2.5628161430358887
394 2.7391726970672607
395 2.745537757873535
396 2.9027621746063232
397 3.036059617996216
398 3.200979471206665
399 3.0577781200408936
400 3.192225933074951
401 3.239553213119507
402 3.528433084487915
403 3.7604167461395264
404 4.271620273590088
405 4.075371742248535
406 4.198470592498779
407 3.9535701274871826
408 3.8435516357421875
409 3.7918882369995117
410 3.2562153339385986
411 3.4257943630218506
412 3.345158100128174
413 3.167384386062622
414 2.73461651802063
415 2.7810986042022705
416 2.779160499572754
417 3.0744056701660156
418 3.0815985202789307
419 3.1711201667785645
420 3.0255446434020996
421 2.8459229469299316
422 2.7348899841308594
423 2.8517627716064453
424 2.517390251159668
425 2.455227851867676
426 2.7604689598083496
427 3.0491855144500732
428 2.7603254318237305
429 2.8766098022460938
430 2.8482205867767334
431 2.8246870040893555
432 2.621950626373291
433 2.592188596725464
434 2.666877508163452
435 2.5623526573181152
436 3.0872888565063477
437 3.074681520462036
438 2.9292240142822266
439 2.4768455028533936
440 2.9583985805511475
441 2.8203229904174805
442 2.7974071502685547
443 2.856031894683838
444 2.794809579849243
445 3.141359806060791
446 2.9982237815856934
447 2.907743453979492
448 2.877572774887085
449 3.0739946365356445
450 3.0544381141662598
451 2.80879282951355
452 3.0527350902557373
453 3.090772867202759
454 3.034729242324829
455 3.110875129699707
456 2.908897638320923
457 2.857628345489502
458 2.662142276763916
459 2.448286771774292
460 2.5398402214050293
461 2.6237239837646484
462 2.4129090309143066
463 2.4649734497070313
464 2.8064279556274414
465 3.099871873855591
466 3.192870855331421
467 2.9776110649108887
468 3.215454578399658
469 3.1092615127563477
470 3.146165370941162
471 3.2782797813415527
472 3.0308635234832764
473 3.3274478912353516
474 3.3956027030944824
475 3.28368878364563
476 3.1224911212921143
477 3.548081636428833
478 3.522714853286743
479 3.389310359954834
480 3.171234369277954
481 2.8837358951568604
482 2.717968463897705
483 2.4602952003479004
484 2.650491237640381
485 2.836822271347046
486 2.4936399459838867
487 2.230449676513672
488 2.35162615776062
489 2.5672059059143066
490 2.6798994541168213
491 2.3945412635803223
492 2.8897688388824463
493 2.9075510501861572
494 2.4370391368865967
495 2.785761594772339
496 2.894406795501709
497 3.213857889175415
498 3.3204734325408936
499 3.706609010696411
500 3.180568218231201
501 2.621002435684204
502 2.9291388988494873
503 2.884762763977051
504 2.9726645946502686
505 3.2189676761627197
506 3.3012607097625732
507 3.4500553607940674
508 3.154413938522339
509 3.174386978149414
510 2.8018133640289307
511 2.9321346282958984
512 3.0254220962524414
513 3.1820132732391357
514 3.2254152297973633
515 3.1103029251098633
516 3.2655253410339355
517 3.0649821758270264
518 3.0300419330596924
519 2.5712621212005615
520 2.7564337253570557
521 3.0021519660949707
522 2.9253432750701904
523 2.9483087062835693
524 2.9338247776031494
525 3.0539567470550537
526 3.461923122406006
527 3.042006254196167
528 2.688406229019165
529 2.7874324321746826
530 3.179561138153076
531 3.052902936935425
532 2.902071714401245
533 2.906404495239258
534 2.7695088386535645
535 2.654309034347534
536 2.7794387340545654
537 2.8802194595336914
538 2.9552409648895264
539 3.2916948795318604
540 3.155813694000244
541 3.101395845413208
542 3.388530731201172
543 3.5500173568725586
544 3.2821407318115234
545 2.9991183280944824
546 3.113442897796631
547 2.852134943008423
548 2.9185116291046143
549 2.8442320823669434
550 2.893648386001587
551 3.021608591079712
552 2.8806285858154297
553 2.8100075721740723
554 2.7434191703796387
555 2.9042091369628906
556 3.13771653175354
557 3.2610888481140137
558 3.453336477279663
559 3.0201871395111084
560 3.3190853595733643
561 3.2969982624053955
562 3.2015769481658936
563 3.106851816177368
564 3.4284276962280273
565 3.190528631210327
566 3.229597568511963
567 3.351534366607666
568 3.158900022506714
569 3.3280222415924072
570 3.4720518589019775
571 3.0129945278167725
572 3.003718376159668
573 3.1022961139678955
574 3.267085552215576
575 3.340900182723999
576 2.9517617225646973
577 2.796658515930176
578 3.0951130390167236
579 2.8326237201690674
580 3.1449923515319824
581 2.987457036972046
582 2.837313652038574
583 2.7934343814849854
584 2.8020777702331543
585 2.674973249435425
586 2.731858253479004
587 2.6838345527648926
588 2.940854072570801
589 3.084268808364868
590 2.952852964401245
591 2.622976779937744
592 2.519674777984619
593 2.4964823722839355
594 2.7785754203796387
595 3.0751490592956543
596 2.826693534851074
597 2.852130889892578
598 2.7459194660186768
599 2.9981460571289063
600 2.9697206020355225
601 3.448641300201416
602 3.2939131259918213
603 3.5101735591888428
604 2.963444948196411
605 2.493518352508545
606 2.8132407665252686
607 2.8886477947235107
608 2.878943920135498
609 3.095165729522705
610 2.92563533782959
611 2.5721287727355957
612 2.502376079559326
613 2.4029815196990967
614 2.7433133125305176
615 2.6266045570373535
616 2.420278310775757
617 2.583296060562134
618 2.6983189582824707
619 2.3794872760772705
620 2.638437509536743
621 2.3819353580474854
622 2.5936954021453857
623 2.393850803375244
624 2.56075119972229
625 2.38824725151062
626 2.3290116786956787
627 2.3378610610961914
628 2.1722254753112793
629 1.9553302526474
630 2.0740325450897217
631 2.189937114715576
632 2.3824679851531982
633 2.4737696647644043
634 2.5110907554626465
635 2.3052048683166504
636 2.473446846008301
637 2.583169460296631
638 2.6889195442199707
639 2.8184986114501953
640 2.7522029876708984
641 3.0859179496765137
642 2.655748128890991
643 3.0201876163482666
644 3.0592288970947266
645 3.2121541500091553
646 3.3073718547821045
647 3.6550464630126953
648 3.488560438156128
649 3.3989570140838623
650 3.285872220993042
651 3.159043312072754
652 2.997514486312866
653 3.0503764152526855
654 3.068572521209717
655 3.0395450592041016
656 2.630157470703125
657 2.9682137966156006
658 3.0736193656921387
659 3.3683691024780273
660 3.194420337677002
661 3.4214398860931396
662 3.261385917663574
663 3.1561248302459717
664 3.2328689098358154
665 3.186584234237671
666 3.446507692337036
667 3.186382532119751
668 3.1645987033843994
669 3.0587940216064453
670 3.228759765625
671 3.0285685062408447
672 2.5687062740325928
673 2.2683637142181396
674 2.1768362522125244
675 2.539435386657715
676 2.716292142868042
677 2.521082878112793
678 2.828172206878662
679 3.014944076538086
680 3.0437216758728027
681 3.2140767574310303
682 3.37432599067688
683 2.9080631732940674
684 2.9214603900909424
685 3.1668498516082764
686 2.868673801422119
687 2.8688602447509766
688 2.4576666355133057
689 2.4814293384552
690 2.4894626140594482
691 2.677000045776367
692 2.636721134185791
693 2.7311792373657227
694 2.8372602462768555
695 2.931084394454956
696 2.5756566524505615
697 2.5136289596557617
698 2.518291473388672
699 2.4165873527526855
700 2.532630205154419
701 2.252152681350708
702 2.664761543273926
703 2.23132586479187
704 2.503143072128296
705 2.6855485439300537
706 2.4598586559295654
707 2.390822410583496
708 2.6411094665527344
709 2.9520816802978516
710 3.0144126415252686
711 2.8159689903259277
712 2.8287792205810547
713 2.717134714126587
714 2.625614643096924
715 2.3643648624420166
716 2.6090962886810303
717 2.860557794570923
718 3.233759641647339
719 3.21766996383667
720 2.8372504711151123
721 3.051516532897949
722 2.7911274433135986
723 2.4465746879577637
724 2.188833713531494
725 2.207821846008301
726 2.3350985050201416
727 2.3227946758270264
728 2.3381478786468506
729 2.3718183040618896
730 2.257190465927124
731 2.3778035640716553
732 2.319256067276001
733 2.6164796352386475
734 2.718317985534668
735 2.519556999206543
736 2.563504219055176
737 2.7555224895477295
738 2.730567216873169
739 2.99668550491333
740 2.8933370113372803
741 2.842327117919922
742 2.864044666290283
743 2.9473206996917725
744 2.732941150665283
745 2.6778624057769775
746 2.519526243209839
747 2.6413769721984863
748 2.741511106491089
749 2.683241367340088
750 2.7841713428497314
751 2.388097047805786
752 2.448840856552124
753 2.6442012786865234
754 2.247504472732544
755 2.414306163787842
756 2.523038148880005
757 2.152509927749634
758 2.583320379257202
759 2.7602884769439697
760 2.4728970527648926
761 2.8206183910369873
762 3.3008038997650146
763 3.434960126876831
764 3.2556450366973877
765 3.1140332221984863
766 2.831887722015381
767 3.2293059825897217
768 3.1402769088745117
769 3.1726572513580322
770 3.2126753330230713
771 3.577082395553589
772 3.600294351577759
773 3.5663843154907227
774 3.369799852371216
775 3.6435134410858154
776 3.749957799911499
777 3.0585930347442627
778 3.125094413757324
779 3.6242523193359375
780 3.1648240089416504
781 3.072810411453247
782 3.0688958168029785
783 3.210036039352417
784 2.594968557357788
785 2.7017788887023926
786 3.1704509258270264
787 3.004995584487915
788 3.0320851802825928
789 2.9487087726593018
790 3.1875791549682617
791 2.8821470737457275
792 2.7580654621124268
793 2.731248378753662
794 2.740915536880493
795 2.6979146003723145
796 2.8123648166656494
797 2.6040830612182617
798 2.9118595123291016
799 3.3987836837768555
800 2.8698413372039795
801 3.0142335891723633
802 2.599778890609741
803 2.760894775390625
804 2.8359670639038086
805 3.016451120376587
806 2.8107519149780273
807 2.610275983810425
808 2.673060894012451
809 2.7424275875091553
810 2.741658926010132
811 2.836517095565796
812 2.8311243057250977
813 2.6213717460632324
814 2.6421995162963867
815 2.7579476833343506
816 2.9848780632019043
817 3.1932132244110107
818 3.0032951831817627
819 3.172769546508789
820 2.9810380935668945
821 3.1917660236358643
822 3.2736024856567383
823 3.1034936904907227
824 2.9301955699920654
825 3.1574151515960693
826 2.8822543621063232
827 3.060835599899292
828 3.3987650871276855
829 3.9906673431396484
830 3.479987382888794
831 3.383826732635498
832 2.687164545059204
833 2.9910166263580322
834 2.982830286026001
835 2.8722734451293945
836 2.8383278846740723
837 2.744455099105835
838 2.690502882003784
839 3.0423452854156494
840 3.2652649879455566
841 3.0186567306518555
842 2.7605042457580566
843 2.9846155643463135
844 2.696044683456421
845 2.718202590942383
846 2.4940526485443115
847 2.416267156600952
848 2.4996392726898193
849 2.5734643936157227
850 2.9847307205200195
851 3.0050508975982666
852 3.015777587890625
853 3.101158857345581
854 2.913618326187134
855 3.0922718048095703
856 3.2025985717773438
857 2.791916847229004
858 2.746129274368286
859 3.08915114402771
860 2.8921055793762207
861 2.9267020225524902
862 2.7397797107696533
863 2.858490467071533
864 2.707059144973755
865 2.6427435874938965
866 2.7591238021850586
867 2.762044668197632
868 2.998286247253418
869 2.767385244369507
870 2.862867832183838
871 2.788925886154175
872 2.6964192390441895
873 2.6123626232147217
874 2.5382847785949707
875 2.7322723865509033
876 2.588042736053467
877 2.737215518951416
878 3.0145039558410645
879 2.934539556503296
880 3.0727932453155518
881 2.86413836479187
882 2.8184776306152344
883 2.722036361694336
884 2.4249308109283447
885 2.372251033782959
886 2.5921690464019775
887 2.9975342750549316
888 2.8924875259399414
889 3.0270886421203613
890 3.3438470363616943
891 3.289802312850952
892 3.362114191055298
893 3.033015489578247
894 3.0927462577819824
895 3.036689519882202
896 3.3960318565368652
897 3.5687711238861084
898 3.6834471225738525
899 3.599602460861206
900 3.502432107925415
901 3.4299137592315674
902 3.6983489990234375
903 3.577404022216797
904 3.6224584579467773
905 3.382303476333618
906 3.4315831661224365
907 3.4895224571228027
908 3.5842909812927246
909 3.835057020187378
910 3.437591314315796
911 3.396928071975708
912 3.167833089828491
913 3.1657261848449707
914 3.148533582687378
915 3.044450521469116
916 3.078015089035034
917 3.1223835945129395
918 2.990419864654541
919 2.8539810180664063
920 2.7258570194244385
921 2.7412588596343994
922 3.1333866119384766
923 3.250298500061035
924 3.020282030105591
925 2.980086088180542
926 2.9529736042022705
927 2.788714647293091
928 2.834724187850952
929 3.1232669353485107
930 3.0265305042266846
931 2.9658920764923096
932 2.9691267013549805
933 3.1367621421813965
934 3.01669979095459
935 2.773099899291992
936 2.989682674407959
937 2.771522283554077
938 2.611447811126709
939 3.0397071838378906
940 2.926687717437744
941 2.9353110790252686
942 2.8560452461242676
943 2.9020233154296875
944 2.8335213661193848
945 2.9591076374053955
946 2.781339168548584
947 2.6544110774993896
948 2.844393253326416
949 2.937952756881714
950 2.9463412761688232
951 2.975217580795288
952 3.185713529586792
953 3.462160110473633
954 3.0869758129119873
955 2.776723861694336
956 2.723619222640991
957 2.6353919506073
958 2.295973062515259
959 2.3615801334381104
960 2.2654144763946533
961 2.2735822200775146
962 2.260932207107544
963 2.6430306434631348
964 2.7377114295959473
965 2.5932085514068604
966 2.878390312194824
967 2.9798707962036133
968 2.517630100250244
969 2.5140464305877686
970 2.4502830505371094
971 2.1767611503601074
972 2.3758230209350586
973 2.3733696937561035
974 2.4455604553222656
975 2.425170421600342
976 2.5393826961517334
977 2.5911340713500977
978 2.2109017372131348
979 2.3562002182006836
980 2.3280692100524902
981 2.591768980026245
982 2.7788970470428467
983 2.888044595718384
984 3.305290699005127
985 3.249734878540039
986 3.1512887477874756
987 2.9954514503479004
988 2.925197124481201
989 3.0516715049743652
990 2.6368346214294434
991 2.6019089221954346
992 2.4789490699768066
993 2.736290454864502
994 2.6496105194091797
995 2.787240505218506
996 3.192774534225464
997 3.2950000762939453
998 3.25077748298645
999 3.2309200763702393
1000 3.341186285018921
1001 3.2919299602508545
1002 3.206382989883423
1003 3.345151901245117
1004 3.2069599628448486
1005 3.1073756217956543
1006 3.537266492843628
1007 3.648841142654419
1008 3.6170814037323
1009 3.325746774673462
1010 3.283769369125366
1011 3.2189924716949463
1012 3.705887794494629
1013 3.6720612049102783
1014 3.2912347316741943
1015 2.978628635406494
1016 3.1319401264190674
1017 3.072493553161621
1018 3.0513343811035156
1019 3.1094822883605957
1020 3.3437869548797607
1021 2.936068296432495
1022 2.831047534942627
1023 2.877242088317871
1024 2.8526837825775146
1025 3.104435682296753
1026 3.2306528091430664
1027 3.4992265701293945
1028 3.4913012981414795
1029 3.3767735958099365
1030 3.304928779602051
1031 3.0843770503997803
1032 3.246378183364868
1033 3.2105047702789307
1034 2.975456476211548
1035 2.864010810852051
1036 2.5723819732666016
1037 2.7111754417419434
1038 2.613535165786743
1039 2.764214277267456
1040 2.8955748081207275
1041 2.8816452026367188
1042 3.1899731159210205
1043 3.20113205909729
1044 3.20611310005188
1045 3.2032923698425293
1046 3.1347267627716064
1047 2.7907187938690186
1048 2.9114270210266113
1049 3.732311964035034
1050 3.7054383754730225
1051 3.731818914413452
1052 3.6173386573791504
1053 3.8729753494262695
1054 3.5133018493652344
1055 3.1100552082061768
1056 3.191718101501465
1057 2.516486167907715
1058 2.630697727203369
1059 2.637199640274048
1060 2.640368700027466
1061 2.97860050201416
1062 2.814145565032959
1063 2.446352481842041
1064 2.8329412937164307
1065 2.6937241554260254
1066 2.770871639251709
1067 2.5797061920166016
1068 2.6557750701904297
1069 2.207420587539673
1070 2.5070955753326416
1071 2.2993335723876953
1072 2.3789665699005127
1073 2.4714505672454834
1074 2.801790475845337
1075 2.8237600326538086
1076 2.8990464210510254
1077 2.751086950302124
1078 2.685197591781616
1079 2.9566054344177246
1080 2.9589626789093018
1081 2.9248950481414795
1082 2.74763822555542
1083 2.7596452236175537
1084 2.806800127029419
1085 2.9050049781799316
1086 3.770339012145996
1087 3.718949317932129
1088 3.2880375385284424
1089 3.1548008918762207
1090 2.9394896030426025
1091 3.3693466186523438
1092 3.1798534393310547
1093 3.315143585205078
1094 3.2504825592041016
1095 2.7140185832977295
1096 3.0243401527404785
1097 2.7682085037231445
1098 3.068662166595459
1099 3.3291077613830566
1100 3.655207395553589
1101 3.865819215774536
1102 3.642195701599121
1103 2.885380506515503
1104 3.021496295928955
1105 3.2845239639282227
1106 3.224313974380493
1107 2.935755968093872
1108 3.2979226112365723
1109 3.142643690109253
1110 2.6422011852264404
1111 2.7311363220214844
1112 2.7156717777252197
1113 2.542708396911621
1114 2.416476249694824
1115 2.7746753692626953
1116 2.7029850482940674
1117 2.653040885925293
1118 2.7330641746520996
1119 2.723982334136963
1120 2.4913811683654785
1121 2.5853192806243896
1122 2.606978178024292
1123 2.4758968353271484
1124 2.319805145263672
1125 2.808093786239624
1126 2.827270984649658
1127 2.685361862182617
1128 3.1395201683044434
1129 2.9266631603240967
1130 3.052299976348877
1131 2.6634461879730225
1132 2.7557003498077393
1133 2.869312047958374
1134 2.8760199546813965
1135 2.6854233741760254
1136 2.969888210296631
1137 2.674574375152588
1138 2.330012798309326
1139 2.645014762878418
1140 2.4876911640167236
1141 2.4420769214630127
1142 2.5523788928985596
1143 3.080754518508911
1144 2.877267599105835
1145 2.813971519470215
1146 3.1917223930358887
1147 3.4808740615844727
1148 3.405552864074707
1149 3.017488956451416
1150 2.838686943054199
1151 2.6024422645568848
1152 2.8494789600372314
1153 2.6700987815856934
1154 2.8724565505981445
1155 2.7231829166412354
1156 2.8192687034606934
1157 2.7626166343688965
1158 3.0172479152679443
1159 2.6915361881256104
1160 2.7696597576141357
1161 2.8350584506988525
1162 2.5156219005584717
1163 2.5341413021087646
1164 2.635655403137207
1165 2.8559906482696533
1166 2.7768003940582275
1167 2.7251534461975098
1168 2.911771297454834
1169 2.9338796138763428
1170 2.9729971885681152
1171 3.157665491104126
1172 3.2055509090423584
1173 3.246025323867798
1174 2.9907708168029785
1175 2.8691728115081787
1176 3.0005154609680176
1177 2.7870590686798096
1178 2.8569695949554443
1179 2.981569528579712
1180 2.9838359355926514
1181 2.6711597442626953
1182 2.3864986896514893
1183 2.8964648246765137
1184 2.8681421279907227
1185 2.6803689002990723
1186 2.799499750137329
1187 2.793081521987915
1188 2.623760223388672
1189 2.725168466567993
1190 2.4745404720306396
1191 2.580660343170166
1192 3.0102479457855225
1193 2.908517599105835
1194 2.753392219543457
1195 3.1674375534057617
1196 3.0045151710510254
1197 3.21665096282959
1198 3.2386598587036133
1199 3.445507526397705
1200 3.0243170261383057
1201 2.951706886291504
1202 2.7722108364105225
1203 3.2307770252227783
1204 3.397156238555908
1205 3.1914052963256836
1206 3.198537588119507
1207 3.340571165084839
1208 3.290199041366577
1209 3.204132556915283
1210 3.516101121902466
1211 3.0059378147125244
1212 2.811941146850586
1213 2.891200304031372
1214 3.0568370819091797
1215 2.914696455001831
1216 2.7114057540893555
1217 2.4945342540740967
1218 2.5555403232574463
1219 2.627232313156128
1220 2.40626859664917
1221 2.7061924934387207
1222 2.594770908355713
1223 2.509521007537842
1224 2.52365779876709
1225 2.634974479675293
1226 2.40653657913208
1227 2.471134901046753
1228 2.469531297683716
1229 2.386744499206543
1230 2.5544660091400146
1231 2.4706239700317383
1232 2.3387722969055176
1233 2.4383420944213867
1234 2.382192373275757
1235 2.3194010257720947
1236 2.8893544673919678
1237 2.775475263595581
1238 3.0744221210479736
1239 3.210219144821167
1240 3.072141408920288
1241 2.9663400650024414
1242 2.8948278427124023
1243 2.6558785438537598
1244 2.727787733078003
1245 2.944425582885742
1246 2.916405200958252
1247 3.2507693767547607
1248 3.2271134853363037
1249 3.1200854778289795
1250 3.6697821617126465
1251 3.667645215988159
1252 3.608975887298584
1253 3.7441329956054688
1254 3.4025368690490723
1255 3.3652586936950684
1256 2.982130765914917
1257 3.3967225551605225
1258 3.2516891956329346
1259 3.269650936126709
1260 3.373058557510376
1261 3.551912784576416
1262 3.5537467002868652
1263 3.632843494415283
1264 3.6936957836151123
1265 3.5264997482299805
1266 3.396294593811035
1267 3.426424741744995
1268 3.952188730239868
1269 3.764746904373169
1270 3.6337265968322754
1271 3.6071391105651855
1272 3.693506956100464
1273 3.3507139682769775
1274 3.2945263385772705
1275 3.032525062561035
1276 3.253537178039551
1277 3.273655891418457
1278 3.4639084339141846
1279 3.6971325874328613
1280 3.58958101272583
1281 3.5876636505126953
1282 3.8041069507598877
1283 3.7996456623077393
1284 3.3779492378234863
1285 3.076493263244629
1286 3.0440123081207275
1287 3.2247354984283447
1288 3.3343937397003174
1289 3.4643685817718506
1290 3.3761847019195557
1291 3.495500087738037
1292 3.5775156021118164
1293 3.5985846519470215
1294 3.5411205291748047
1295 3.9049618244171143
1296 3.686361312866211
1297 4.044712066650391
1298 3.649958372116089
1299 3.6978793144226074
1300 3.560502052307129
1301 3.6279842853546143
1302 3.628335952758789
1303 3.373718738555908
1304 3.4396445751190186
1305 3.176469326019287
1306 3.1976237297058105
1307 3.0870673656463623
1308 2.9572815895080566
1309 2.8251876831054688
1310 2.715336322784424
1311 2.4755806922912598
1312 2.6308133602142334
1313 2.6198618412017822
1314 2.7784743309020996
1315 2.9483132362365723
1316 3.0299630165100098
1317 2.6108126640319824
1318 2.567682981491089
1319 2.5933992862701416
1320 2.5877974033355713
1321 2.6629528999328613
1322 2.7703824043273926
1323 2.52158522605896
1324 2.4279041290283203
1325 2.389195203781128
1326 2.1453399658203125
1327 2.1652212142944336
1328 2.218583583831787
1329 2.5783510208129883
1330 2.524380683898926
1331 2.578993320465088
1332 2.419071674346924
1333 2.585066080093384
1334 2.8596737384796143
1335 2.9107279777526855
1336 3.1601388454437256
1337 3.011279344558716
1338 3.1573288440704346
1339 3.265120029449463
1340 3.1918323040008545
1341 3.4038257598876953
1342 3.577287197113037
1343 3.482428550720215
1344 3.8031370639801025
1345 4.052123069763184
1346 4.002529621124268
1347 3.5617942810058594
1348 3.401085615158081
1349 3.4023356437683105
1350 3.3661563396453857
1351 3.4839026927948
1352 3.56577205657959
1353 3.7509074211120605
1354 3.391744613647461
1355 3.472701072692871
1356 3.3473641872406006
1357 3.116116762161255
1358 2.8041768074035645
1359 2.4002270698547363
1360 2.1802868843078613
1361 2.4468905925750732
1362 2.5805842876434326
1363 2.5664007663726807
1364 2.579240322113037
1365 2.5534286499023438
1366 2.638279438018799
1367 3.025897979736328
1368 2.845550298690796
1369 2.9368157386779785
1370 2.7603979110717773
1371 2.4930832386016846
1372 2.6687889099121094
1373 2.4712271690368652
1374 2.676849126815796
1375 2.91025972366333
1376 3.182101011276245
1377 2.866914749145508
1378 3.4841232299804688
1379 3.2489473819732666
1380 3.4138307571411133
1381 3.4170188903808594
1382 3.4502575397491455
1383 3.166466474533081
1384 2.869469404220581
1385 2.6543476581573486
1386 2.7583889961242676
1387 3.1892151832580566
1388 2.9554381370544434
1389 3.021726369857788
1390 2.8768270015716553
1391 2.8078317642211914
1392 2.6652350425720215
1393 2.6023268699645996
1394 2.812605857849121
1395 2.939304828643799
1396 3.111199140548706
1397 3.3280959129333496
1398 3.529625654220581
1399 3.3983659744262695
1400 3.3273208141326904
1401 3.437326192855835
1402 3.3497695922851563
1403 3.0192644596099854
1404 3.037055492401123
1405 3.0899057388305664
1406 3.0719306468963623
1407 2.968372344970703
1408 2.8196611404418945
1409 2.714487075805664
1410 2.3801825046539307
1411 2.622899293899536
1412 2.216841697692871
1413 2.6284875869750977
1414 2.523695707321167
1415 2.3079583644866943
1416 2.4620847702026367
1417 2.3867857456207275
1418 2.256444215774536
1419 2.184666156768799
1420 2.348897695541382
1421 2.559314727783203
1422 2.532557964324951
1423 2.190155506134033
1424 2.3438096046447754
1425 2.4037833213806152
1426 2.4803669452667236
1427 2.2456204891204834
1428 2.2954745292663574
1429 2.369842052459717
1430 2.73172664642334
1431 2.4893975257873535
1432 2.8672428131103516
1433 2.747194290161133
1434 2.9684395790100098
1435 2.564812183380127
1436 2.426417350769043
1437 2.7146925926208496
1438 2.8450162410736084
1439 3.034792900085449
1440 2.811063051223755
1441 2.695910930633545
1442 2.612545967102051
1443 2.6538286209106445
1444 3.031092405319214
1445 2.9358747005462646
1446 3.323089838027954
1447 3.335519790649414
1448 3.2844200134277344
1449 3.1482505798339844
1450 3.028977632522583
1451 3.0129129886627197
1452 2.7480525970458984
1453 2.695655584335327
1454 2.754079818725586
1455 2.8303444385528564
1456 2.3905117511749268
1457 2.334981679916382
1458 2.317067861557007
1459 2.52129864692688
1460 2.307756185531616
1461 2.365878105163574
1462 2.299269914627075
1463 2.676299571990967
1464 2.4310572147369385
1465 2.3902173042297363
1466 2.467228651046753
1467 2.401540517807007
1468 2.2923285961151123
1469 2.3156986236572266
1470 2.489015579223633
1471 2.326775074005127
1472 2.2859110832214355
1473 2.319486618041992
1474 2.449336528778076
1475 2.3707005977630615
1476 2.315643548965454
1477 2.0907270908355713
1478 2.214053153991699
1479 2.3923168182373047
1480 2.4389984607696533
1481 2.616992712020874
1482 2.5211117267608643
1483 2.4869742393493652
1484 2.8563485145568848
1485 2.5560600757598877
1486 2.502584218978882
1487 2.6637930870056152
1488 2.5201680660247803
1489 2.54103422164917
1490 2.620771884918213
1491 2.9202141761779785
1492 2.748866558074951
1493 2.5485143661499023
1494 2.8252995014190674
1495 2.8135769367218018
1496 2.983950138092041
1497 2.8241262435913086
1498 2.789160966873169
1499 3.0146520137786865
1500 2.791222333908081
1501 3.690150022506714
1502 3.3032519817352295
1503 3.48079252243042
1504 3.5515151023864746
1505 3.1921491622924805
1506 3.097761392593384
1507 3.364539384841919
1508 3.4234657287597656
1509 3.4141745567321777
1510 3.4954233169555664
1511 3.487647294998169
1512 3.6276066303253174
1513 3.780362129211426
1514 3.5213873386383057
1515 3.6799001693725586
1516 3.91373348236084
1517 3.6997575759887695
1518 3.935947895050049
1519 4.176812648773193
1520 3.8901686668395996
1521 3.8806989192962646
1522 4.062732696533203
1523 3.8481104373931885
1524 3.483812093734741
1525 3.5743820667266846
1526 3.671416759490967
1527 3.2662289142608643
1528 3.3083853721618652
1529 2.992790699005127
1530 3.4467270374298096
1531 3.5289359092712402
1532 3.4918618202209473
1533 3.1788291931152344
1534 2.8893537521362305
1535 3.0206310749053955
1536 3.4449777603149414
1537 3.6081535816192627
1538 3.3113906383514404
1539 3.4738450050354004
1540 3.4909472465515137
1541 3.7840564250946045
1542 3.534627914428711
1543 3.2115166187286377
1544 3.3041775226593018
1545 3.2553110122680664
1546 2.7502613067626953
1547 3.099740982055664
1548 2.895322799682617
1549 2.9191842079162598
1550 3.291227340698242
1551 2.825946569442749
1552 2.897329092025757
1553 2.9241461753845215
1554 3.061600923538208
1555 2.998699426651001
1556 2.6768572330474854
1557 2.920393705368042
1558 2.7192254066467285
1559 2.607931613922119
1560 2.4914705753326416
1561 2.530383348464966
1562 2.836836814880371
1563 2.929722309112549
1564 3.4434311389923096
1565 3.294447422027588
1566 3.2230751514434814
1567 3.365784168243408
1568 3.129683017730713
1569 3.2114412784576416
1570 3.2383768558502197
1571 3.6530544757843018
1572 3.645838737487793
1573 3.2350873947143555
1574 3.2856087684631348
1575 3.6417086124420166
1576 3.6452345848083496
1577 3.7780983448028564
1578 3.780515193939209
1579 3.5630619525909424
1580 3.5088400840759277
1581 3.477674961090088
1582 3.3769588470458984
1583 3.70662522315979
1584 4.031066417694092
1585 4.042258262634277
1586 3.854548454284668
1587 3.8306057453155518
1588 3.82981538772583
1589 3.738164186477661
1590 3.8693478107452393
1591 4.006136894226074
1592 4.022490978240967
1593 4.119749069213867
1594 4.679832935333252
1595 4.852429389953613
1596 4.314967632293701
1597 4.630385398864746
1598 4.278962135314941
1599 4.199474811553955
1600 4.076771259307861
1601 4.179298400878906
1602 3.884124279022217
1603 3.6222424507141113
1604 3.5647287368774414
1605 3.0801644325256348
1606 3.413729667663574
1607 3.1060516834259033
1608 2.78570294380188
1609 2.2514991760253906
1610 2.8725337982177734
1611 3.1543147563934326
1612 3.0155088901519775
1613 2.7600154876708984
1614 2.6677563190460205
1615 2.500974178314209
1616 2.5813775062561035
1617 2.8715925216674805
1618 2.81087589263916
1619 2.7088403701782227
1620 2.598637580871582
1621 2.7048087120056152
1622 2.6365697383880615
1623 2.7185628414154053
1624 3.315599203109741
1625 3.078690528869629
1626 3.3098809719085693
1627 3.235886335372925
1628 3.249196767807007
1629 3.3615450859069824
1630 3.3269922733306885
1631 2.933203935623169
1632 3.359241008758545
1633 3.3443562984466553
1634 3.2652676105499268
1635 3.0385091304779053
1636 3.209479570388794
1637 3.1069109439849854
1638 3.4284894466400146
1639 3.5829710960388184
1640 3.733663320541382
1641 3.6676878929138184
1642 3.5663256645202637
1643 3.539242744445801
1644 3.513615131378174
1645 3.447448492050171
1646 3.4114201068878174
1647 2.9406023025512695
1648 2.8543450832366943
1649 2.612556219100952
1650 2.833685874938965
1651 2.7613422870635986
1652 3.1197447776794434
1653 3.0719990730285645
1654 2.8963186740875244
1655 2.8915047645568848
1656 2.5064947605133057
1657 2.587028741836548
1658 2.58426570892334
1659 2.4516756534576416
1660 2.8629889488220215
1661 2.743317127227783
1662 2.6830034255981445
1663 3.0427706241607666
1664 3.0179035663604736
1665 3.079758644104004
1666 2.8988378047943115
1667 2.934239149093628
1668 2.7527036666870117
1669 2.9094221591949463
1670 3.1019339561462402
1671 3.0749802589416504
1672 3.048571825027466
1673 2.9810147285461426
1674 2.8165345191955566
1675 2.9953441619873047
1676 2.978931427001953
1677 3.0025277137756348
1678 2.9375531673431396
1679 2.8935546875
1680 2.838243007659912
1681 2.7072174549102783
1682 2.8743772506713867
1683 3.178900957107544
1684 2.902726411819458
1685 2.7913970947265625
1686 2.738232374191284
1687 2.8776063919067383
1688 3.0829362869262695
1689 2.7902848720550537
1690 2.8057401180267334
1691 2.5822291374206543
1692 2.588397979736328
1693 2.6135330200195313
1694 2.765214204788208
1695 2.7784998416900635
1696 3.1209616661071777
1697 3.416046142578125
1698 3.451991319656372
1699 3.0971150398254395
1700 3.4979591369628906
1701 3.2812957763671875
1702 3.012880802154541
1703 2.963409185409546
1704 2.6369194984436035
1705 2.7480435371398926
1706 2.9782817363739014
1707 2.939305305480957
1708 3.122345209121704
1709 2.6000561714172363
1710 2.924412488937378
1711 3.1327474117279053
1712 3.1801559925079346
1713 3.1318604946136475
1714 3.294339895248413
1715 3.036930561065674
1716 3.0305283069610596
1717 2.9766790866851807
1718 2.876875638961792
1719 3.0439960956573486
1720 3.5533852577209473
1721 3.2906973361968994
1722 3.0637545585632324
1723 3.1535072326660156
1724 3.226745367050171
1725 3.2664668560028076
1726 3.1810412406921387
1727 3.475571632385254
1728 3.5305721759796143
1729 3.6018054485321045
1730 3.581850290298462
1731 3.3587944507598877
1732 3.254800319671631
1733 3.418693780899048
1734 3.2339365482330322
1735 3.3063907623291016
1736 3.304157257080078
1737 3.0618808269500732
1738 3.1573517322540283
1739 2.8400728702545166
1740 2.90678071975708
1741 2.6713876724243164
1742 2.7805769443511963
1743 2.9826648235321045
1744 2.927779197692871
1745 2.973972797393799
1746 3.1115965843200684
1747 3.1292366981506348
1748 3.139808416366577
1749 3.13887619972229
1750 3.0985732078552246
1751 3.0294156074523926
1752 3.1658763885498047
1753 3.1276440620422363
1754 3.0485315322875977
1755 3.134608268737793
1756 2.723754405975342
1757 3.0006232261657715
1758 2.7437777519226074
1759 2.924532890319824
1760 2.9070565700531006
1761 2.926626682281494
1762 3.090165615081787
1763 3.113757848739624
1764 3.354888439178467
1765 3.334270477294922
1766 3.275299310684204
1767 3.1908328533172607
1768 3.227109909057617
1769 3.082451820373535
1770 2.9844136238098145
1771 3.088895559310913
1772 3.1291749477386475
1773 3.1192739009857178
1774 3.1612374782562256
1775 2.9032535552978516
1776 3.1025521755218506
1777 3.1949095726013184
1778 3.0971426963806152
1779 3.192504405975342
1780 3.1271607875823975
1781 3.531989336013794
1782 3.460031509399414
1783 3.038403034210205
1784 3.076348066329956
1785 3.0765411853790283
1786 3.2948763370513916
1787 3.312025308609009
1788 3.6753363609313965
1789 3.562063694000244
1790 3.4486207962036133
1791 3.31467604637146
1792 3.3329014778137207
1793 3.5162863731384277
1794 3.515634059906006
1795 3.514258623123169
1796 3.386319637298584
1797 3.2444400787353516
1798 3.3899919986724854
1799 3.3530373573303223
1800 3.168715000152588
1801 3.284417152404785
1802 3.2794010639190674
1803 3.1200804710388184
1804 3.4103267192840576
1805 3.6315112113952637
1806 3.2907168865203857
1807 3.3428375720977783
1808 3.468540668487549
1809 3.5435400009155273
1810 3.551882028579712
1811 3.298182964324951
1812 3.240007162094116
1813 3.328822135925293
1814 3.196077823638916
1815 3.4975643157958984
1816 3.762368679046631
1817 3.539172410964966
1818 3.529796600341797
1819 3.3516600131988525
1820 3.6318345069885254
1821 3.611332654953003
1822 3.403104543685913
1823 3.579799175262451
1824 3.6843149662017822
1825 3.4889986515045166
1826 3.3349761962890625
1827 3.371894598007202
1828 3.280923843383789
1829 3.4174492359161377
1830 3.520155191421509
1831 3.467665195465088
1832 3.4663453102111816
1833 3.5355684757232666
1834 3.2953360080718994
1835 3.251025915145874
1836 3.221358299255371
1837 3.30126953125
1838 3.6031789779663086
1839 3.6641714572906494
1840 3.2940614223480225
1841 3.3820881843566895
1842 3.196274995803833
1843 3.596271514892578
1844 4.154396057128906
1845 4.090808391571045
1846 3.731551170349121
1847 3.719464063644409
1848 3.3343441486358643
1849 3.7500486373901367
1850 4.127434730529785
1851 3.9081523418426514
1852 3.4902963638305664
1853 3.8294827938079834
1854 3.6704459190368652
1855 3.5274770259857178
1856 3.6023740768432617
1857 3.3496081829071045
1858 3.667860507965088
1859 3.51684832572937
1860 3.2610273361206055
1861 3.5214357376098633
1862 3.4662230014801025
1863 3.089435338973999
1864 3.1318087577819824
1865 2.8000738620758057
1866 2.9888312816619873
1867 3.081111192703247
1868 3.1202352046966553
1869 3.2353696823120117
1870 3.2576470375061035
1871 3.482178211212158
1872 3.4085936546325684
1873 3.3196380138397217
1874 3.1722958087921143
1875 2.990827798843384
1876 2.941838026046753
1877 2.7544291019439697
1878 2.718998432159424
1879 2.629739761352539
1880 3.001646041870117
1881 3.388984203338623
1882 3.3071670532226563
1883 3.1442534923553467
1884 2.824237108230591
1885 2.8725481033325195
1886 2.714390754699707
1887 2.9957923889160156
1888 3.048020124435425
1889 3.1202242374420166
1890 3.264788866043091
1891 3.2979464530944824
1892 3.1642932891845703
1893 3.375056505203247
1894 3.1810152530670166
1895 3.1285245418548584
1896 3.0198543071746826
1897 3.1839349269866943
1898 3.148772954940796
1899 3.026293992996216
1900 3.132702112197876
1901 3.0901987552642822
1902 3.1037275791168213
1903 3.3367300033569336
1904 2.8939003944396973
1905 3.0375702381134033
1906 3.000549554824829
1907 3.0375163555145264
1908 2.864753484725952
1909 2.9048426151275635
1910 3.0619964599609375
1911 3.084634304046631
1912 3.310591220855713
1913 2.9798734188079834
1914 3.0207793712615967
1915 2.9148855209350586
1916 3.0294268131256104
1917 2.7388558387756348
1918 2.9407312870025635
1919 2.830413579940796
1920 2.756131172180176
1921 2.8492212295532227
1922 2.9502482414245605
1923 2.9201762676239014
1924 2.9735424518585205
1925 3.280787944793701
1926 2.8260245323181152
1927 3.0181691646575928
1928 2.9807441234588623
1929 3.2737839221954346
1930 2.9584169387817383
1931 2.9518492221832275
1932 3.010213851928711
1933 3.5773959159851074
1934 3.7057087421417236
1935 3.9376895427703857
1936 3.4719150066375732
1937 3.4662795066833496
1938 3.6453518867492676
1939 3.7891602516174316
1940 4.123895645141602
1941 4.27590274810791
1942 4.152038097381592
1943 3.562192916870117
1944 3.4244468212127686
1945 3.3291544914245605
1946 3.1825625896453857
1947 3.2072806358337402
1948 3.2305052280426025
1949 2.9830031394958496
1950 3.218329906463623
1951 2.96624493598938
1952 3.3602454662323
1953 3.6640307903289795
1954 3.3977630138397217
1955 3.2797789573669434
1956 3.5935118198394775
1957 3.6888937950134277
1958 3.8305985927581787
1959 3.846571207046509
1960 3.994206428527832
1961 3.8349416255950928
1962 3.9061338901519775
1963 3.7778289318084717
1964 3.7252347469329834
1965 3.56258225440979
1966 3.62161922454834
1967 3.5222504138946533
1968 3.515612840652466
1969 3.274348020553589
1970 2.9663000106811523
1971 3.208698272705078
1972 2.85312819480896
1973 2.8078408241271973
1974 3.0690009593963623
1975 2.8066251277923584
1976 2.7411954402923584
1977 2.7892873287200928
1978 3.059947967529297
1979 3.002925395965576
1980 2.8875930309295654
1981 3.248322010040283
1982 3.362304449081421
1983 2.9985265731811523
1984 2.957439422607422
1985 2.9748170375823975
1986 2.924851417541504
1987 2.9089317321777344
1988 3.186448574066162
1989 3.373351812362671
1990 4.00136137008667
1991 3.421060085296631
1992 3.088603973388672
1993 2.838148355484009
1994 3.069964647293091
1995 2.828456163406372
1996 2.5757761001586914
1997 2.853576183319092
1998 2.8013548851013184
1999 2.775925397872925
2000 3.095322608947754
2001 2.8103785514831543
2002 2.994060754776001
2003 2.8057963848114014
2004 2.6694157123565674
2005 2.6865580081939697
2006 2.7568867206573486
2007 2.7563462257385254
2008 2.8389482498168945
2009 2.9288673400878906
2010 2.6865954399108887
2011 3.0718166828155518
2012 2.913031816482544
2013 2.8910834789276123
2014 2.884693145751953
2015 3.1419382095336914
2016 2.8220536708831787
2017 2.822838306427002
2018 3.125455617904663
2019 3.289795160293579
2020 3.0609288215637207
2021 3.1196725368499756
2022 2.9789912700653076
2023 2.8951802253723145
2024 3.000462293624878
2025 3.164017677307129
2026 3.183215379714966
2027 3.1176397800445557
2028 3.278998374938965
2029 3.145899772644043
2030 3.06472110748291
2031 3.0127370357513428
2032 2.72235369682312
2033 3.0094094276428223
2034 3.028803586959839
2035 2.7720634937286377
2036 2.6518428325653076
2037 2.923940658569336
2038 2.882218599319458
2039 2.7822721004486084
2040 3.0152578353881836
2041 3.139106273651123
2042 3.178098678588867
2043 2.9969801902770996
2044 3.382051706314087
2045 2.9659786224365234
2046 2.9216201305389404
2047 2.6569693088531494
2048 2.9031457901000977
2049 2.7847166061401367
2050 2.635716438293457
2051 2.879974365234375
2052 2.9466443061828613
2053 2.9651944637298584
2054 2.7440292835235596
2055 2.8311104774475098
2056 2.693690299987793
2057 2.6713602542877197
2058 2.6718170642852783
2059 3.0234615802764893
2060 2.761042356491089
2061 3.1072938442230225
2062 3.0902976989746094
2063 3.1906120777130127
2064 3.101321220397949
2065 2.758502960205078
2066 2.8117430210113525
2067 2.4498839378356934
2068 2.5337889194488525
2069 2.861541509628296
2070 2.834097385406494
2071 2.9103901386260986
2072 3.1318795680999756
2073 2.9404330253601074
2074 3.112562894821167
2075 3.119032859802246
2076 3.201740026473999
2077 3.1919164657592773
2078 3.1227529048919678
2079 2.933194637298584
2080 2.7010929584503174
2081 2.808464288711548
2082 2.800679922103882
2083 2.882967710494995
2084 2.871033191680908
2085 2.885340929031372
2086 3.0160841941833496
2087 3.2732882499694824
2088 3.057544231414795
2089 3.1828136444091797
2090 2.9376702308654785
2091 2.8823397159576416
2092 2.6634063720703125
2093 2.5861868858337402
2094 2.8819806575775146
2095 2.8844144344329834
2096 2.932176113128662
2097 3.025336980819702
2098 3.335890769958496
2099 3.2909507751464844
2100 2.9190754890441895
2101 3.539158344268799
2102 3.528968334197998
2103 3.421996593475342
2104 3.3456785678863525
2105 3.6163294315338135
2106 3.7042744159698486
2107 3.6481926441192627
2108 3.3595402240753174
2109 3.5236761569976807
2110 3.328589677810669
2111 3.619579792022705
2112 3.642690420150757
2113 3.388043165206909
2114 3.084399700164795
2115 3.251889228820801
2116 3.3713505268096924
2117 3.5354905128479004
2118 3.3411364555358887
2119 3.457909107208252
2120 3.1316633224487305
2121 3.2104902267456055
2122 3.1590068340301514
2123 3.537492036819458
2124 3.5228989124298096
2125 3.5808513164520264
2126 3.8937768936157227
2127 4.018907070159912
2128 3.853816509246826
2129 4.0215067863464355
2130 3.792128324508667
2131 3.5546436309814453
2132 3.4317760467529297
2133 3.1291189193725586
2134 3.384690523147583
2135 3.2415237426757813
2136 3.193293809890747
2137 3.340771198272705
2138 3.1199045181274414
2139 2.963946580886841
2140 3.148207426071167
2141 3.3518619537353516
2142 3.7249555587768555
2143 3.5242433547973633
2144 3.4655580520629883
2145 3.5214810371398926
2146 3.845237970352173
2147 3.585232973098755
2148 3.82952880859375
2149 3.979036808013916
2150 4.010103702545166
2151 4.040883541107178
2152 3.393817186355591
2153 3.915562152862549
2154 3.652689218521118
2155 3.6090142726898193
2156 3.8080341815948486
2157 4.048285961151123
2158 3.8206582069396973
2159 3.5489799976348877
2160 2.8963518142700195
2161 3.1624672412872314
2162 3.0105271339416504
2163 3.335336446762085
2164 3.262958288192749
2165 3.249363660812378
2166 3.3949577808380127
2167 3.370178461074829
2168 3.204059362411499
2169 3.1891415119171143
2170 3.138453722000122
2171 3.3765881061553955
2172 3.173640727996826
2173 3.157865285873413
2174 3.0287158489227295
2175 3.1532866954803467
2176 3.3432114124298096
2177 3.319894552230835
2178 3.2473323345184326
2179 3.108173131942749
2180 3.124295234680176
2181 3.098788022994995
2182 3.241443157196045
2183 3.619405508041382
2184 3.778202533721924
2185 3.5666511058807373
2186 3.5696046352386475
2187 3.5713553428649902
2188 3.9610817432403564
2189 3.8483269214630127
2190 3.84942889213562
2191 3.8741815090179443
2192 4.188009738922119
2193 3.847951889038086
2194 3.991164445877075
2195 3.8949904441833496
2196 3.808102607727051
2197 3.7440924644470215
2198 3.765127182006836
2199 3.7203125953674316
2200 3.4946775436401367
2201 3.635723352432251
2202 3.4689629077911377
2203 3.341759204864502
2204 3.339747190475464
2205 3.537327766418457
2206 3.5215561389923096
2207 3.3841538429260254
2208 4.007294654846191
2209 3.333674669265747
2210 3.183922290802002
2211 3.1468141078948975
2212 3.366952419281006
2213 2.848297595977783
2214 3.241014242172241
2215 3.784968376159668
2216 3.471527338027954
2217 3.4435198307037354
2218 3.6619815826416016
2219 3.778355836868286
2220 3.6349806785583496
2221 3.543994903564453
2222 3.336028575897217
2223 3.3088858127593994
2224 3.140512704849243
2225 3.3079800605773926
2226 3.0866761207580566
2227 3.4219119548797607
2228 3.6254138946533203
2229 3.6130003929138184
2230 3.803668737411499
2231 3.733396291732788
2232 3.8064889907836914
2233 3.735773801803589
2234 3.7142226696014404
2235 3.684570789337158
2236 3.438692092895508
2237 3.1915948390960693
2238 3.21763277053833
2239 3.3267555236816406
2240 3.1734867095947266
2241 3.3532378673553467
2242 3.4522852897644043
2243 3.417433023452759
2244 3.388089895248413
2245 3.238182544708252
2246 3.3057310581207275
2247 3.3016650676727295
2248 3.423032283782959
2249 3.7198922634124756
2250 3.699176073074341
2251 3.686138153076172
2252 3.7731997966766357
2253 3.460433006286621
2254 3.450646162033081
2255 3.637418031692505
2256 3.548384189605713
2257 3.3999810218811035
2258 3.9196934700012207
2259 3.8857479095458984
2260 3.8746938705444336
2261 3.8583579063415527
2262 3.9025309085845947
2263 4.1173906326293945
2264 4.125425338745117
2265 4.252142906188965
2266 4.16609001159668
2267 4.060363292694092
2268 4.235873222351074
2269 4.12516450881958
2270 3.893529176712036
2271 3.893064022064209
2272 3.363255023956299
2273 3.359557628631592
2274 3.6086127758026123
2275 3.6157658100128174
2276 3.800734043121338
2277 3.5117573738098145
2278 3.624976873397827
2279 3.6612155437469482
2280 3.4775755405426025
2281 3.4062795639038086
2282 3.3904025554656982
2283 3.2379024028778076
2284 3.261617660522461
2285 3.1647210121154785
2286 2.892832040786743
2287 2.829702138900757
2288 2.6565706729888916
2289 3.1064605712890625
2290 3.2797651290893555
2291 3.38227915763855
2292 3.591320276260376
2293 3.632373094558716
2294 3.2778663635253906
2295 3.4009616374969482
2296 3.2344131469726563
2297 3.221036434173584
2298 3.480210304260254
2299 3.3393049240112305
2300 3.1389169692993164
2301 3.2106926441192627
2302 3.381356716156006
2303 3.4765400886535645
2304 3.2923238277435303
2305 3.817686080932617
2306 3.6227545738220215
2307 4.009136199951172
2308 3.863029956817627
2309 3.735429286956787
2310 3.7748489379882813
2311 3.8160743713378906
2312 3.6965818405151367
2313 3.4714159965515137
2314 3.1083457469940186
2315 3.979158639907837
2316 3.8061702251434326
2317 3.8247151374816895
2318 3.4715332984924316
2319 3.3656134605407715
2320 3.2916741371154785
2321 3.4212796688079834
2322 3.6038568019866943
2323 3.3651299476623535
2324 3.3882124423980713
2325 3.4128594398498535
2326 3.1855647563934326
2327 3.5366315841674805
2328 3.636496067047119
2329 3.234933376312256
2330 3.526787519454956
2331 3.5620834827423096
2332 3.4649415016174316
2333 3.5586907863616943
2334 3.6864614486694336
2335 3.6195900440216064
2336 3.4813547134399414
2337 3.7486801147460938
2338 3.566735029220581
2339 3.384040594100952
2340 3.294588088989258
2341 2.997133255004883
2342 3.2052338123321533
2343 3.320775270462036
2344 3.40018367767334
2345 3.655702829360962
2346 3.3264060020446777
2347 3.2554399967193604
2348 3.1259238719940186
2349 3.1706039905548096
2350 3.241488456726074
2351 3.6243927478790283
2352 3.631417989730835
2353 3.5975193977355957
2354 3.6870810985565186
2355 3.730903148651123
2356 3.851888418197632
2357 3.775508403778076
2358 3.778836727142334
2359 3.6798295974731445
2360 3.712148427963257
2361 3.5991885662078857
2362 3.5068607330322266
2363 3.2403995990753174
2364 3.157294750213623
2365 3.199198007583618
2366 3.5784595012664795
2367 3.513080358505249
2368 3.655473232269287
2369 3.496426582336426
2370 3.6603429317474365
2371 4.0156474113464355
2372 3.722322702407837
2373 3.9375150203704834
2374 4.192296504974365
2375 3.8583240509033203
2376 4.14900016784668
2377 3.989225387573242
2378 3.662592887878418
2379 3.743117332458496
2380 3.696364164352417
2381 3.5949559211730957
2382 3.755096435546875
2383 3.3767812252044678
2384 3.2880780696868896
2385 3.2638087272644043
2386 2.9647057056427
2387 3.2502739429473877
2388 3.2603342533111572
2389 3.2012743949890137
2390 3.6414010524749756
2391 4.002521991729736
2392 3.6511013507843018
2393 3.5795183181762695
2394 3.531750440597534
2395 3.3226935863494873
2396 3.042229652404785
2397 3.273991107940674
2398 3.138522148132324
2399 3.195465564727783
2400 3.317580223083496
2401 3.129068613052368
2402 3.2000763416290283
2403 3.4336864948272705
2404 3.8184738159179688
2405 3.754784107208252
2406 3.3173985481262207
2407 3.3209121227264404
2408 3.5112099647521973
2409 3.510850429534912
2410 3.2747044563293457
2411 3.4762325286865234
2412 3.3695530891418457
2413 3.557131052017212
2414 3.6816463470458984
2415 3.887633800506592
2416 4.014244556427002
2417 3.4411213397979736
2418 3.3493404388427734
2419 3.787789821624756
2420 3.864037036895752
2421 3.4084882736206055
2422 3.350518226623535
2423 3.682189464569092
2424 3.772675037384033
2425 3.8873744010925293
2426 3.9366018772125244
2427 4.101826190948486
2428 4.236639499664307
2429 3.8476884365081787
2430 4.069093704223633
2431 3.738281726837158
2432 3.779592990875244
2433 3.900820255279541
2434 3.4876043796539307
2435 3.7366702556610107
2436 3.480992317199707
2437 3.5713729858398438
2438 3.2088515758514404
2439 3.5462496280670166
2440 3.7509419918060303
2441 3.4530866146087646
2442 3.3928771018981934
2443 3.4726150035858154
2444 3.4833502769470215
2445 3.5978214740753174
2446 3.729459762573242
2447 4.2759785652160645
2448 4.375706672668457
2449 4.56718111038208
2450 4.267096519470215
2451 4.121471881866455
2452 3.571488618850708
2453 3.5146491527557373
2454 3.644132614135742
2455 3.8583006858825684
2456 4.093698024749756
2457 3.9673807621002197
2458 4.180332183837891
2459 3.7093183994293213
2460 3.5835328102111816
2461 3.7767724990844727
2462 3.82257080078125
2463 3.7966256141662598
2464 3.8830883502960205
2465 3.6691267490386963
2466 3.507183074951172
2467 3.9903054237365723
2468 3.8776822090148926
2469 4.002022743225098
2470 3.7135894298553467
2471 3.6295576095581055
2472 3.2279415130615234
2473 3.9011342525482178
2474 3.9720921516418457
2475 3.7735674381256104
2476 4.101706027984619
2477 4.263155460357666
2478 5.061667442321777
2479 4.927929878234863
2480 5.080400466918945
2481 4.836832046508789
2482 4.8940911293029785
2483 4.718582630157471
2484 5.241312026977539
2485 5.0038018226623535
2486 4.973596572875977
2487 4.9637556076049805
2488 4.833334922790527
2489 4.8816704750061035
2490 4.371835708618164
2491 4.4872660636901855
2492 4.410743713378906
2493 4.438394069671631
2494 4.483194351196289
2495 4.246608734130859
2496 3.8053500652313232
2497 3.778444766998291
2498 3.5608456134796143
2499 3.7966880798339844
2500 3.6349809169769287
2501 3.691166400909424
2502 3.7905943393707275
2503 3.8303029537200928
2504 3.8218624591827393
2505 3.7982940673828125
2506 3.607091188430786
2507 3.7781941890716553
2508 3.5028393268585205
2509 4.188277721405029
2510 4.171067714691162
2511 3.756431818008423
2512 3.594003915786743
2513 3.898787498474121
2514 4.102005481719971
2515 4.322023391723633
2516 4.206635475158691
2517 4.310070991516113
2518 4.412585258483887
2519 4.5652689933776855
2520 4.4637017250061035
2521 4.736170291900635
2522 4.607076168060303
2523 4.610444068908691
2524 4.658500671386719
2525 4.770418167114258
2526 4.4513092041015625
2527 4.409186363220215
2528 3.9033138751983643
2529 3.724360227584839
2530 3.961233377456665
2531 4.23280143737793
2532 4.06305456161499
2533 4.381111145019531
2534 4.201603889465332
2535 4.264875888824463
2536 4.326467514038086
2537 4.109607219696045
2538 3.882607936859131
2539 3.8023533821105957
2540 3.7440645694732666
2541 3.4655513763427734
2542 3.52608060836792
2543 3.288081169128418
2544 3.4298760890960693
2545 3.2915375232696533
2546 3.162200450897217
2547 2.9850857257843018
2548 3.1240222454071045
2549 3.06977915763855
2550 3.060671329498291
2551 3.061150312423706
2552 2.932725429534912
2553 3.2732670307159424
2554 3.32218599319458
2555 3.257690191268921
2556 3.368936777114868
2557 3.4995410442352295
2558 3.217653512954712
2559 3.4279496669769287
2560 3.562561511993408
2561 3.2077744007110596
2562 3.5550951957702637
2563 3.528960943222046
2564 3.5651044845581055
2565 3.677802085876465
2566 3.668724775314331
2567 3.5485589504241943
2568 3.4199166297912598
2569 3.4879767894744873
2570 3.3821470737457275
2571 3.5918960571289063
2572 3.6938047409057617
2573 3.582676649093628
2574 3.5439579486846924
2575 3.379225254058838
2576 3.252103090286255
2577 3.3346989154815674
2578 3.4357621669769287
2579 3.358266592025757
2580 3.174415111541748
2581 3.187690019607544
2582 3.300574779510498
2583 3.366448402404785
2584 3.5903239250183105
2585 3.6499459743499756
2586 3.7169768810272217
2587 3.542267084121704
2588 3.3225247859954834
2589 3.2983341217041016
2590 3.308130979537964
2591 3.5123696327209473
2592 3.356945037841797
2593 3.662397623062134
2594 3.4470484256744385
2595 3.707365036010742
2596 3.5324175357818604
2597 3.265763759613037
2598 3.654749870300293
2599 3.525923728942871
2600 3.449558734893799
2601 3.65690016746521
2602 3.45401668548584
2603 3.2821431159973145
2604 3.315492868423462
2605 3.588517189025879
2606 3.5275983810424805
2607 3.5393362045288086
2608 3.8646163940429688
2609 3.8336946964263916
2610 3.5329697132110596
2611 3.137962818145752
2612 3.5938496589660645
2613 3.6677744388580322
2614 3.5641520023345947
2615 3.8340089321136475
2616 3.9356815814971924
2617 4.1649322509765625
2618 4.180059432983398
2619 4.020610332489014
2620 4.0969438552856445
2621 4.130071640014648
2622 3.8609683513641357
2623 3.910367012023926
2624 3.619854688644409
2625 3.563223123550415
2626 3.517465829849243
2627 3.5293655395507813
2628 3.395620822906494
2629 3.3331475257873535
2630 3.7004668712615967
2631 3.8645639419555664
2632 4.072388172149658
2633 4.118917942047119
2634 3.963297128677368
2635 4.3394775390625
2636 4.217749118804932
2637 4.288538932800293
2638 4.555053234100342
2639 4.232739448547363
2640 4.08430290222168
2641 4.252180099487305
2642 4.574417591094971
2643 4.547148704528809
2644 4.503174781799316
2645 3.8756320476531982
2646 4.011582374572754
2647 4.353617191314697
2648 4.631962299346924
2649 4.652454376220703
2650 4.3473639488220215
2651 4.24206018447876
2652 4.420258045196533
2653 4.287440299987793
2654 4.406261920928955
2655 4.16873836517334
2656 4.13317346572876
2657 3.9043681621551514
2658 4.0290398597717285
2659 4.117815017700195
2660 3.8896758556365967
2661 4.013333797454834
2662 4.19404411315918
2663 4.0790228843688965
2664 3.993556022644043
2665 3.9231367111206055
2666 3.873155117034912
2667 3.773871421813965
2668 3.7330217361450195
2669 3.8150503635406494
2670 3.9664857387542725
2671 4.1807403564453125
2672 4.173111438751221
2673 4.639954566955566
2674 4.9564080238342285
2675 4.876796722412109
2676 4.803419589996338
2677 4.664649486541748
2678 4.420804500579834
2679 4.785750865936279
2680 4.699063301086426
2681 4.848085880279541
2682 4.624230861663818
2683 4.456758975982666
2684 4.621948719024658
2685 4.416317462921143
2686 4.196230411529541
2687 3.7784504890441895
2688 3.607670545578003
2689 3.660468816757202
2690 3.7832984924316406
2691 4.201920986175537
2692 3.9325625896453857
2693 4.244493007659912
2694 4.541691780090332
2695 4.542762756347656
2696 4.054819583892822
2697 4.079987049102783
2698 4.035679340362549
2699 3.9317362308502197
2700 4.035233020782471
2701 4.249736785888672
2702 4.447412490844727
2703 4.544275760650635
2704 4.161756992340088
2705 4.037274360656738
2706 4.287754535675049
2707 4.305105209350586
2708 4.400143623352051
2709 4.610129356384277
2710 4.572463512420654
2711 4.8924431800842285
2712 4.46553897857666
2713 4.433844089508057
2714 4.453897953033447
2715 4.502841472625732
2716 4.334258556365967
2717 4.291746616363525
2718 3.9124526977539063
2719 4.130588531494141
2720 4.290993690490723
2721 3.9600822925567627
2722 4.1322407722473145
2723 4.752813816070557
2724 4.623319625854492
2725 4.74458646774292
2726 4.716131210327148
2727 4.4661173820495605
2728 4.396573543548584
2729 4.004963397979736
2730 3.963958978652954
2731 4.292414665222168
2732 4.258026123046875
2733 4.40676212310791
2734 4.386545181274414
2735 4.827101707458496
2736 4.651108741760254
2737 4.716646194458008
2738 4.726562976837158
2739 4.075291156768799
2740 3.8642468452453613
2741 3.738492250442505
2742 3.6129331588745117
2743 3.917632818222046
2744 3.7392656803131104
2745 3.7982258796691895
2746 3.893920660018921
2747 3.736884832382202
2748 3.8753583431243896
2749 3.7589077949523926
2750 3.840426445007324
2751 3.911679983139038
2752 3.9577269554138184
2753 4.2067670822143555
2754 4.076881408691406
2755 3.7825093269348145
2756 3.847501277923584
2757 3.712116003036499
2758 3.8131303787231445
2759 3.9286835193634033
2760 3.804776191711426
2761 3.497011661529541
2762 3.6794304847717285
2763 4.086244583129883
2764 3.6286702156066895
2765 3.6095409393310547
2766 3.40693998336792
2767 3.332717180252075
2768 3.5442399978637695
2769 3.747711420059204
2770 3.867934226989746
2771 3.859071969985962
2772 4.015752792358398
2773 4.255319595336914
2774 4.030845642089844
2775 4.236124515533447
2776 4.387943744659424
2777 4.096378803253174
2778 3.9675285816192627
2779 4.050806999206543
2780 3.9196691513061523
2781 3.792900562286377
2782 3.9799163341522217
2783 3.838308572769165
2784 3.8985862731933594
2785 3.9466936588287354
2786 3.5837297439575195
2787 3.6068148612976074
2788 3.840270519256592
2789 3.619175434112549
2790 3.7749905586242676
2791 3.6077072620391846
2792 3.8676223754882813
2793 3.5913193225860596
2794 3.7063446044921875
2795 4.0498151779174805
2796 4.170515537261963
2797 3.7027459144592285
2798 3.650071620941162
2799 3.4087562561035156
2800 3.774817943572998
2801 3.7753024101257324
2802 3.973546028137207
2803 3.5253498554229736
2804 3.808603048324585
2805 3.8480188846588135
2806 3.9200901985168457
2807 4.003934860229492
2808 4.044387340545654
2809 3.988687753677368
2810 4.230175971984863
2811 4.039730548858643
2812 4.0620832443237305
2813 3.7089767456054688
2814 3.513080358505249
2815 3.7570853233337402
2816 3.40706205368042
2817 3.8728418350219727
2818 4.014074802398682
2819 3.993342161178589
2820 4.034348964691162
2821 4.327740669250488
2822 4.39457368850708
2823 4.168448448181152
2824 3.9600794315338135
2825 4.108035564422607
2826 3.9565656185150146
2827 4.018401145935059
2828 4.1801605224609375
2829 4.3731184005737305
2830 4.229259967803955
2831 4.087350368499756
2832 4.419954776763916
2833 4.278944969177246
2834 4.2385125160217285
2835 4.186106204986572
2836 4.131863117218018
2837 4.1227617263793945
2838 4.071290969848633
2839 4.153911113739014
2840 4.119650840759277
2841 4.0175957679748535
2842 3.7489538192749023
2843 3.8167717456817627
2844 3.5154502391815186
2845 3.6109488010406494
2846 3.5435476303100586
2847 3.500601053237915
2848 3.328561544418335
2849 3.329566717147827
2850 3.544160842895508
2851 3.854154109954834
2852 3.7252886295318604
2853 3.638636589050293
2854 3.463865280151367
2855 3.68343448638916
2856 3.443960428237915
2857 3.636125087738037
2858 3.3146474361419678
2859 3.47235369682312
2860 3.752516031265259
2861 3.6482632160186768
2862 3.847930908203125
2863 3.815152168273926
2864 3.83420729637146
2865 3.773430109024048
2866 3.8081676959991455
2867 3.798556327819824
2868 3.7443747520446777
2869 3.958803415298462
2870 4.31548547744751
2871 3.9918160438537598
2872 3.8592538833618164
2873 3.8469574451446533
2874 3.9426581859588623
2875 4.009184837341309
2876 4.250423431396484
2877 4.721230506896973
2878 4.5833282470703125
2879 4.857409954071045
2880 4.662204265594482
2881 4.738620281219482
2882 4.913077354431152
2883 4.816122055053711
2884 4.629828453063965
2885 4.3209147453308105
2886 4.042951583862305
2887 4.1024088859558105
2888 3.940260410308838
2889 3.853593111038208
2890 3.9031982421875
2891 3.87776255607605
2892 3.5958497524261475
2893 3.569343090057373
2894 3.4750759601593018
2895 3.3695437908172607
2896 3.2833313941955566
2897 3.3251869678497314
2898 3.085411787033081
2899 3.041706085205078
2900 3.360013723373413
2901 3.491852283477783
2902 3.3567960262298584
2903 3.5871806144714355
2904 3.5312461853027344
2905 3.282907009124756
2906 3.523756265640259
2907 3.8342912197113037
2908 3.739499807357788
2909 3.8895161151885986
2910 4.26710319519043
2911 4.523351192474365
2912 4.577786922454834
2913 4.014406681060791
2914 4.24790096282959
2915 3.9189367294311523
2916 3.911346435546875
2917 4.0220046043396
2918 4.084627628326416
2919 3.7742650508880615
2920 3.949080228805542
2921 3.9439473152160645
2922 4.088659763336182
2923 3.7201852798461914
2924 4.000131130218506
2925 4.215867042541504
2926 3.8471834659576416
2927 3.771409511566162
2928 3.8521032333374023
2929 3.694549083709717
2930 3.8726730346679688
2931 4.008671283721924
2932 4.032855033874512
2933 4.042914390563965
2934 4.172399044036865
2935 4.305606842041016
2936 4.318360805511475
2937 3.995577812194824
2938 3.6460695266723633
2939 3.3773348331451416
2940 3.206226348876953
2941 3.4377200603485107
2942 3.3790369033813477
2943 3.624804973602295
2944 3.6911511421203613
2945 3.7788729667663574
2946 3.861734628677368
2947 4.135305404663086
2948 4.18826150894165
2949 3.994192123413086
2950 4.232365608215332
2951 3.9111459255218506
2952 3.7633955478668213
2953 3.869415044784546
2954 3.9153146743774414
2955 3.601090908050537
2956 3.8099138736724854
2957 3.646517515182495
2958 3.2810120582580566
2959 3.499875545501709
2960 3.677339792251587
2961 3.4876577854156494
2962 3.7392516136169434
2963 4.118127346038818
2964 3.9529852867126465
2965 4.079381465911865
2966 3.85845947265625
2967 3.7609541416168213
2968 3.625300645828247
2969 3.7543489933013916
2970 3.5851120948791504
2971 3.9200353622436523
2972 3.892293930053711
2973 4.114110946655273
2974 3.8336386680603027
2975 3.4227404594421387
2976 3.3861045837402344
2977 3.4644904136657715
2978 3.786458730697632
2979 3.9415576457977295
2980 3.91512393951416
2981 3.947239875793457
2982 3.9220123291015625
2983 4.198563575744629
2984 3.990659713745117
2985 4.299904823303223
2986 4.302600383758545
2987 4.063793182373047
2988 4.000555038452148
2989 4.065378189086914
2990 4.199604034423828
2991 4.008129119873047
2992 4.17747163772583
2993 4.155497074127197
2994 3.8797261714935303
2995 3.8018529415130615
2996 3.70955491065979
2997 3.339003562927246
2998 3.8608968257904053
2999 3.934539556503296
3000 4.092803001403809
3001 3.9039666652679443
3002 4.0743088722229
3003 3.8891727924346924
3004 4.220572471618652
3005 4.530264854431152
3006 4.540010929107666
3007 4.54569673538208
3008 4.979437828063965
3009 4.798817157745361
3010 4.459594249725342
3011 4.652263164520264
3012 4.535597801208496
3013 4.672349452972412
3014 4.720241546630859
3015 4.751792907714844
3016 4.10508918762207
3017 4.649753093719482
3018 4.555460453033447
3019 4.345213890075684
3020 4.127779006958008
3021 4.115543365478516
3022 4.1427178382873535
3023 4.148205757141113
3024 3.9463846683502197
3025 3.980745315551758
3026 4.323772430419922
3027 4.2686357498168945
3028 4.637105941772461
3029 4.4142746925354
3030 4.428596496582031
3031 4.217521667480469
3032 4.544201850891113
3033 4.573886394500732
3034 4.180622100830078
3035 4.2374982833862305
3036 3.9931867122650146
3037 4.482663631439209
3038 4.604066848754883
3039 4.789891719818115
3040 4.571625709533691
3041 4.670536518096924
3042 4.2147417068481445
3043 4.129819869995117
3044 3.9861254692077637
3045 3.713263511657715
3046 3.9597842693328857
3047 4.689213275909424
3048 4.787286281585693
3049 4.387826919555664
3050 4.112473964691162
3051 4.300473690032959
3052 4.397984504699707
3053 4.5479607582092285
3054 4.191493511199951
3055 4.574228763580322
3056 4.098326206207275
3057 4.147238254547119
3058 3.987694025039673
3059 4.261473178863525
3060 4.369205951690674
3061 4.223742961883545
3062 4.466461658477783
3063 4.322422504425049
3064 4.147960662841797
3065 4.050934314727783
3066 3.616405725479126
3067 3.8808045387268066
3068 3.8248393535614014
3069 3.9572696685791016
3070 3.623014450073242
3071 3.4021921157836914
3072 3.5505852699279785
3073 3.322031259536743
3074 3.333143711090088
3075 3.273562431335449
3076 3.005490779876709
3077 3.100587844848633
3078 3.134422779083252
3079 3.416505813598633
3080 3.4955201148986816
3081 3.2792160511016846
3082 3.4162652492523193
3083 3.6556406021118164
3084 3.5360307693481445
3085 3.6013617515563965
3086 3.7454164028167725
3087 3.671435832977295
3088 3.767535448074341
3089 3.723721504211426
3090 4.053837776184082
3091 3.725159168243408
3092 3.742366075515747
3093 3.6389970779418945
3094 3.68025279045105
3095 3.876708984375
3096 3.9783129692077637
3097 3.7898592948913574
3098 3.6939220428466797
3099 4.186988830566406
3100 3.8642799854278564
3101 4.104269504547119
3102 3.897157907485962
3103 3.9670796394348145
3104 4.091756820678711
3105 4.070137023925781
3106 3.751769542694092
3107 4.045202255249023
3108 3.9564030170440674
3109 3.6413707733154297
3110 3.3321971893310547
3111 3.9354844093322754
3112 3.8927652835845947
3113 4.200728893280029
3114 4.555898189544678
3115 4.887925624847412
3116 4.431046485900879
3117 4.347349166870117
3118 4.379461765289307
3119 4.154555320739746
3120 4.570497512817383
3121 4.473596572875977
3122 4.52830696105957
3123 4.338675498962402
3124 4.414860725402832
3125 4.509561061859131
3126 4.642728328704834
3127 4.870985984802246
3128 4.705360412597656
3129 4.491397380828857
3130 4.518152713775635
3131 4.583486080169678
3132 4.207446575164795
3133 4.323183059692383
3134 4.408117771148682
3135 4.142164707183838
3136 4.343514442443848
3137 4.324318885803223
3138 4.313896179199219
3139 4.097870349884033
3140 3.4984848499298096
3141 3.6990439891815186
3142 3.73814058303833
3143 4.100591659545898
3144 3.7059555053710938
3145 3.620854139328003
3146 3.876537322998047
3147 3.657902717590332
3148 3.5726752281188965
3149 3.5891048908233643
3150 3.7687630653381348
3151 3.9855172634124756
3152 4.340080261230469
3153 4.910856246948242
3154 4.925281524658203
3155 4.394860744476318
3156 4.398360729217529
3157 4.488094329833984
3158 4.589956283569336
3159 4.3569841384887695
3160 4.022904872894287
3161 4.034241676330566
3162 3.9596598148345947
3163 3.6810531616210938
3164 4.093046188354492
3165 4.331319332122803
3166 4.4360671043396
3167 4.69793701171875
3168 4.5461201667785645
3169 4.644881725311279
3170 4.4279465675354
3171 4.318720817565918
3172 4.816314220428467
3173 4.526423931121826
3174 4.396610260009766
3175 4.551963806152344
3176 4.572483062744141
3177 4.704826354980469
3178 4.939043998718262
3179 4.827230453491211
3180 4.638761043548584
3181 4.615026950836182
3182 4.398818492889404
3183 4.3269877433776855
3184 4.405893802642822
3185 4.5674567222595215
3186 4.399194717407227
3187 4.199159145355225
3188 3.9648945331573486
3189 4.14610481262207
3190 3.784740686416626
3191 3.7503042221069336
3192 3.7267138957977295
3193 3.6081204414367676
3194 3.734382390975952
3195 3.811314344406128
3196 3.898712396621704
3197 3.7773971557617188
3198 4.0005364418029785
3199 4.066705703735352
3200 3.86987042427063
3201 3.9923629760742188
3202 3.91910982131958
3203 4.148900985717773
3204 4.038829803466797
3205 4.181875705718994
3206 4.120713233947754
3207 4.244574069976807
3208 4.4459357261657715
3209 4.908457279205322
3210 4.61719274520874
3211 4.35588264465332
3212 4.6076436042785645
3213 4.51753044128418
3214 4.367199420928955
3215 4.6011481285095215
3216 4.655937671661377
3217 4.494931221008301
3218 4.604183673858643
3219 4.552755832672119
3220 4.245944023132324
3221 4.823765277862549
3222 4.808074951171875
3223 4.820528030395508
3224 4.959038257598877
3225 4.921311855316162
3226 4.980677127838135
3227 5.010113716125488
3228 4.688751697540283
3229 4.884126663208008
3230 4.843179702758789
3231 4.935105323791504
3232 5.00505256652832
3233 4.873080730438232
3234 4.926392555236816
3235 4.427433490753174
3236 4.5179057121276855
3237 4.226168155670166
3238 4.385623931884766
3239 4.122741222381592
3240 3.998095989227295
3241 3.655116081237793
3242 3.8060617446899414
3243 3.5637588500976563
3244 4.020355701446533
3245 4.133405685424805
3246 4.0142822265625
3247 3.810974359512329
3248 4.113676071166992
3249 3.830932140350342
3250 3.998029947280884
3251 3.865893602371216
3252 3.814246654510498
3253 4.1115193367004395
3254 3.9275755882263184
3255 3.8847997188568115
3256 3.9875121116638184
3257 4.079923152923584
3258 4.287684440612793
3259 4.534169673919678
3260 4.61406946182251
3261 4.840463638305664
3262 4.141071796417236
3263 4.67671537399292
3264 4.3425703048706055
3265 4.6733551025390625
3266 4.442636013031006
3267 4.6157050132751465
3268 4.305825710296631
3269 4.646828651428223
3270 4.317418575286865
3271 4.204360485076904
3272 3.955010414123535
3273 3.9326138496398926
3274 4.290794372558594
3275 4.100485324859619
3276 4.261333465576172
3277 4.53267240524292
3278 4.230626106262207
3279 4.489179611206055
3280 4.302068710327148
3281 4.271028995513916
3282 4.1185808181762695
3283 4.428995609283447
3284 4.315168380737305
3285 4.157430648803711
3286 4.614524841308594
3287 4.646490097045898
3288 4.11519718170166
3289 4.542898654937744
3290 4.5361714363098145
3291 4.526984214782715
3292 4.4356889724731445
3293 4.319976806640625
3294 4.551366329193115
3295 4.548224925994873
3296 4.630544662475586
3297 4.3931756019592285
3298 4.116627216339111
3299 4.143783092498779
3300 4.310775279998779
3301 4.449644088745117
3302 4.548807621002197
3303 4.515761375427246
3304 4.720126628875732
3305 4.593372344970703
3306 4.473886966705322
3307 4.031429290771484
3308 4.055644989013672
3309 4.292372703552246
3310 3.6543872356414795
3311 3.5945887565612793
3312 3.8625524044036865
3313 4.082949638366699
3314 4.107594013214111
3315 4.245795726776123
3316 3.787386655807495
3317 3.6201539039611816
3318 4.00318717956543
3319 3.797962188720703
3320 4.30999755859375
3321 4.563819408416748
3322 4.516478538513184
3323 4.228603839874268
3324 4.256293296813965
3325 3.944826126098633
3326 4.189077377319336
3327 4.189406871795654
3328 3.954880475997925
3329 4.19141960144043
3330 4.097136497497559
3331 3.7200498580932617
3332 3.9541568756103516
3333 4.32357931137085
3334 4.521127223968506
3335 4.586942195892334
3336 4.206962585449219
3337 4.344634056091309
3338 4.507987976074219
3339 4.469612121582031
3340 4.524205684661865
3341 4.8521809577941895
3342 4.625739574432373
3343 4.693429946899414
3344 4.532569408416748
3345 4.407991886138916
3346 4.519835472106934
3347 4.074473857879639
3348 4.2376837730407715
3349 4.1674957275390625
3350 4.471446990966797
3351 4.699254035949707
3352 4.607841491699219
3353 4.4230804443359375
3354 4.395741939544678
3355 4.315667152404785
3356 4.078063488006592
3357 4.2626633644104
3358 4.413461208343506
3359 4.467258930206299
3360 4.286352157592773
3361 4.680772304534912
3362 4.361584663391113
3363 4.2025322914123535
3364 3.9712672233581543
3365 3.9464216232299805
3366 4.018648147583008
3367 4.245213031768799
3368 4.391730308532715
3369 4.638358116149902
3370 4.69064998626709
3371 4.465762615203857
3372 4.226251602172852
3373 4.45301628112793
3374 4.819919586181641
3375 4.49547004699707
3376 4.375487327575684
3377 4.12119197845459
3378 4.460538864135742
3379 4.516707897186279
3380 4.529766082763672
3381 4.420349597930908
3382 4.670158863067627
3383 4.564750671386719
3384 4.4145355224609375
3385 4.053410530090332
3386 3.9733941555023193
3387 4.189922332763672
3388 4.290211200714111
3389 4.626836776733398
3390 4.598860263824463
3391 4.729538917541504
3392 4.882996082305908
3393 4.828761100769043
3394 4.951934337615967
3395 4.819721698760986
3396 4.785905838012695
3397 5.26309061050415
3398 5.336302757263184
3399 5.428955078125
3400 5.181885719299316
3401 5.117271423339844
3402 4.633086204528809
3403 5.0769572257995605
3404 4.863380432128906
3405 4.927067756652832
3406 5.509657859802246
3407 5.5066423416137695
3408 5.303223133087158
3409 5.3843183517456055
3410 5.260369777679443
3411 5.562762260437012
3412 4.952588081359863
3413 5.222175598144531
3414 5.424961566925049
3415 4.2130255699157715
3416 4.275237083435059
3417 4.277126312255859
3418 4.213384628295898
3419 4.471439361572266
3420 4.335002899169922
3421 3.875521659851074
3422 3.961083173751831
3423 4.210618019104004
3424 4.147227764129639
3425 4.491260528564453
3426 4.22207498550415
3427 4.003828048706055
3428 4.157190799713135
3429 4.123692512512207
3430 4.262213706970215
3431 4.237764358520508
3432 4.212182998657227
3433 4.027479648590088
3434 4.153526306152344
3435 3.9412107467651367
3436 4.192606449127197
3437 3.9584221839904785
3438 3.8513236045837402
3439 3.8686304092407227
3440 3.635324716567993
3441 3.6074156761169434
3442 3.7399089336395264
3443 3.6280243396759033
3444 4.110833168029785
3445 4.16843318939209
3446 4.151885509490967
3447 4.061333656311035
3448 4.1338419914245605
3449 3.882571220397949
3450 4.317038536071777
3451 4.144914150238037
3452 3.7678637504577637
3453 3.6210296154022217
3454 3.6821229457855225
3455 3.9079086780548096
3456 3.9797425270080566
3457 3.8481106758117676
3458 4.247960090637207
3459 4.217817306518555
3460 4.1421589851379395
3461 3.8674428462982178
3462 4.080434799194336
3463 4.023756980895996
3464 4.1670308113098145
3465 3.973748207092285
3466 3.7915945053100586
3467 3.924426555633545
3468 3.800812005996704
3469 3.723538637161255
3470 3.770005226135254
3471 4.044092178344727
3472 3.795135021209717
3473 3.791210412979126
3474 3.805042028427124
3475 3.821025848388672
3476 3.819533586502075
3477 3.7254281044006348
3478 3.6710352897644043
3479 3.74373197555542
3480 3.783466100692749
3481 4.348578929901123
3482 4.339805603027344
3483 4.4807610511779785
3484 4.205692291259766
3485 4.345776081085205
3486 4.294854164123535
3487 4.290196895599365
3488 4.353443622589111
3489 4.1410112380981445
3490 3.9220170974731445
3491 4.130122661590576
3492 4.21450138092041
3493 3.7846732139587402
3494 3.906235694885254
3495 3.837297201156616
3496 4.093935012817383
3497 4.115929126739502
3498 4.0176544189453125
3499 3.984233856201172
3500 4.270698547363281
3501 4.104942321777344
3502 3.9291350841522217
3503 4.061396598815918
3504 4.448312759399414
3505 4.411718368530273
3506 4.383737564086914
3507 4.563407897949219
3508 4.6788201332092285
3509 4.891656398773193
3510 4.484175205230713
3511 4.374001979827881
3512 4.129580497741699
3513 4.681381702423096
3514 4.6237874031066895
3515 4.7668352127075195
3516 5.136969566345215
3517 5.176399230957031
3518 5.178946495056152
3519 4.940520286560059
3520 4.938827037811279
3521 4.961953639984131
3522 5.148322105407715
3523 5.0926713943481445
3524 5.306797027587891
3525 5.216639995574951
3526 4.913571357727051
3527 4.922004222869873
3528 4.582045555114746
3529 4.552999973297119
3530 4.596390247344971
3531 4.4196929931640625
3532 4.579771041870117
3533 4.627971649169922
3534 4.733138084411621
3535 4.692383289337158
3536 4.544983863830566
3537 4.551932334899902
3538 4.3759965896606445
3539 4.384695053100586
3540 4.49539041519165
3541 4.388365745544434
3542 4.086863994598389
3543 4.399346351623535
3544 4.1989946365356445
3545 4.244410991668701
3546 4.193315505981445
3547 4.441089630126953
3548 4.403541564941406
3549 3.925818681716919
3550 4.032093048095703
3551 4.177621841430664
3552 4.101135730743408
3553 3.8531765937805176
3554 3.664189100265503
3555 3.6876730918884277
3556 3.740464925765991
3557 3.7305731773376465
3558 3.53776478767395
3559 3.656952381134033
3560 3.5939321517944336
3561 3.931960105895996
3562 4.044017791748047
3563 3.7184717655181885
3564 3.6523568630218506
3565 3.723888874053955
3566 3.6918704509735107
3567 3.71205472946167
3568 3.9713380336761475
3569 3.9163975715637207
3570 3.84993839263916
3571 3.9380526542663574
3572 3.75270938873291
3573 3.8422205448150635
3574 4.309896469116211
3575 3.6546294689178467
3576 3.9711527824401855
3577 4.015417575836182
3578 3.8679001331329346
3579 4.217591762542725
3580 4.408934116363525
3581 4.7105793952941895
3582 4.844640254974365
3583 4.689302444458008
3584 4.630326271057129
3585 4.752512454986572
3586 4.880416393280029
3587 4.492396831512451
3588 4.502796649932861
3589 4.561132907867432
3590 4.870693206787109
3591 4.917789936065674
3592 4.607079982757568
3593 4.354128837585449
3594 4.369297981262207
3595 4.617444038391113
3596 4.518550872802734
3597 4.452393531799316
3598 5.0813422203063965
3599 5.156079292297363
3600 4.982172966003418
3601 4.90729284286499
3602 4.888556003570557
3603 4.825462341308594
3604 5.346561908721924
3605 5.355569362640381
3606 4.901863098144531
3607 5.07546329498291
3608 4.900997161865234
3609 5.030098915100098
3610 5.1280694007873535
3611 5.1087236404418945
3612 4.846637725830078
3613 5.101843357086182
3614 4.968860149383545
3615 4.642816543579102
3616 4.931617259979248
3617 5.480638027191162
3618 5.523059368133545
3619 5.0662841796875
3620 4.86515474319458
3621 4.871371746063232
3622 4.560365200042725
3623 4.159289836883545
3624 4.290554523468018
3625 4.790225982666016
3626 4.992459297180176
3627 5.236083984375
3628 5.395725250244141
3629 5.309364318847656
3630 5.561331748962402
3631 5.750599384307861
3632 5.622020721435547
3633 5.145832538604736
3634 4.971377372741699
3635 5.32299280166626
3636 5.156174659729004
3637 5.629330158233643
3638 5.4695353507995605
3639 5.006025314331055
3640 5.090239524841309
3641 5.38372278213501
3642 5.1002516746521
3643 4.511960029602051
3644 4.531527996063232
3645 4.577681541442871
3646 4.457855701446533
3647 4.432197570800781
3648 4.286470890045166
3649 4.502356052398682
3650 4.633634090423584
3651 4.624500274658203
3652 4.470887660980225
3653 4.6562066078186035
3654 4.927929878234863
3655 4.4381794929504395
3656 4.357795238494873
3657 4.263827323913574
3658 4.590111255645752
3659 4.48789119720459
3660 4.5830206871032715
3661 4.3092756271362305
3662 4.505334854125977
3663 4.264369964599609
3664 4.545644760131836
3665 4.600002765655518
3666 4.853707313537598
3667 4.707596778869629
3668 4.899489879608154
3669 4.828525543212891
3670 4.745677947998047
3671 4.800325870513916
3672 4.649257183074951
3673 4.571977138519287
3674 4.8204264640808105
3675 4.775031566619873
3676 4.914727687835693
3677 4.7566609382629395
3678 4.600609302520752
3679 4.8577680587768555
3680 4.758575439453125
3681 4.9917497634887695
3682 4.523733139038086
3683 4.562243938446045
3684 4.569189548492432
3685 3.795741081237793
3686 3.8766062259674072
3687 4.173454761505127
3688 4.212851524353027
3689 4.534913539886475
3690 4.56557559967041
3691 4.530583381652832
3692 4.822474479675293
3693 4.577738285064697
3694 4.608869552612305
3695 4.375496864318848
3696 4.344876766204834
3697 4.7474751472473145
3698 4.770763874053955
3699 4.942235946655273
3700 4.830235958099365
3701 4.854994297027588
3702 4.753100395202637
3703 4.719785690307617
3704 4.994905471801758
3705 5.0475263595581055
3706 4.843531608581543
3707 4.724402904510498
3708 4.621161460876465
3709 4.452519416809082
3710 4.470684051513672
3711 4.498510360717773
3712 4.648263931274414
3713 4.621965408325195
3714 4.714544773101807
3715 4.602927207946777
3716 4.417972564697266
3717 4.749250888824463
3718 5.062894344329834
3719 4.8143086433410645
3720 4.465020179748535
3721 4.724071979522705
3722 4.3819661140441895
3723 4.478780269622803
3724 4.7121992111206055
3725 5.175597667694092
3726 5.032895088195801
3727 4.54676628112793
3728 4.71257209777832
3729 4.633395671844482
3730 4.764683246612549
3731 4.704058647155762
3732 4.7061052322387695
3733 4.762897968292236
3734 4.4958600997924805
3735 4.539200782775879
3736 4.621677398681641
3737 4.204094409942627
3738 4.421444416046143
3739 4.320857524871826
3740 4.4871296882629395
3741 4.420479774475098
3742 4.663899898529053
3743 4.289127349853516
3744 4.528933048248291
3745 4.414706707000732
3746 4.653538703918457
3747 4.9976396560668945
3748 5.11700439453125
3749 5.2147417068481445
3750 5.194121837615967
3751 4.658951759338379
3752 4.632176876068115
3753 4.2442402839660645
3754 4.448059558868408
3755 4.476754188537598
3756 4.6749067306518555
3757 4.441030979156494
3758 4.776116847991943
3759 4.628331661224365
3760 4.7579498291015625
3761 4.6887993812561035
3762 4.309551239013672
3763 4.269214153289795
3764 4.0775909423828125
3765 4.257950782775879
3766 4.4682440757751465
3767 4.38053560256958
3768 4.489192008972168
3769 4.968417167663574
3770 4.483303546905518
3771 4.412665367126465
3772 4.4788103103637695
3773 4.767247676849365
3774 4.337183475494385
3775 4.161853790283203
3776 4.355978488922119
3777 4.578469753265381
3778 4.516906261444092
3779 4.49747896194458
3780 4.577445030212402
3781 4.389380931854248
3782 4.739264011383057
3783 4.786581039428711
3784 4.725501537322998
3785 4.79691743850708
3786 4.837985992431641
3787 4.824235439300537
3788 4.76930570602417
3789 4.778500556945801
3790 4.833195209503174
3791 4.62803840637207
3792 4.667003154754639
3793 4.781473159790039
3794 4.705212116241455
3795 4.814015865325928
3796 4.566276550292969
3797 4.575237274169922
3798 4.590545177459717
3799 4.463077068328857
3800 4.560667037963867
3801 4.714459419250488
3802 4.391385555267334
3803 4.191560745239258
3804 4.536643981933594
3805 4.722512722015381
3806 4.350521564483643
3807 4.552715301513672
3808 4.5951056480407715
3809 4.199570655822754
3810 4.506446838378906
3811 4.474410057067871
3812 4.498447418212891
3813 4.187630653381348
3814 4.306142807006836
3815 3.9841601848602295
3816 4.397576808929443
3817 4.473404407501221
3818 4.78945255279541
3819 4.42307710647583
3820 4.570171356201172
3821 4.361180782318115
3822 4.201435565948486
3823 4.302490711212158
3824 4.290085315704346
3825 4.201695919036865
3826 3.9996588230133057
3827 4.1212077140808105
3828 4.323010444641113
3829 4.317302227020264
3830 4.397259712219238
3831 4.506804943084717
3832 4.662845134735107
3833 4.540765762329102
3834 4.198516368865967
3835 4.490307331085205
3836 4.252415180206299
3837 4.13566255569458
3838 3.832322359085083
3839 3.8140926361083984
3840 3.799692392349243
3841 3.6309311389923096
3842 3.623504638671875
3843 3.908433198928833
3844 3.99920392036438
3845 3.958585739135742
3846 4.227015495300293
3847 4.266084671020508
3848 4.599136829376221
3849 4.370536804199219
3850 4.14218282699585
3851 4.370131015777588
3852 4.449893951416016
3853 4.27108907699585
3854 4.213240623474121
3855 4.139264106750488
3856 4.047033309936523
3857 3.7991199493408203
3858 4.05491304397583
3859 3.886016845703125
3860 3.962355136871338
3861 4.384111404418945
3862 4.108143329620361
3863 4.440192699432373
3864 4.4962053298950195
3865 4.5196428298950195
3866 4.638426780700684
3867 4.733772277832031
3868 4.751012325286865
3869 4.519454479217529
3870 4.319095134735107
3871 4.336599349975586
3872 4.506606101989746
3873 4.438846111297607
3874 4.381533145904541
3875 4.102198123931885
3876 4.257907867431641
3877 4.186320781707764
3878 4.070119380950928
3879 3.978820323944092
3880 4.111186981201172
3881 3.8256070613861084
3882 3.9457786083221436
3883 4.114931583404541
3884 4.136020183563232
3885 3.9063563346862793
3886 3.9925999641418457
3887 3.8280301094055176
3888 3.8917698860168457
3889 3.6641311645507813
3890 3.9644336700439453
3891 4.114363193511963
3892 4.084475040435791
3893 4.630250453948975
3894 4.503876209259033
3895 4.588938236236572
3896 4.483974933624268
3897 4.663481712341309
3898 4.7940754890441895
3899 4.841500759124756
3900 4.502887725830078
3901 4.4306440353393555
3902 4.445825099945068
3903 4.254366874694824
3904 4.513615608215332
3905 4.185515880584717
3906 4.273719787597656
3907 4.185651779174805
3908 4.505136013031006
3909 4.4159016609191895
3910 4.391374588012695
3911 4.148865222930908
3912 4.194094657897949
3913 4.215205669403076
3914 4.713700771331787
3915 4.712223529815674
3916 4.584132194519043
3917 4.801788806915283
3918 4.97908353805542
3919 4.689564228057861
3920 4.902605056762695
3921 4.927978038787842
3922 4.660472393035889
3923 4.673354148864746
3924 4.719200134277344
3925 4.262187480926514
3926 4.482558250427246
3927 4.31265115737915
3928 4.220968723297119
3929 4.316543102264404
3930 4.72860050201416
3931 4.145370960235596
3932 3.9983201026916504
3933 4.163501262664795
3934 4.375697135925293
3935 4.12225866317749
3936 4.120272159576416
3937 4.183765411376953
3938 4.487534523010254
3939 4.675236701965332
3940 4.22566032409668
3941 4.329854965209961
3942 4.431245803833008
3943 4.406316757202148
3944 4.371684551239014
3945 4.9514479637146
3946 4.785612106323242
3947 4.644287586212158
3948 4.675455093383789
3949 4.528970241546631
3950 4.275339126586914
3951 4.323011875152588
3952 4.414000511169434
3953 4.361690044403076
3954 4.447919845581055
3955 4.211279392242432
3956 4.660600662231445
3957 4.722656726837158
3958 4.7495574951171875
3959 4.771505832672119
3960 4.574397563934326
3961 4.7338457107543945
3962 4.445753574371338
3963 4.355104446411133
3964 4.549641132354736
3965 4.083390712738037
3966 3.861797332763672
3967 3.945854902267456
3968 3.963144540786743
3969 4.05238151550293
3970 4.6843180656433105
3971 4.463619709014893
3972 4.3570146560668945
3973 4.189802169799805
3974 4.520170211791992
3975 4.5461578369140625
3976 4.592685222625732
3977 4.422089576721191
3978 4.471031188964844
3979 4.572334289550781
3980 4.371712684631348
3981 4.734787940979004
3982 4.856748580932617
3983 4.695731163024902
3984 4.788276672363281
3985 4.536248683929443
3986 4.674046039581299
3987 4.345741271972656
3988 4.633336067199707
3989 4.736652851104736
3990 4.784545421600342
3991 4.73975133895874
3992 4.489080905914307
3993 4.349151611328125
3994 4.183450698852539
3995 4.2092766761779785
3996 4.259538173675537
3997 4.330051898956299
3998 4.42741060256958
3999 4.315122127532959
