# Frame Protein_DNA_total_backbone_RMSD_Angstrom
0 0.0
1 1.0356439352035522
2 1.6914896965026855
3 1.8278470039367676
4 2.190113067626953
5 2.2990102767944336
6 2.2112581729888916
7 2.044595241546631
8 2.0553550720214844
9 2.0508673191070557
10 1.952077031135559
11 2.0086395740509033
12 2.070406198501587
13 1.8526272773742676
14 2.0894241333007813
15 2.038661479949951
16 1.8116704225540161
17 1.8680654764175415
18 1.9452285766601563
19 1.7725166082382202
20 1.6072514057159424
21 1.4877783060073853
22 1.2468926906585693
23 1.3749803304672241
24 1.5180754661560059
25 1.76289701461792
26 1.7667351961135864
27 1.4383307695388794
28 1.501707673072815
29 1.6998218297958374
30 1.5466647148132324
31 1.8605231046676636
32 2.113044023513794
33 1.9652880430221558
34 2.1845598220825195
35 2.3332676887512207
36 2.4480807781219482
37 2.1692006587982178
38 2.5600953102111816
39 2.445716142654419
40 2.2242884635925293
41 2.379511594772339
42 2.673123836517334
43 3.1100528240203857
44 2.789825439453125
45 2.6273446083068848
46 2.5810036659240723
47 2.675710678100586
48 2.5624260902404785
49 2.6009562015533447
50 2.5526907444000244
51 2.3728857040405273
52 2.384544849395752
53 2.5810861587524414
54 2.765716791152954
55 2.7134931087493896
56 2.599781036376953
57 2.657881021499634
58 2.705275058746338
59 2.6197237968444824
60 2.2433321475982666
61 2.2613706588745117
62 2.3180408477783203
63 2.4395854473114014
64 2.6116080284118652
65 2.793980836868286
66 2.5615768432617188
67 2.695920467376709
68 2.70778751373291
69 2.6771748065948486
70 2.779114246368408
71 2.205484628677368
72 2.022125005722046
73 1.9121700525283813
74 2.047991991043091
75 2.252974271774292
76 2.1857659816741943
77 1.9576609134674072
78 1.4793099164962769
79 1.8021526336669922
80 1.8446688652038574
81 1.7517942190170288
82 2.0518643856048584
83 1.6726219654083252
84 1.6262489557266235
85 1.972975254058838
86 2.248727321624756
87 2.0416741371154785
88 2.132366895675659
89 2.159898281097412
90 2.0580027103424072
91 1.8159825801849365
92 1.7851077318191528
93 1.7950211763381958
94 2.21311354637146
95 2.2681055068969727
96 2.0730628967285156
97 1.8221758604049683
98 1.828894853591919
99 1.5349314212799072
100 1.627575159072876
101 1.56204092502594
102 1.6853646039962769
103 1.734937310218811
104 1.6448899507522583
105 1.907486081123352
106 1.792504072189331
107 1.7656887769699097
108 2.0769710540771484
109 1.9805717468261719
110 1.9607937335968018
111 1.6073157787322998
112 1.6583837270736694
113 1.7147586345672607
114 1.6392138004302979
115 1.8763155937194824
116 1.885852575302124
117 2.273219347000122
118 2.4819672107696533
119 2.4238736629486084
120 2.5298497676849365
121 2.686755418777466
122 2.4818992614746094
123 2.855799436569214
124 2.824312925338745
125 2.3741137981414795
126 1.89924156665802
127 2.0644214153289795
128 1.9636410474777222
129 2.2375288009643555
130 2.564563274383545
131 2.859039545059204
132 2.914382219314575
133 2.8400018215179443
134 2.8109989166259766
135 2.4248194694519043
136 2.7119340896606445
137 2.5649547576904297
138 2.3625452518463135
139 2.4756991863250732
140 2.47627592086792
141 2.878612995147705
142 2.838560104370117
143 2.4083666801452637
144 2.2936055660247803
145 2.2373111248016357
146 2.0109241008758545
147 2.3951661586761475
148 2.528214693069458
149 2.4798519611358643
150 2.657823085784912
151 2.651474952697754
152 2.464282274246216
153 2.4069647789001465
154 2.40148663520813
155 2.4542746543884277
156 2.5398266315460205
157 2.175687789916992
158 2.5296905040740967
159 2.9840927124023438
160 2.6415841579437256
161 2.9284791946411133
162 2.8481991291046143
163 2.909639358520508
164 3.276254653930664
165 3.365711212158203
166 3.495492696762085
167 3.1362252235412598
168 3.4222192764282227
169 3.937039852142334
170 3.464479684829712
171 3.1120357513427734
172 2.91473650932312
173 3.1970925331115723
174 3.283275842666626
175 3.0033297538757324
176 3.191802740097046
177 3.054382085800171
178 3.026020050048828
179 3.2340152263641357
180 3.226562261581421
181 3.4344265460968018
182 3.7408206462860107
183 3.4835622310638428
184 3.5991697311401367
185 3.516566038131714
186 3.6694881916046143
187 3.572333574295044
188 3.4565699100494385
189 3.4375221729278564
190 3.4095845222473145
191 3.6974356174468994
192 3.549406051635742
193 3.358978748321533
194 3.2671875953674316
195 3.319469928741455
196 3.134787082672119
197 2.8902902603149414
198 2.881056547164917
199 3.113754987716675
200 3.115846633911133
201 2.8731613159179688
202 2.5439064502716064
203 2.7776222229003906
204 2.533229351043701
205 2.9082932472229004
206 2.835799217224121
207 2.8166615962982178
208 2.8177683353424072
209 3.163703203201294
210 2.771480083465576
211 2.720670461654663
212 2.729679822921753
213 2.8894588947296143
214 2.7820022106170654
215 2.5027925968170166
216 2.7260890007019043
217 2.488290786743164
218 2.7569310665130615
219 3.1642956733703613
220 3.457674264907837
221 3.6711132526397705
222 4.0586771965026855
223 3.4769327640533447
224 3.2211978435516357
225 3.2151646614074707
226 3.0249133110046387
227 2.9780893325805664
228 2.9854137897491455
229 2.7122702598571777
230 2.700864553451538
231 2.9009058475494385
232 2.8438169956207275
233 2.925229787826538
234 2.8794021606445313
235 2.9096734523773193
236 2.8352456092834473
237 2.602869749069214
238 2.5545754432678223
239 2.732961654663086
240 2.968271017074585
241 2.767204999923706
242 2.957477331161499
243 2.8422226905822754
244 3.129267454147339
245 3.0158774852752686
246 3.078063726425171
247 3.234919309616089
248 3.340435028076172
249 3.0947742462158203
250 3.073044776916504
251 2.9182422161102295
252 3.0993356704711914
253 3.166443109512329
254 3.368882656097412
255 3.3540470600128174
256 3.3568592071533203
257 3.400790214538574
258 3.324276924133301
259 3.089653730392456
260 2.922307252883911
261 2.7736458778381348
262 2.763315439224243
263 3.0781702995300293
264 3.1084535121917725
265 3.375847339630127
266 3.026909112930298
267 2.919088840484619
268 2.750957489013672
269 2.519810676574707
270 2.597958564758301
271 2.7650904655456543
272 2.3596060276031494
273 2.3891096115112305
274 2.5253188610076904
275 2.592562198638916
276 2.781900644302368
277 2.7307236194610596
278 3.0903728008270264
279 2.8030478954315186
280 2.9973669052124023
281 2.7953133583068848
282 2.8481931686401367
283 3.290379285812378
284 2.993812084197998
285 2.7019810676574707
286 2.62542724609375
287 2.6922836303710938
288 2.8976874351501465
289 2.8994877338409424
290 2.9138340950012207
291 2.804363250732422
292 2.576575517654419
293 2.7227604389190674
294 2.793825387954712
295 2.6238315105438232
296 2.6715149879455566
297 2.601762294769287
298 2.446467161178589
299 2.741999864578247
300 3.2850799560546875
301 3.3479461669921875
302 3.607478618621826
303 3.391256809234619
304 3.035825490951538
305 2.942728042602539
306 3.0235788822174072
307 2.933239221572876
308 3.140913963317871
309 3.247789144515991
310 3.060157299041748
311 3.039246082305908
312 3.1662776470184326
313 3.078616142272949
314 3.235654354095459
315 2.8879079818725586
316 2.745401620864868
317 2.9067604541778564
318 2.7307660579681396
319 2.953817367553711
320 3.200277090072632
321 3.2564876079559326
322 3.3143603801727295
323 3.102548599243164
324 2.9117319583892822
325 2.8461103439331055
326 3.1303863525390625
327 3.1785731315612793
328 3.2100820541381836
329 3.3229990005493164
330 2.9836313724517822
331 2.812095880508423
332 2.7971861362457275
333 2.677922010421753
334 2.7502694129943848
335 2.748311996459961
336 2.6598703861236572
337 2.716259479522705
338 2.573084831237793
339 2.7795636653900146
340 2.901380777359009
341 2.7793540954589844
342 2.9256882667541504
343 2.7903733253479004
344 2.6174001693725586
345 2.876244068145752
346 3.046380043029785
347 2.908102512359619
348 3.2661259174346924
349 3.057584524154663
350 3.239779472351074
351 3.269782781600952
352 3.100698947906494
353 3.0327131748199463
354 3.2193942070007324
355 2.938460111618042
356 3.0620625019073486
357 2.930279493331909
358 2.8870351314544678
359 2.659658193588257
360 2.9663405418395996
361 3.102130889892578
362 3.0214781761169434
363 2.9098777770996094
364 3.003098249435425
365 3.11177396774292
366 3.061253547668457
367 2.8711535930633545
368 3.255868673324585
369 3.1732213497161865
370 3.004635810852051
371 2.692978858947754
372 2.765091896057129
373 3.155606508255005
374 2.870870351791382
375 2.7546699047088623
376 3.240907907485962
377 2.9887731075286865
378 2.746961832046509
379 2.9220314025878906
380 2.6740100383758545
381 2.7978315353393555
382 2.5749034881591797
383 2.7293388843536377
384 2.6160857677459717
385 2.726579189300537
386 2.765733480453491
387 2.706454038619995
388 2.555267810821533
389 2.808617353439331
390 2.7842600345611572
391 2.730170488357544
392 2.660170793533325
393 2.6890463829040527
394 2.7294154167175293
395 2.909991979598999
396 2.7946889400482178
397 2.7381527423858643
398 2.9036073684692383
399 3.1647393703460693
400 3.0191571712493896
401 3.0232584476470947
402 3.143923282623291
403 2.728006362915039
404 2.656700372695923
405 2.747429847717285
406 2.485912322998047
407 2.533538818359375
408 2.671415328979492
409 2.542388916015625
410 2.4080686569213867
411 2.4854354858398438
412 2.30499529838562
413 2.2808072566986084
414 2.390146493911743
415 2.452817678451538
416 2.553511142730713
417 2.485560894012451
418 2.6078989505767822
419 2.716742515563965
420 2.8263282775878906
421 2.5812721252441406
422 2.774712324142456
423 2.8230412006378174
424 3.0760836601257324
425 3.0864663124084473
426 3.0783286094665527
427 3.1144611835479736
428 3.1432526111602783
429 3.0031590461730957
430 2.728759765625
431 2.712883710861206
432 2.579878091812134
433 2.5281431674957275
434 2.4658427238464355
435 2.6581380367279053
436 2.267378330230713
437 2.526869773864746
438 2.6470584869384766
439 2.6992053985595703
440 2.4196953773498535
441 2.346040964126587
442 2.398322582244873
443 2.3896679878234863
444 2.388763666152954
445 2.3897905349731445
446 2.514075517654419
447 2.343433380126953
448 2.551220178604126
449 2.415013074874878
450 2.573143243789673
451 2.5875251293182373
452 2.8333656787872314
453 2.766525983810425
454 3.011085271835327
455 3.0201501846313477
456 2.9519295692443848
457 3.0603325366973877
458 2.7911407947540283
459 2.6462008953094482
460 2.621788740158081
461 2.6370437145233154
462 2.55731463432312
463 2.555604934692383
464 2.9591147899627686
465 3.0892186164855957
466 3.1907830238342285
467 3.059910535812378
468 3.1664304733276367
469 3.2305386066436768
470 3.3085501194000244
471 3.1910181045532227
472 3.2215077877044678
473 3.1666033267974854
474 3.3764073848724365
475 3.5977702140808105
476 3.4054925441741943
477 3.2850043773651123
478 2.880443811416626
479 2.8754355907440186
480 2.801727533340454
481 2.861409902572632
482 2.7446036338806152
483 3.048644781112671
484 3.1889564990997314
485 3.3600196838378906
486 3.0364513397216797
487 2.9923369884490967
488 2.947615146636963
489 2.897089958190918
490 3.006265640258789
491 3.2544987201690674
492 3.1406562328338623
493 2.960937738418579
494 3.22287654876709
495 3.1767678260803223
496 2.7306156158447266
497 2.8794102668762207
498 3.028859853744507
499 3.164578914642334
500 3.1181626319885254
501 2.7982988357543945
502 2.7453529834747314
503 2.7878971099853516
504 2.578526258468628
505 2.208317279815674
506 2.153905153274536
507 2.335606813430786
508 2.1914522647857666
509 2.2878494262695313
510 2.5224459171295166
511 2.7091896533966064
512 2.839864492416382
513 2.8362274169921875
514 2.739952802658081
515 2.7980990409851074
516 3.2189199924468994
517 3.187157154083252
518 2.6797120571136475
519 2.886772632598877
520 2.6082615852355957
521 2.2544808387756348
522 2.5062074661254883
523 2.601168394088745
524 3.2584872245788574
525 3.1246442794799805
526 2.897423028945923
527 2.647224187850952
528 2.5404584407806396
529 2.789154052734375
530 2.889899253845215
531 2.699195623397827
532 2.409320831298828
533 2.767298460006714
534 2.5353875160217285
535 2.3262293338775635
536 2.2951533794403076
537 2.1336669921875
538 2.269737720489502
539 2.165776014328003
540 2.329223394393921
541 2.1948299407958984
542 2.146397590637207
543 2.161881446838379
544 1.9934989213943481
545 1.9428406953811646
546 2.0121452808380127
547 2.046196222305298
548 1.9853107929229736
549 2.1444411277770996
550 2.099163293838501
551 2.191352605819702
552 1.8859508037567139
553 1.9244623184204102
554 1.8377994298934937
555 1.5871858596801758
556 1.709736704826355
557 2.158357620239258
558 1.611399531364441
559 1.6773042678833008
560 2.027474880218506
561 1.6352970600128174
562 1.5909594297409058
563 1.9121332168579102
564 1.645317554473877
565 1.839473843574524
566 1.9841818809509277
567 2.1576547622680664
568 1.9645947217941284
569 2.0300168991088867
570 2.198129415512085
571 2.292053461074829
572 2.475918769836426
573 2.420012950897217
574 2.4802000522613525
575 2.533557653427124
576 2.3704278469085693
577 2.3470518589019775
578 2.1589138507843018
579 2.287612199783325
580 2.484145164489746
581 2.867675304412842
582 2.9030165672302246
583 2.4524147510528564
584 2.1484243869781494
585 1.8814648389816284
586 1.8743698596954346
587 2.08176326751709
588 1.8902416229248047
589 1.6778374910354614
590 1.834059715270996
591 2.034752368927002
592 2.0065503120422363
593 2.356125831604004
594 2.276546001434326
595 2.0046792030334473
596 2.1381113529205322
597 2.4469990730285645
598 2.4653537273406982
599 2.167468547821045
600 2.0886127948760986
601 2.2552573680877686
602 2.5069844722747803
603 2.698211669921875
604 2.4653098583221436
605 2.6486833095550537
606 2.4195847511291504
607 2.6112756729125977
608 2.5627784729003906
609 2.239938497543335
610 2.372629404067993
611 2.569742441177368
612 2.661400318145752
613 2.292635202407837
614 2.227001190185547
615 2.126535415649414
616 1.938232421875
617 2.0769379138946533
618 1.8876733779907227
619 2.1662824153900146
620 2.0876944065093994
621 2.1780130863189697
622 2.1472954750061035
623 2.4178483486175537
624 2.3443098068237305
625 2.129728317260742
626 2.2906253337860107
627 2.3161869049072266
628 2.175060510635376
629 2.20456862449646
630 1.9532965421676636
631 2.1960809230804443
632 2.058441638946533
633 2.0762345790863037
634 2.132237195968628
635 2.2096731662750244
636 2.103238105773926
637 1.960178017616272
638 2.4439380168914795
639 2.775033473968506
640 2.7064149379730225
641 2.497835636138916
642 2.574514627456665
643 2.9687557220458984
644 2.643916130065918
645 2.5654940605163574
646 2.8107335567474365
647 2.7039527893066406
648 2.631223201751709
649 2.411409378051758
650 2.477303981781006
651 2.526060104370117
652 2.9033963680267334
653 2.8587160110473633
654 2.5522782802581787
655 2.3453567028045654
656 2.523855447769165
657 2.4670050144195557
658 2.4222071170806885
659 2.436612606048584
660 2.443504571914673
661 2.1991353034973145
662 2.5689306259155273
663 2.2989444732666016
664 2.274444580078125
665 2.5113277435302734
666 2.711268901824951
667 2.5153696537017822
668 2.1565558910369873
669 2.6384003162384033
670 2.6410937309265137
671 2.5412633419036865
672 2.558678150177002
673 2.567436456680298
674 2.307966470718384
675 2.3150734901428223
676 2.371389627456665
677 2.215664863586426
678 2.1668310165405273
679 2.02001953125
680 2.2939562797546387
681 2.682084321975708
682 2.812269926071167
683 2.363957166671753
684 2.490307092666626
685 2.5379111766815186
686 2.2866764068603516
687 2.529334306716919
688 2.3315813541412354
689 2.3939645290374756
690 2.66506028175354
691 2.9127089977264404
692 3.090528964996338
693 2.900142192840576
694 2.875521183013916
695 2.791219711303711
696 2.7183945178985596
697 2.8260645866394043
698 2.6657941341400146
699 2.793499231338501
700 2.9029605388641357
701 3.2293198108673096
702 2.7269692420959473
703 2.791856288909912
704 2.199603796005249
705 2.384270668029785
706 2.4766204357147217
707 2.473541259765625
708 2.5687596797943115
709 2.5202248096466064
710 2.641277313232422
711 2.656625270843506
712 2.8426129817962646
713 2.858365297317505
714 3.122617721557617
715 3.270278215408325
716 3.0564675331115723
717 2.913620948791504
718 2.8809821605682373
719 3.231391668319702
720 3.07395601272583
721 2.545185089111328
722 2.584240674972534
723 2.3839309215545654
724 2.1961848735809326
725 2.592607259750366
726 2.397878885269165
727 2.4054887294769287
728 2.574601173400879
729 2.5444579124450684
730 2.2943785190582275
731 2.180915355682373
732 2.0914106369018555
733 2.5163321495056152
734 2.4472737312316895
735 2.4869887828826904
736 2.4367992877960205
737 2.4522645473480225
738 2.4767990112304688
739 2.678744077682495
740 3.1555747985839844
741 3.4018630981445313
742 3.8996002674102783
743 3.617860794067383
744 3.2098259925842285
745 3.397489070892334
746 2.9533586502075195
747 2.9677367210388184
748 3.1617813110351563
749 3.1193408966064453
750 3.1367361545562744
751 3.282299041748047
752 3.1037609577178955
753 3.2489402294158936
754 2.8927621841430664
755 2.844013214111328
756 2.804659605026245
757 2.491928815841675
758 2.3018810749053955
759 2.349470376968384
760 2.4403879642486572
761 2.69197154045105
762 2.694232225418091
763 3.076500177383423
764 3.195547103881836
765 2.707831382751465
766 2.9522125720977783
767 3.1779961585998535
768 3.136953115463257
769 2.871938705444336
770 2.6021203994750977
771 2.660961627960205
772 2.4434750080108643
773 2.5282390117645264
774 2.5920400619506836
775 2.4049177169799805
776 2.3179376125335693
777 2.28804612159729
778 2.532702922821045
779 2.6441638469696045
780 2.598005533218384
781 2.9010119438171387
782 2.948763847351074
783 2.6958842277526855
784 2.7686445713043213
785 2.906494379043579
786 2.941596508026123
787 2.8564491271972656
788 2.872652769088745
789 3.0005924701690674
790 2.9274158477783203
791 2.633741855621338
792 2.6793081760406494
793 2.7949228286743164
794 2.47001314163208
795 2.265383720397949
796 2.4023361206054688
797 2.1949262619018555
798 2.559640645980835
799 2.725715398788452
800 2.5091137886047363
801 2.4973318576812744
802 2.625102996826172
803 2.513439893722534
804 2.298051595687866
805 2.436260938644409
806 2.471747398376465
807 2.4004812240600586
808 2.182793378829956
809 2.4590160846710205
810 2.4859867095947266
811 2.61212158203125
812 2.685434341430664
813 2.791102409362793
814 3.1566784381866455
815 2.9209349155426025
816 3.204636335372925
817 3.1622703075408936
818 3.3223516941070557
819 3.214904546737671
820 2.945894718170166
821 2.830030679702759
822 3.1402833461761475
823 3.024312973022461
824 3.0338330268859863
825 3.2763831615448
826 3.136117696762085
827 3.1365807056427
828 3.2195651531219482
829 3.162317991256714
830 2.765408515930176
831 2.7705821990966797
832 2.9048118591308594
833 2.603245258331299
834 2.414853572845459
835 2.344268798828125
836 2.2080395221710205
837 2.258390426635742
838 2.67270565032959
839 2.6465516090393066
840 2.786417007446289
841 2.4171435832977295
842 2.678210735321045
843 2.467609167098999
844 2.55230712890625
845 2.599630355834961
846 2.668898105621338
847 2.719876289367676
848 2.8874130249023438
849 3.217545986175537
850 2.878828525543213
851 2.830801248550415
852 2.6729660034179688
853 2.9470293521881104
854 2.7640557289123535
855 2.4257051944732666
856 3.0190141201019287
857 2.9247941970825195
858 2.673264980316162
859 2.584059000015259
860 2.4936676025390625
861 2.2514359951019287
862 2.4003281593322754
863 2.4510538578033447
864 2.2287604808807373
865 2.404622793197632
866 2.5185437202453613
867 2.3548200130462646
868 2.2867162227630615
869 2.3316128253936768
870 2.3645012378692627
871 2.4680683612823486
872 2.6061699390411377
873 2.674574613571167
874 2.818934202194214
875 2.672109365463257
876 3.2393362522125244
877 3.3090853691101074
878 3.01786470413208
879 3.068694829940796
880 2.932817220687866
881 2.7641544342041016
882 2.990809202194214
883 3.031184196472168
884 3.206299304962158
885 3.017287254333496
886 2.84232497215271
887 2.806425094604492
888 3.0874481201171875
889 3.1995902061462402
890 3.1934053897857666
891 3.0320913791656494
892 2.898252010345459
893 3.093508005142212
894 2.9409680366516113
895 3.096987724304199
896 2.970442533493042
897 2.996710777282715
898 3.219674825668335
899 3.111880302429199
900 3.165001153945923
901 2.9833462238311768
902 3.058107852935791
903 2.844115972518921
904 2.571065902709961
905 2.896130323410034
906 2.7709567546844482
907 2.7423644065856934
908 2.5481185913085938
909 2.5456972122192383
910 2.7829184532165527
911 2.907886028289795
912 2.7710466384887695
913 2.7165160179138184
914 2.920999050140381
915 3.1145107746124268
916 3.169726848602295
917 2.8132576942443848
918 2.509415626525879
919 2.3670129776000977
920 2.5112030506134033
921 2.5062029361724854
922 2.6188228130340576
923 2.6710808277130127
924 2.5195817947387695
925 2.5965042114257813
926 2.8530526161193848
927 2.447099208831787
928 2.641571521759033
929 2.9675893783569336
930 2.588921546936035
931 2.006620407104492
932 2.317218780517578
933 2.3744759559631348
934 2.3835833072662354
935 2.362630844116211
936 2.637556314468384
937 2.477856159210205
938 2.311068058013916
939 2.355881690979004
940 2.327528953552246
941 2.9430949687957764
942 2.909095525741577
943 2.8537862300872803
944 2.708212375640869
945 2.5075840950012207
946 2.728956937789917
947 3.032118320465088
948 2.8279478549957275
949 2.9494452476501465
950 3.2653350830078125
951 2.7577321529388428
952 2.9923293590545654
953 2.671257972717285
954 2.494188070297241
955 2.1307373046875
956 2.298275947570801
957 2.2006876468658447
958 2.3400485515594482
959 2.4132184982299805
960 2.178576946258545
961 2.243668794631958
962 2.376812219619751
963 2.298295497894287
964 2.5173237323760986
965 2.5617387294769287
966 2.5169620513916016
967 2.7252354621887207
968 2.5823020935058594
969 2.4455182552337646
970 2.740068197250366
971 2.6583104133605957
972 3.0359346866607666
973 3.314666986465454
974 2.643623113632202
975 2.7063770294189453
976 2.70544695854187
977 2.596630096435547
978 2.4904191493988037
979 2.7778472900390625
980 3.099468231201172
981 2.6008551120758057
982 2.7903401851654053
983 2.7295191287994385
984 2.8088290691375732
985 2.979006052017212
986 2.9955785274505615
987 3.1922543048858643
988 3.1892499923706055
989 3.0399539470672607
990 3.3712687492370605
991 3.5816752910614014
992 3.6887452602386475
993 3.400439739227295
994 3.416896343231201
995 3.632932662963867
996 3.2927536964416504
997 3.237659454345703
998 3.1338133811950684
999 3.119701623916626
1000 2.7906136512756348
1001 2.7581779956817627
1002 2.784261465072632
1003 3.0951898097991943
1004 3.038231611251831
1005 2.9529645442962646
1006 3.0014913082122803
1007 3.1567773818969727
1008 2.6558659076690674
1009 2.6150708198547363
1010 2.552454948425293
1011 2.609102964401245
1012 2.6324238777160645
1013 2.60996675491333
1014 2.5010499954223633
1015 2.5237624645233154
1016 2.2502307891845703
1017 2.6199769973754883
1018 2.7035598754882813
1019 2.897188901901245
1020 2.9423203468322754
1021 2.889585494995117
1022 2.871727228164673
1023 3.054152011871338
1024 2.931344509124756
1025 3.0628063678741455
1026 3.0435495376586914
1027 3.022749900817871
1028 2.5274322032928467
1029 2.940321445465088
1030 2.52081561088562
1031 2.458916425704956
1032 2.7411813735961914
1033 3.179080009460449
1034 3.2833244800567627
1035 3.433202028274536
1036 3.179328203201294
1037 3.1272637844085693
1038 3.511368989944458
1039 3.749087333679199
1040 3.604322671890259
1041 3.7051804065704346
1042 3.563323974609375
1043 3.9403305053710938
1044 3.5546770095825195
1045 4.187299728393555
1046 4.341799259185791
1047 3.849625825881958
1048 3.6875815391540527
1049 4.0195465087890625
1050 3.621558427810669
1051 3.108808994293213
1052 3.404163122177124
1053 3.664324998855591
1054 3.4872353076934814
1055 2.9044198989868164
1056 2.7626075744628906
1057 2.5470504760742188
1058 2.3717384338378906
1059 2.254274368286133
1060 2.3381707668304443
1061 2.459786891937256
1062 2.423793315887451
1063 2.3842620849609375
1064 2.2711451053619385
1065 2.5316474437713623
1066 2.252211809158325
1067 2.6164908409118652
1068 2.2064974308013916
1069 2.4742531776428223
1070 2.4974405765533447
1071 2.257425308227539
1072 2.6145801544189453
1073 2.5257976055145264
1074 2.3030436038970947
1075 2.2749671936035156
1076 2.175875425338745
1077 2.3931844234466553
1078 2.2425577640533447
1079 2.3776426315307617
1080 2.7320613861083984
1081 2.5044374465942383
1082 2.560126781463623
1083 2.4860141277313232
1084 2.6951944828033447
1085 2.902648448944092
1086 3.0483336448669434
1087 3.046463966369629
1088 3.0339295864105225
1089 2.8606796264648438
1090 2.7025978565216064
1091 2.8702292442321777
1092 2.9096782207489014
1093 3.1407785415649414
1094 3.2027430534362793
1095 3.1437342166900635
1096 2.8019211292266846
1097 2.6303648948669434
1098 2.5393452644348145
1099 2.881728410720825
1100 2.695012331008911
1101 2.7237770557403564
1102 2.9484474658966064
1103 2.944315195083618
1104 3.0407936573028564
1105 3.1975111961364746
1106 3.5684282779693604
1107 3.4226415157318115
1108 3.1948912143707275
1109 3.2715375423431396
1110 3.4347586631774902
1111 3.132577896118164
1112 3.060688018798828
1113 3.1799168586730957
1114 3.0951833724975586
1115 3.312257766723633
1116 3.3536009788513184
1117 2.956752061843872
1118 2.9918487071990967
1119 2.8437280654907227
1120 2.637194871902466
1121 3.0595526695251465
1122 2.9502594470977783
1123 2.7367498874664307
1124 2.5219345092773438
1125 2.9679484367370605
1126 2.738044500350952
1127 2.798322916030884
1128 2.5198426246643066
1129 2.3555636405944824
1130 2.5439984798431396
1131 2.773247480392456
1132 2.8049046993255615
1133 2.5047106742858887
1134 2.5407657623291016
1135 2.707859992980957
1136 2.7880725860595703
1137 2.694918632507324
1138 2.661540985107422
1139 2.642483711242676
1140 2.6312973499298096
1141 2.6580491065979004
1142 2.9570224285125732
1143 2.9645516872406006
1144 2.9987754821777344
1145 3.0449302196502686
1146 3.0627143383026123
1147 2.6862597465515137
1148 2.5231807231903076
1149 2.719896078109741
1150 2.76375412940979
1151 2.7497053146362305
1152 3.0226964950561523
1153 2.9898569583892822
1154 2.849188804626465
1155 2.792797803878784
1156 3.049436569213867
1157 3.3752527236938477
1158 3.3248281478881836
1159 3.3471436500549316
1160 3.628988027572632
1161 3.2797882556915283
1162 3.2511849403381348
1163 3.163539171218872
1164 2.888396978378296
1165 2.8315625190734863
1166 3.198291778564453
1167 3.44289493560791
1168 3.619945764541626
1169 3.6569466590881348
1170 3.6352553367614746
1171 3.6127514839172363
1172 3.824549436569214
1173 3.5792088508605957
1174 3.3747189044952393
1175 3.7528116703033447
1176 3.5549256801605225
1177 3.5767178535461426
1178 3.7682533264160156
1179 3.3620197772979736
1180 2.961176872253418
1181 3.15049409866333
1182 3.3602468967437744
1183 3.1393706798553467
1184 3.339604377746582
1185 3.0432653427124023
1186 3.1573166847229004
1187 3.1289360523223877
1188 3.1478681564331055
1189 3.1059327125549316
1190 3.4691689014434814
1191 3.3000736236572266
1192 3.573547601699829
1193 3.623382806777954
1194 3.614393711090088
1195 3.746114730834961
1196 3.704078435897827
1197 3.5194103717803955
1198 3.5342745780944824
1199 3.609604597091675
1200 3.588721513748169
1201 3.586294412612915
1202 3.7723188400268555
1203 3.802293062210083
1204 3.67244815826416
1205 3.2301387786865234
1206 3.3566501140594482
1207 2.8406667709350586
1208 3.098222255706787
1209 2.8606505393981934
1210 3.271885871887207
1211 3.4625625610351563
1212 3.069486379623413
1213 3.4909799098968506
1214 3.5282866954803467
1215 3.817357301712036
1216 3.984889507293701
1217 4.206334114074707
1218 3.763781785964966
1219 3.5112993717193604
1220 3.2836790084838867
1221 3.3853816986083984
1222 3.526585817337036
1223 3.6693637371063232
1224 3.574197292327881
1225 3.6654791831970215
1226 3.45493221282959
1227 3.4306743144989014
1228 3.226163148880005
1229 3.420165538787842
1230 3.367483139038086
1231 3.429201364517212
1232 3.067370891571045
1233 2.983814001083374
1234 2.5943331718444824
1235 2.937610387802124
1236 3.239285945892334
1237 3.467026472091675
1238 3.3223137855529785
1239 3.123159408569336
1240 3.434387683868408
1241 3.5356016159057617
1242 3.485431671142578
1243 3.8794028759002686
1244 3.7386794090270996
1245 3.6457903385162354
1246 3.330333948135376
1247 3.208440065383911
1248 3.37274169921875
1249 3.0818166732788086
1250 3.1808860301971436
1251 2.907425880432129
1252 2.657860517501831
1253 2.6578710079193115
1254 3.022317886352539
1255 2.708710193634033
1256 2.805192232131958
1257 2.8687965869903564
1258 2.833696126937866
1259 2.684086799621582
1260 2.9448354244232178
1261 3.1100661754608154
1262 3.020817279815674
1263 3.240718126296997
1264 3.1987810134887695
1265 3.2803869247436523
1266 3.37878680229187
1267 3.2371227741241455
1268 3.279202461242676
1269 3.5928642749786377
1270 3.295823812484741
1271 3.0471112728118896
1272 3.1757426261901855
1273 3.0810117721557617
1274 3.185131549835205
1275 3.384810447692871
1276 3.2084109783172607
1277 3.087510108947754
1278 2.7951266765594482
1279 2.7002270221710205
1280 2.9355525970458984
1281 2.7172529697418213
1282 2.7147252559661865
1283 2.3576927185058594
1284 2.3020477294921875
1285 2.2787888050079346
1286 2.2724013328552246
1287 2.2685117721557617
1288 2.0981967449188232
1289 2.1303679943084717
1290 2.606536626815796
1291 2.646249294281006
1292 2.715986728668213
1293 2.566114902496338
1294 2.6075196266174316
1295 2.7020204067230225
1296 2.4713375568389893
1297 3.1881330013275146
1298 3.1867802143096924
1299 3.0379106998443604
1300 2.8396408557891846
1301 2.848809003829956
1302 2.808192491531372
1303 3.035121202468872
1304 2.886361598968506
1305 2.8584930896759033
1306 2.7955949306488037
1307 2.7118263244628906
1308 2.951622724533081
1309 3.049659490585327
1310 2.963348150253296
1311 3.2881479263305664
1312 3.3019113540649414
1313 3.2891297340393066
1314 3.371532440185547
1315 3.8993072509765625
1316 3.439215660095215
1317 3.4188780784606934
1318 3.595651149749756
1319 3.171077251434326
1320 3.4330596923828125
1321 2.9957282543182373
1322 2.944303274154663
1323 2.8923258781433105
1324 2.941906690597534
1325 2.977670907974243
1326 2.865199327468872
1327 2.9658641815185547
1328 2.8190243244171143
1329 2.628167152404785
1330 2.654024362564087
1331 2.870929718017578
1332 3.0390889644622803
1333 3.045884609222412
1334 3.2355477809906006
1335 2.8945064544677734
1336 3.100966453552246
1337 2.7485406398773193
1338 2.837646961212158
1339 2.934821605682373
1340 3.0594570636749268
1341 2.8993287086486816
1342 2.9494500160217285
1343 3.1564955711364746
1344 2.897270679473877
1345 2.754398822784424
1346 2.7237191200256348
1347 2.4055256843566895
1348 2.7783632278442383
1349 2.8478689193725586
1350 2.992156744003296
1351 2.626760959625244
1352 2.8013648986816406
1353 2.729210376739502
1354 2.4620866775512695
1355 2.6353349685668945
1356 2.3094193935394287
1357 2.4667725563049316
1358 2.347724199295044
1359 2.920116901397705
1360 2.986001491546631
1361 2.6908152103424072
1362 2.3481295108795166
1363 2.6235086917877197
1364 2.4861178398132324
1365 2.1217267513275146
1366 2.074913501739502
1367 2.259986162185669
1368 2.257686138153076
1369 2.539832353591919
1370 2.3538622856140137
1371 2.3211264610290527
1372 2.1238605976104736
1373 2.027106761932373
1374 2.0619618892669678
1375 2.11342191696167
1376 1.914282202720642
1377 2.4492287635803223
1378 2.608401298522949
1379 2.7952587604522705
1380 2.8162753582000732
1381 2.6015665531158447
1382 2.5325770378112793
1383 2.439321517944336
1384 2.4779253005981445
1385 2.658432722091675
1386 2.462045192718506
1387 2.666412115097046
1388 2.7447657585144043
1389 2.761817693710327
1390 2.4803366661071777
1391 2.5758087635040283
1392 2.458059072494507
1393 2.524919033050537
1394 2.4107394218444824
1395 2.461326837539673
1396 2.5258655548095703
1397 2.715214967727661
1398 2.6033966541290283
1399 2.6477890014648438
1400 2.6863977909088135
1401 2.5876941680908203
1402 2.8206965923309326
1403 2.60788631439209
1404 2.2936227321624756
1405 2.3781321048736572
1406 2.3680479526519775
1407 2.339830160140991
1408 2.3588967323303223
1409 2.27565860748291
1410 2.2481846809387207
1411 2.343050718307495
1412 2.7487058639526367
1413 2.7914369106292725
1414 2.9713644981384277
1415 3.237511157989502
1416 3.0466535091400146
1417 2.859961986541748
1418 3.0752289295196533
1419 3.1733527183532715
1420 3.4256556034088135
1421 3.121713399887085
1422 3.0313589572906494
1423 2.9176857471466064
1424 3.028848886489868
1425 3.386763572692871
1426 3.0293943881988525
1427 3.0809943675994873
1428 2.852898359298706
1429 3.1052169799804688
1430 2.8452067375183105
1431 2.9875693321228027
1432 2.7312886714935303
1433 2.8776931762695313
1434 2.8710601329803467
1435 3.1393659114837646
1436 2.7635576725006104
1437 2.8681728839874268
1438 2.8522274494171143
1439 3.343787908554077
1440 3.2107064723968506
1441 3.3493127822875977
1442 3.2838308811187744
1443 3.0156707763671875
1444 3.1388566493988037
1445 3.2213785648345947
1446 3.291184186935425
1447 3.040226697921753
1448 2.899754524230957
1449 3.183082103729248
1450 3.2096495628356934
1451 3.0778775215148926
1452 3.037343978881836
1453 3.2049612998962402
1454 2.8476600646972656
1455 3.103666305541992
1456 3.1663711071014404
1457 3.022726535797119
1458 3.2233967781066895
1459 3.369044780731201
1460 3.4413578510284424
1461 3.4434096813201904
1462 3.205838680267334
1463 3.345221757888794
1464 3.5044209957122803
1465 3.3732197284698486
1466 3.530250072479248
1467 3.4966704845428467
1468 3.2409143447875977
1469 3.5266730785369873
1470 3.3559670448303223
1471 3.233027458190918
1472 3.187349557876587
1473 2.91066312789917
1474 2.861994504928589
1475 2.7188849449157715
1476 3.200042724609375
1477 3.2960946559906006
1478 3.034587860107422
1479 3.2522904872894287
1480 3.3094711303710938
1481 3.3884074687957764
1482 3.2937138080596924
1483 3.0718040466308594
1484 2.7837791442871094
1485 3.02836275100708
1486 2.739978313446045
1487 2.8807859420776367
1488 2.6376731395721436
1489 2.7604522705078125
1490 2.7392516136169434
1491 3.0119519233703613
1492 3.2257251739501953
1493 3.1496706008911133
1494 3.1511361598968506
1495 2.84222149848938
1496 2.928867816925049
1497 3.1933274269104004
1498 3.1254384517669678
1499 3.1803600788116455
1500 2.9820191860198975
1501 2.9126596450805664
1502 2.9833672046661377
1503 2.9140946865081787
1504 2.932265520095825
1505 2.6295721530914307
1506 2.7138965129852295
1507 2.949503183364868
1508 2.9708120822906494
1509 2.771313190460205
1510 2.783158302307129
1511 2.9447121620178223
1512 3.032663106918335
1513 2.675816535949707
1514 2.646819829940796
1515 2.568298101425171
1516 3.0426430702209473
1517 3.141603708267212
1518 3.3300275802612305
1519 3.5166537761688232
1520 2.918055534362793
1521 2.964901924133301
1522 2.9147567749023438
1523 2.938394069671631
1524 2.857011556625366
1525 3.0146942138671875
1526 2.9676034450531006
1527 2.8417203426361084
1528 3.0569300651550293
1529 3.23736310005188
1530 3.3299527168273926
1531 3.13991641998291
1532 3.1157326698303223
1533 3.0903544425964355
1534 2.776724338531494
1535 3.0413668155670166
1536 3.1821675300598145
1537 3.4186019897460938
1538 3.2625234127044678
1539 3.357107162475586
1540 3.213486909866333
1541 3.2728257179260254
1542 2.926664352416992
1543 2.6925463676452637
1544 2.722848415374756
1545 2.5887396335601807
1546 2.6644673347473145
1547 2.89987850189209
1548 2.7747673988342285
1549 2.529345989227295
1550 2.5374863147735596
1551 2.732229232788086
1552 2.699079751968384
1553 2.6999988555908203
1554 2.5310957431793213
1555 2.4873390197753906
1556 2.653754472732544
1557 2.7850229740142822
1558 2.4226150512695313
1559 2.253260850906372
1560 2.1041622161865234
1561 2.204622745513916
1562 2.289656639099121
1563 2.5406110286712646
1564 2.490729570388794
1565 2.3245127201080322
1566 2.7011096477508545
1567 2.5579469203948975
1568 2.9531707763671875
1569 2.8720743656158447
1570 2.7994165420532227
1571 2.5536301136016846
1572 2.6960339546203613
1573 2.7535135746002197
1574 2.4885048866271973
1575 2.610119581222534
1576 2.7150075435638428
1577 2.8853020668029785
1578 2.9789252281188965
1579 2.894170045852661
1580 2.914339780807495
1581 2.707937240600586
1582 2.4862964153289795
1583 2.5869579315185547
1584 2.5251309871673584
1585 2.4942352771759033
1586 2.594848155975342
1587 2.5422308444976807
1588 2.449803113937378
1589 2.482431650161743
1590 2.5203347206115723
1591 2.3485007286071777
1592 2.3521227836608887
1593 2.4555792808532715
1594 2.758002519607544
1595 2.9427857398986816
1596 2.937361240386963
1597 2.7714743614196777
1598 2.571352243423462
1599 2.775907039642334
1600 2.890366792678833
1601 2.677926778793335
1602 2.9462080001831055
1603 2.980853319168091
1604 3.092134952545166
1605 3.189101219177246
1606 3.277144193649292
1607 2.91021990776062
1608 3.053666114807129
1609 3.138613700866699
1610 3.3834762573242188
1611 3.333994150161743
1612 3.1677956581115723
1613 3.2063891887664795
1614 3.1332013607025146
1615 3.081233024597168
1616 2.871039867401123
1617 2.9297516345977783
1618 2.945309638977051
1619 3.127207040786743
1620 3.113966941833496
1621 3.0270416736602783
1622 3.068329334259033
1623 3.0217273235321045
1624 2.760166883468628
1625 2.8364622592926025
1626 2.987623929977417
1627 2.974229574203491
1628 3.1774795055389404
1629 3.232747793197632
1630 2.81833553314209
1631 2.6710586547851563
1632 2.794074773788452
1633 2.976975679397583
1634 2.955970287322998
1635 2.831048011779785
1636 2.910407543182373
1637 2.754438877105713
1638 2.8179354667663574
1639 2.890247106552124
1640 3.072925329208374
1641 3.1990087032318115
1642 3.099569797515869
1643 3.208134651184082
1644 3.3498921394348145
1645 3.202535390853882
1646 2.9184906482696533
1647 3.1887400150299072
1648 2.865431308746338
1649 2.8674070835113525
1650 3.1751506328582764
1651 3.471815347671509
1652 3.2563300132751465
1653 3.2391579151153564
1654 3.0632822513580322
1655 2.8645997047424316
1656 2.816504716873169
1657 2.846954107284546
1658 2.8416121006011963
1659 2.6484997272491455
1660 3.0115554332733154
1661 2.9588029384613037
1662 2.514754295349121
1663 2.56829833984375
1664 2.8326549530029297
1665 3.001106023788452
1666 2.967298984527588
1667 3.0819525718688965
1668 3.071462869644165
1669 2.828984022140503
1670 3.1003599166870117
1671 3.4386234283447266
1672 3.3592472076416016
1673 3.068415880203247
1674 3.022897720336914
1675 2.894338369369507
1676 2.8235795497894287
1677 2.7251455783843994
1678 2.9411377906799316
1679 2.9207003116607666
1680 3.231822967529297
1681 2.8770105838775635
1682 2.9615354537963867
1683 2.9471218585968018
1684 3.329594135284424
1685 3.4281063079833984
1686 3.3332409858703613
1687 3.4352529048919678
1688 2.994736671447754
1689 3.1650803089141846
1690 2.8840174674987793
1691 2.7900702953338623
1692 2.838493824005127
1693 2.5664243698120117
1694 2.9565858840942383
1695 3.1429834365844727
1696 3.103794574737549
1697 2.95548152923584
1698 2.9121017456054688
1699 2.8579790592193604
1700 2.738090991973877
1701 2.959646701812744
1702 3.236950397491455
1703 3.191410779953003
1704 3.015016794204712
1705 3.014843702316284
1706 2.983718156814575
1707 2.849867343902588
1708 2.868924140930176
1709 2.74200701713562
1710 2.7991998195648193
1711 2.9530222415924072
1712 2.4276671409606934
1713 2.630807876586914
1714 2.71266508102417
1715 2.9083786010742188
1716 3.050135612487793
1717 3.0060434341430664
1718 2.9598143100738525
1719 3.158670425415039
1720 3.5001392364501953
1721 3.522977828979492
1722 3.694948434829712
1723 3.6493494510650635
1724 3.457209825515747
1725 3.25469970703125
1726 3.196640729904175
1727 3.0876240730285645
1728 3.203782558441162
1729 3.1724162101745605
1730 3.1306631565093994
1731 2.9102704524993896
1732 3.195672035217285
1733 3.2901878356933594
1734 3.6179561614990234
1735 3.341931104660034
1736 3.6059417724609375
1737 3.975764513015747
1738 3.654951572418213
1739 3.482273578643799
1740 3.779546022415161
1741 4.042690753936768
1742 3.8848605155944824
1743 3.6884636878967285
1744 3.5626115798950195
1745 3.7218129634857178
1746 3.960767984390259
1747 4.161074161529541
1748 3.818396806716919
1749 3.7491872310638428
1750 3.668227195739746
1751 3.8531653881073
1752 3.823979377746582
1753 3.7758326530456543
1754 3.8413145542144775
1755 3.4683451652526855
1756 3.4523680210113525
1757 3.5941412448883057
1758 3.4521138668060303
1759 3.7035672664642334
1760 3.7397780418395996
1761 3.5202150344848633
1762 3.135500907897949
1763 3.193856716156006
1764 3.2332637310028076
1765 3.4804580211639404
1766 3.3266396522521973
1767 3.2859702110290527
1768 3.2177581787109375
1769 3.540565252304077
1770 3.4242184162139893
1771 3.145228862762451
1772 3.1766791343688965
1773 3.503385066986084
1774 3.4476828575134277
1775 3.6608293056488037
1776 3.6898183822631836
1777 3.76289963722229
1778 3.4575300216674805
1779 3.290421724319458
1780 3.348068952560425
1781 3.3213844299316406
1782 3.6066386699676514
1783 3.689899444580078
1784 3.326237440109253
1785 3.3216195106506348
1786 3.514213800430298
1787 3.485941171646118
1788 3.643089532852173
1789 3.307177782058716
1790 3.098295211791992
1791 2.9812724590301514
1792 3.0928754806518555
1793 3.0951547622680664
1794 3.170384645462036
1795 3.187223434448242
1796 2.9506707191467285
1797 3.1297731399536133
1798 3.48018217086792
1799 3.3694570064544678
1800 3.408276319503784
1801 3.62941575050354
1802 3.7002079486846924
1803 3.7142319679260254
1804 3.673830270767212
1805 3.501453399658203
1806 3.6501190662384033
1807 3.4658780097961426
1808 3.5284743309020996
1809 3.4797682762145996
1810 3.248561143875122
1811 3.2517292499542236
1812 3.4209749698638916
1813 3.440556049346924
1814 3.3717260360717773
1815 3.34149432182312
1816 3.442777633666992
1817 3.4844748973846436
1818 3.234508752822876
1819 3.1067392826080322
1820 3.4154810905456543
1821 3.6084911823272705
1822 3.1914405822753906
1823 3.20741868019104
1824 3.186652183532715
1825 2.952392101287842
1826 3.101335048675537
1827 3.363607883453369
1828 3.2060482501983643
1829 3.2317044734954834
1830 3.0335299968719482
1831 3.2397098541259766
1832 3.302103042602539
1833 3.283527135848999
1834 3.364058017730713
1835 3.3847901821136475
1836 3.2762444019317627
1837 3.064206600189209
1838 3.199270248413086
1839 3.386927366256714
1840 3.2311816215515137
1841 3.3603720664978027
1842 3.30610990524292
1843 3.2495875358581543
1844 3.298678159713745
1845 3.3043053150177
1846 3.560868740081787
1847 3.521388292312622
1848 3.291402816772461
1849 3.3649144172668457
1850 3.1949105262756348
1851 3.230835199356079
1852 3.1703312397003174
1853 3.079416275024414
1854 3.2722418308258057
1855 2.6952171325683594
1856 2.959139347076416
1857 3.188350200653076
1858 3.265057325363159
1859 3.054560661315918
1860 3.06083083152771
1861 3.006049633026123
1862 3.558891773223877
1863 3.3005032539367676
1864 3.250922441482544
1865 3.086672306060791
1866 3.0932564735412598
1867 3.0610239505767822
1868 3.2694129943847656
1869 2.9116241931915283
1870 3.1014997959136963
1871 2.8720874786376953
1872 2.465588092803955
1873 2.4189798831939697
1874 2.428460121154785
1875 2.3487753868103027
1876 2.479264736175537
1877 2.50166654586792
1878 2.451808214187622
1879 2.5367228984832764
1880 2.874593734741211
1881 3.0525424480438232
1882 3.028231143951416
1883 3.0901496410369873
1884 3.4032862186431885
1885 3.033766508102417
1886 3.206277847290039
1887 3.144118547439575
1888 3.372715950012207
1889 3.160763740539551
1890 3.007960319519043
1891 3.004638671875
1892 3.2420835494995117
1893 2.986891984939575
1894 3.057720899581909
1895 3.1332852840423584
1896 2.898430347442627
1897 2.7728097438812256
1898 3.012683868408203
1899 3.1538591384887695
1900 3.306959390640259
1901 3.0967824459075928
1902 2.951916456222534
1903 2.9063496589660645
1904 2.5326924324035645
1905 2.7212069034576416
1906 2.89621639251709
1907 2.959988594055176
1908 2.853996753692627
1909 2.8060128688812256
1910 3.037764072418213
1911 2.91253662109375
1912 2.594698429107666
1913 2.42761492729187
1914 2.668590545654297
1915 2.580319404602051
1916 2.5651817321777344
1917 2.70953369140625
1918 2.5684473514556885
1919 2.610191822052002
1920 2.645949125289917
1921 2.5386130809783936
1922 2.3767247200012207
1923 2.4514408111572266
1924 2.6838490962982178
1925 2.664168119430542
1926 2.6949779987335205
1927 2.910315752029419
1928 2.6051957607269287
1929 3.024707555770874
1930 2.743128538131714
1931 2.5424039363861084
1932 2.7108805179595947
1933 2.5023746490478516
1934 2.855285882949829
1935 2.877535104751587
1936 2.796433448791504
1937 3.2895877361297607
1938 2.937955856323242
1939 2.9392268657684326
1940 3.1184380054473877
1941 3.211099147796631
1942 3.0219204425811768
1943 2.580958366394043
1944 2.4408411979675293
1945 2.501769781112671
1946 2.4808623790740967
1947 2.9215006828308105
1948 2.5260653495788574
1949 2.661977767944336
1950 2.8967814445495605
1951 3.028266668319702
1952 3.136695146560669
1953 2.9249911308288574
1954 2.6212284564971924
1955 2.6434898376464844
1956 2.5834524631500244
1957 2.467804431915283
1958 2.56499981880188
1959 2.580695867538452
1960 2.235081672668457
1961 2.1572179794311523
1962 2.0338134765625
1963 2.4513516426086426
1964 2.622568368911743
1965 2.594108819961548
1966 2.357560396194458
1967 2.4472365379333496
1968 2.230340003967285
1969 2.31015944480896
1970 2.0618820190429688
1971 2.4184529781341553
1972 2.380596160888672
1973 2.3984813690185547
1974 2.5948193073272705
1975 2.718226432800293
1976 2.622443675994873
1977 2.546401262283325
1978 2.6658177375793457
1979 2.7469682693481445
1980 2.348220109939575
1981 2.24739146232605
1982 2.3076272010803223
1983 2.5518083572387695
1984 2.6245412826538086
1985 2.5910837650299072
1986 2.3858511447906494
1987 2.175541877746582
1988 2.6361331939697266
1989 3.009319305419922
1990 2.9846529960632324
1991 2.7149171829223633
1992 2.855032444000244
1993 2.8302409648895264
1994 2.8973379135131836
1995 3.017791271209717
1996 3.5442709922790527
1997 3.280548095703125
1998 3.153754711151123
1999 3.0877089500427246
2000 3.545180559158325
2001 3.6220579147338867
2002 3.6772356033325195
2003 3.380963087081909
2004 3.6627578735351563
2005 3.6082823276519775
2006 3.726447105407715
2007 3.904029369354248
2008 3.7799103260040283
2009 3.442619800567627
2010 3.4305591583251953
2011 3.415982246398926
2012 3.328446388244629
2013 3.0292866230010986
2014 2.816607713699341
2015 2.6118171215057373
2016 2.571816921234131
2017 2.6019089221954346
2018 2.7113187313079834
2019 2.8917670249938965
2020 2.937267303466797
2021 2.912818193435669
2022 2.784433364868164
2023 2.958808660507202
2024 3.209311008453369
2025 3.228275775909424
2026 3.1165874004364014
2027 3.1302523612976074
2028 3.055525064468384
2029 2.9088878631591797
2030 3.0758159160614014
2031 3.132455587387085
2032 2.9719488620758057
2033 3.1135053634643555
2034 3.034528970718384
2035 3.087383270263672
2036 3.05795955657959
2037 3.154576539993286
2038 3.3191933631896973
2039 3.264350414276123
2040 3.3440394401550293
2041 3.1214852333068848
2042 2.9552083015441895
2043 3.5189406871795654
2044 3.7146215438842773
2045 3.4448893070220947
2046 3.4679183959960938
2047 3.30897855758667
2048 3.5124764442443848
2049 3.517178773880005
2050 3.5982606410980225
2051 3.7118747234344482
2052 3.6643033027648926
2053 3.633368730545044
2054 3.5836286544799805
2055 3.311802864074707
2056 3.404766082763672
2057 3.4462227821350098
2058 3.1679604053497314
2059 3.3900222778320313
2060 3.783691883087158
2061 3.6270461082458496
2062 3.5149433612823486
2063 3.511078357696533
2064 3.36515474319458
2065 3.298790216445923
2066 3.392775058746338
2067 3.4596452713012695
2068 3.568462371826172
2069 3.622114419937134
2070 3.6963579654693604
2071 3.543426752090454
2072 3.2495415210723877
2073 3.044909954071045
2074 3.02213978767395
2075 3.1444802284240723
2076 3.2497060298919678
2077 3.4889609813690186
2078 3.4172403812408447
2079 3.480940341949463
2080 3.1677727699279785
2081 3.0986428260803223
2082 3.0452780723571777
2083 3.1266279220581055
2084 2.929063320159912
2085 2.8502016067504883
2086 2.34828519821167
2087 2.548229694366455
2088 2.3405373096466064
2089 2.599087715148926
2090 2.980912923812866
2091 2.868783950805664
2092 2.803999900817871
2093 2.644224166870117
2094 2.4545578956604004
2095 2.272916555404663
2096 2.268465757369995
2097 2.4366252422332764
2098 2.3019044399261475
2099 2.412975788116455
2100 2.2464723587036133
2101 2.2405998706817627
2102 2.2168593406677246
2103 2.3545243740081787
2104 2.402529239654541
2105 2.480386257171631
2106 2.43471622467041
2107 2.7201733589172363
2108 2.586669921875
2109 2.74001145362854
2110 2.9593911170959473
2111 3.063883066177368
2112 2.8312454223632813
2113 2.794157028198242
2114 2.9737446308135986
2115 2.8844058513641357
2116 2.872068405151367
2117 2.9512603282928467
2118 2.8288650512695313
2119 2.9277536869049072
2120 2.849053382873535
2121 3.1705892086029053
2122 3.3842074871063232
2123 3.1985137462615967
2124 3.4073355197906494
2125 3.388252019882202
2126 3.2151410579681396
2127 3.2251744270324707
2128 3.233698844909668
2129 3.1612257957458496
2130 3.4882524013519287
2131 3.292168378829956
2132 3.06372332572937
2133 2.9583728313446045
2134 2.921081781387329
2135 2.9491233825683594
2136 3.024122953414917
2137 2.8463492393493652
2138 2.942112922668457
2139 2.7956948280334473
2140 2.9873783588409424
2141 2.87678861618042
2142 2.8457071781158447
2143 2.7690041065216064
2144 2.5942978858947754
2145 2.6030871868133545
2146 2.5537431240081787
2147 2.403132915496826
2148 2.473466157913208
2149 2.6553287506103516
2150 2.7982017993927
2151 2.731309413909912
2152 2.6465396881103516
2153 2.683840274810791
2154 2.745194673538208
2155 2.746397018432617
2156 2.650787830352783
2157 2.8014626502990723
2158 2.6687028408050537
2159 2.515545129776001
2160 2.6191554069519043
2161 2.321427822113037
2162 2.3955464363098145
2163 2.409381866455078
2164 2.304856061935425
2165 2.187873363494873
2166 2.332287549972534
2167 2.630500078201294
2168 2.754861831665039
2169 2.6764371395111084
2170 2.7600040435791016
2171 2.983607053756714
2172 2.711042642593384
2173 2.896751880645752
2174 2.57370662689209
2175 2.5853936672210693
2176 2.8676092624664307
2177 2.646641969680786
2178 2.7593274116516113
2179 2.850618362426758
2180 2.7113516330718994
2181 2.6890718936920166
2182 2.547299385070801
2183 3.1642892360687256
2184 3.4066665172576904
2185 2.8370516300201416
2186 2.771533250808716
2187 2.7717928886413574
2188 2.9058725833892822
2189 3.0707643032073975
2190 2.862574577331543
2191 2.6827352046966553
2192 2.5284929275512695
2193 2.7450320720672607
2194 2.7774336338043213
2195 2.9808146953582764
2196 3.3085546493530273
2197 3.5696756839752197
2198 3.1655380725860596
2199 3.2657630443573
2200 3.1679039001464844
2201 2.9054033756256104
2202 2.894876718521118
2203 2.9246559143066406
2204 2.9997799396514893
2205 2.806993246078491
2206 3.066403388977051
2207 2.5634701251983643
2208 2.6095457077026367
2209 2.7319424152374268
2210 2.8980865478515625
2211 2.689329147338867
2212 2.655613660812378
2213 2.830204725265503
2214 3.122917652130127
2215 3.2313392162323
2216 2.8978075981140137
2217 3.0472915172576904
2218 3.2556777000427246
2219 3.253769874572754
2220 3.171224355697632
2221 3.241518497467041
2222 3.1777329444885254
2223 3.2189111709594727
2224 3.323805809020996
2225 3.329909324645996
2226 3.0552468299865723
2227 3.051469087600708
2228 2.999535083770752
2229 2.939701557159424
2230 3.1801040172576904
2231 3.533034324645996
2232 3.0871999263763428
2233 3.3298816680908203
2234 3.2323622703552246
2235 3.178715467453003
2236 3.5664916038513184
2237 3.521897554397583
2238 3.2752161026000977
2239 3.2578585147857666
2240 3.268376588821411
2241 3.0803966522216797
2242 3.22579288482666
2243 2.9644527435302734
2244 2.7497682571411133
2245 2.6042330265045166
2246 2.8377463817596436
2247 2.7226357460021973
2248 2.5026981830596924
2249 2.4791440963745117
2250 2.4678521156311035
2251 2.633936882019043
2252 2.4665958881378174
2253 2.6266098022460938
2254 2.9437522888183594
2255 2.862787961959839
2256 2.6467130184173584
2257 2.673179864883423
2258 2.5895893573760986
2259 2.5455281734466553
2260 2.576423168182373
2261 2.428972005844116
2262 2.309100866317749
2263 2.4257967472076416
2264 2.3740508556365967
2265 2.662144184112549
2266 2.688934087753296
2267 2.381459951400757
2268 2.3673083782196045
2269 2.4153475761413574
2270 2.34771728515625
2271 2.563925266265869
2272 2.4582877159118652
2273 2.6237547397613525
2274 2.5760488510131836
2275 2.74345064163208
2276 2.893394708633423
2277 2.8661065101623535
2278 3.0211400985717773
2279 3.4727675914764404
2280 3.4159679412841797
2281 3.3971498012542725
2282 3.0800392627716064
2283 2.8883233070373535
2284 2.7977652549743652
2285 2.907418727874756
2286 2.759960412979126
2287 3.169245958328247
2288 3.2615859508514404
2289 3.143409252166748
2290 3.0343546867370605
2291 3.061361312866211
2292 2.951266288757324
2293 2.9278414249420166
2294 2.976654052734375
2295 2.9112889766693115
2296 2.921586513519287
2297 2.745654344558716
2298 2.953066349029541
2299 2.557950496673584
2300 2.5345218181610107
2301 2.475318193435669
2302 2.9651360511779785
2303 2.8224964141845703
2304 2.347424268722534
2305 2.4170680046081543
2306 2.6470954418182373
2307 2.296027183532715
2308 2.0899486541748047
2309 2.113903760910034
2310 2.2616384029388428
2311 2.3091256618499756
2312 2.7075748443603516
2313 2.7645506858825684
2314 2.550753355026245
2315 2.812025547027588
2316 2.7716476917266846
2317 3.0160348415374756
2318 2.8403995037078857
2319 3.0788419246673584
2320 2.8520658016204834
2321 2.458340883255005
2322 2.4209742546081543
2323 2.4637694358825684
2324 2.2677676677703857
2325 2.217491388320923
2326 2.535841703414917
2327 2.2921483516693115
2328 2.4007019996643066
2329 2.3811728954315186
2330 2.378288507461548
2331 2.551024913787842
2332 2.431710720062256
2333 2.399794816970825
2334 2.6051008701324463
2335 2.6488535404205322
2336 2.6773195266723633
2337 2.7773842811584473
2338 2.462827682495117
2339 2.5660102367401123
2340 2.8910090923309326
2341 3.0230159759521484
2342 3.307766914367676
2343 3.086498975753784
2344 3.4726598262786865
2345 3.4291093349456787
2346 3.679047107696533
2347 3.2935194969177246
2348 3.1905224323272705
2349 3.1868700981140137
2350 2.872159719467163
2351 2.7906370162963867
2352 2.839155673980713
2353 2.7731423377990723
2354 2.8089733123779297
2355 2.831615924835205
2356 2.773536205291748
2357 2.8808724880218506
2358 2.8465869426727295
2359 2.848355770111084
2360 3.06003737449646
2361 3.093534469604492
2362 2.9075043201446533
2363 2.889042615890503
2364 2.441535711288452
2365 2.242480754852295
2366 2.131748676300049
2367 2.4039337635040283
2368 2.8314805030822754
2369 2.7106525897979736
2370 2.6603710651397705
2371 2.773259401321411
2372 2.791322708129883
2373 2.9362752437591553
2374 2.8228042125701904
2375 3.1867682933807373
2376 2.7072908878326416
2377 2.8134896755218506
2378 2.8495802879333496
2379 2.984744071960449
2380 2.962087869644165
2381 2.967212200164795
2382 3.2648444175720215
2383 3.273871660232544
2384 3.2061378955841064
2385 3.226048231124878
2386 2.990067481994629
2387 3.2141518592834473
2388 2.964233636856079
2389 2.8260951042175293
2390 3.005593776702881
2391 3.1528170108795166
2392 3.229567527770996
2393 3.147404670715332
2394 3.116816282272339
2395 2.9244728088378906
2396 3.122495651245117
2397 3.0549263954162598
2398 2.8116507530212402
2399 2.6936116218566895
2400 2.7289538383483887
2401 2.7946224212646484
2402 2.9273853302001953
2403 2.6613025665283203
2404 2.673978567123413
2405 2.858449697494507
2406 2.718092918395996
2407 2.28735089302063
2408 2.6338090896606445
2409 2.5247161388397217
2410 2.710822105407715
2411 3.034247875213623
2412 2.887559175491333
2413 2.8393938541412354
2414 2.606722116470337
2415 2.8959286212921143
2416 2.9327232837677
2417 3.136399030685425
2418 3.0360031127929688
2419 3.128037452697754
2420 3.0484063625335693
2421 3.0997731685638428
2422 3.240966320037842
2423 3.265223979949951
2424 3.119084119796753
2425 2.8319363594055176
2426 2.714420795440674
2427 2.787181854248047
2428 3.1648125648498535
2429 3.0707740783691406
2430 3.0781917572021484
2431 2.9089863300323486
2432 2.8715813159942627
2433 3.0314111709594727
2434 2.9465463161468506
2435 3.070160150527954
2436 3.0387001037597656
2437 3.0497922897338867
2438 3.050565004348755
2439 2.9143474102020264
2440 3.255448341369629
2441 3.2196483612060547
2442 3.2124478816986084
2443 2.949395179748535
2444 3.1207797527313232
2445 3.124880790710449
2446 3.171833038330078
2447 2.9670965671539307
2448 2.7938311100006104
2449 3.090885877609253
2450 2.7483625411987305
2451 3.008258104324341
2452 3.051238775253296
2453 2.893213987350464
2454 2.8534066677093506
2455 2.673949956893921
2456 2.6667897701263428
2457 2.610844373703003
2458 2.6115646362304688
2459 2.961474895477295
2460 2.7332699298858643
2461 2.8153061866760254
2462 2.8415355682373047
2463 2.63676118850708
2464 2.6635680198669434
2465 3.0131421089172363
2466 2.757643222808838
2467 2.6695897579193115
2468 3.060554265975952
2469 2.773510694503784
2470 2.5072150230407715
2471 2.479597806930542
2472 2.6226916313171387
2473 2.7919209003448486
2474 2.708451271057129
2475 2.542876958847046
2476 2.458035707473755
2477 2.664517402648926
2478 2.511507034301758
2479 2.5128097534179688
2480 2.5489988327026367
2481 2.5267560482025146
2482 2.416018009185791
2483 2.383188486099243
2484 2.4757986068725586
2485 2.3504889011383057
2486 2.5039987564086914
2487 2.447073221206665
2488 2.3206169605255127
2489 2.3168489933013916
2490 2.3642401695251465
2491 2.3819797039031982
2492 2.5187904834747314
2493 2.394822359085083
2494 2.460566520690918
2495 2.6639721393585205
2496 2.666745662689209
2497 2.5501675605773926
2498 2.6889593601226807
2499 2.550407648086548
2500 2.949437141418457
2501 2.7740423679351807
2502 2.572721004486084
2503 2.5388994216918945
2504 2.664519786834717
2505 2.511061906814575
2506 2.438981771469116
2507 2.242095947265625
2508 2.5800106525421143
2509 2.523071050643921
2510 2.3499577045440674
2511 2.446640729904175
2512 2.440765857696533
2513 2.882096767425537
2514 3.0476489067077637
2515 3.0778205394744873
2516 3.1407899856567383
2517 2.544635057449341
2518 2.6332178115844727
2519 2.5823538303375244
2520 2.622453451156616
2521 2.5647449493408203
2522 2.4743330478668213
2523 2.329158306121826
2524 2.239650011062622
2525 2.6544315814971924
2526 2.5013368129730225
2527 2.1606783866882324
2528 2.28772234916687
2529 2.222850799560547
2530 2.3636879920959473
2531 2.0746986865997314
2532 2.337501287460327
2533 2.5489437580108643
2534 2.6646056175231934
2535 2.6990139484405518
2536 2.5218734741210938
2537 2.7324047088623047
2538 2.6379709243774414
2539 2.2926039695739746
2540 2.2209255695343018
2541 2.331045389175415
2542 2.156311511993408
2543 2.1893203258514404
2544 2.355919122695923
2545 2.4401626586914063
2546 2.6355555057525635
2547 2.6145918369293213
2548 2.386307716369629
2549 2.40012264251709
2550 2.531837224960327
2551 2.4446823596954346
2552 2.5724172592163086
2553 2.5952203273773193
2554 2.637424945831299
2555 2.45002818107605
2556 2.4579572677612305
2557 2.621906042098999
2558 2.5518791675567627
2559 2.743264675140381
2560 3.072281837463379
2561 2.8380649089813232
2562 2.695801258087158
2563 2.5079007148742676
2564 2.2853705883026123
2565 2.245774745941162
2566 2.2591021060943604
2567 2.5716750621795654
2568 2.355437994003296
2569 2.3315656185150146
2570 2.691997766494751
2571 2.5495829582214355
2572 2.7319865226745605
2573 2.6243131160736084
2574 2.1945886611938477
2575 2.250295639038086
2576 2.5696566104888916
2577 2.459160804748535
2578 2.3125762939453125
2579 2.2692787647247314
2580 2.4319725036621094
2581 2.4368417263031006
2582 2.3878700733184814
2583 2.3952419757843018
2584 2.6922965049743652
2585 2.812842607498169
2586 3.005341053009033
2587 2.996461868286133
2588 3.0710396766662598
2589 3.1606557369232178
2590 2.723010540008545
2591 2.5122315883636475
2592 2.595447063446045
2593 2.4871604442596436
2594 2.8067803382873535
2595 2.960300922393799
2596 3.259998083114624
2597 3.1185719966888428
2598 3.1621265411376953
2599 3.216092109680176
2600 3.0312557220458984
2601 3.099505662918091
2602 2.997457981109619
2603 2.8783302307128906
2604 3.072129011154175
2605 3.160158395767212
2606 3.0576624870300293
2607 3.1320252418518066
2608 3.243910551071167
2609 2.9890143871307373
2610 3.246920108795166
2611 3.095942258834839
2612 3.121971607208252
2613 3.2465381622314453
2614 3.327789783477783
2615 3.144209146499634
2616 3.1919572353363037
2617 3.1693789958953857
2618 2.9447288513183594
2619 2.8821418285369873
2620 2.617119312286377
2621 2.4601023197174072
2622 2.7648274898529053
2623 2.950866222381592
2624 3.357736587524414
2625 3.327035903930664
2626 3.48538875579834
2627 3.307077169418335
2628 3.2209842205047607
2629 3.16851544380188
2630 2.966724157333374
2631 2.988067626953125
2632 3.269599676132202
2633 3.076068878173828
2634 2.987426280975342
2635 3.1525235176086426
2636 3.0036935806274414
2637 3.1405086517333984
2638 3.160046339035034
2639 2.92397403717041
2640 2.8043603897094727
2641 2.8859703540802
2642 3.1906898021698
2643 3.106353759765625
2644 2.8394861221313477
2645 3.0541725158691406
2646 2.927157163619995
2647 3.0496225357055664
2648 3.0469202995300293
2649 2.897862195968628
2650 2.8661935329437256
2651 2.820356607437134
2652 2.856095552444458
2653 2.7535665035247803
2654 3.032330274581909
2655 2.8485450744628906
2656 2.8153951168060303
2657 3.0574140548706055
2658 2.957432985305786
2659 2.776496171951294
2660 2.6988260746002197
2661 2.854111671447754
2662 2.8120203018188477
2663 2.8218226432800293
2664 2.9157910346984863
2665 2.9627082347869873
2666 3.200676202774048
2667 2.90160870552063
2668 2.9472591876983643
2669 2.8812577724456787
2670 2.91035795211792
2671 2.842772960662842
2672 2.6999008655548096
2673 2.8388864994049072
2674 2.8977389335632324
2675 2.7547054290771484
2676 2.7076339721679688
2677 2.6610605716705322
2678 2.990544319152832
2679 2.695448398590088
2680 2.7903692722320557
2681 2.8958444595336914
2682 2.9693667888641357
2683 3.172727346420288
2684 3.452707052230835
2685 3.501404285430908
2686 2.9916839599609375
2687 3.0401015281677246
2688 2.855210781097412
2689 2.948617458343506
2690 2.922959327697754
2691 2.963676929473877
2692 2.8783483505249023
2693 3.090691566467285
2694 3.14216685295105
2695 3.3310956954956055
2696 3.113002061843872
2697 2.5104939937591553
2698 2.46089243888855
2699 2.5878734588623047
2700 2.603661298751831
2701 2.9700958728790283
2702 2.799316167831421
2703 2.786372423171997
2704 2.6151466369628906
2705 2.7336032390594482
2706 2.6940670013427734
2707 2.614492416381836
2708 2.7258760929107666
2709 2.9369115829467773
2710 3.0883541107177734
2711 2.976118803024292
2712 2.7171783447265625
2713 3.0328750610351563
2714 2.7814741134643555
2715 3.1069164276123047
2716 3.2065834999084473
2717 2.9817025661468506
2718 2.896697998046875
2719 3.014864921569824
2720 3.150193452835083
2721 3.262437582015991
2722 3.1104252338409424
2723 3.215792417526245
2724 2.948345422744751
2725 3.303812026977539
2726 2.7303905487060547
2727 2.5727531909942627
2728 2.941965103149414
2729 3.1720688343048096
2730 3.3337044715881348
2731 3.129373073577881
2732 2.726207971572876
2733 2.7457354068756104
2734 2.473733901977539
2735 2.9488823413848877
2736 2.8232102394104004
2737 2.8695693016052246
2738 3.3803603649139404
2739 3.506502628326416
2740 3.7360305786132813
2741 3.3764889240264893
2742 2.887481689453125
2743 3.3977975845336914
2744 2.940953493118286
2745 2.992260217666626
2746 3.182826280593872
2747 3.2843031883239746
2748 3.6078569889068604
2749 3.5837509632110596
2750 3.9712114334106445
2751 3.492884874343872
2752 3.388791799545288
2753 3.1442770957946777
2754 3.2531259059906006
2755 3.1484875679016113
2756 2.994751214981079
2757 2.818730115890503
2758 2.5627989768981934
2759 2.7013916969299316
2760 2.7684082984924316
2761 2.528256893157959
2762 2.493760347366333
2763 2.5536279678344727
2764 2.6249375343322754
2765 2.5901105403900146
2766 2.8604609966278076
2767 2.738659143447876
2768 2.7250521183013916
2769 2.49515962600708
2770 2.5771045684814453
2771 2.6805460453033447
2772 2.8789546489715576
2773 2.5663890838623047
2774 2.448761463165283
2775 2.283766269683838
2776 2.48854660987854
2777 2.598576307296753
2778 2.69089674949646
2779 2.9065639972686768
2780 3.0928003787994385
2781 3.0390965938568115
2782 3.0060312747955322
2783 2.591627597808838
2784 2.9704606533050537
2785 2.620802164077759
2786 2.8510806560516357
2787 2.724871873855591
2788 2.7236666679382324
2789 3.03739070892334
2790 2.814654588699341
2791 2.8157155513763428
2792 2.8092617988586426
2793 2.7439236640930176
2794 2.6042730808258057
2795 2.6627774238586426
2796 2.5964605808258057
2797 2.5966005325317383
2798 2.395493984222412
2799 2.4177305698394775
2800 2.504446268081665
2801 2.8288328647613525
2802 2.5783252716064453
2803 2.427079916000366
2804 2.621217966079712
2805 2.9607532024383545
2806 2.992568254470825
2807 2.964055299758911
2808 2.950129985809326
2809 2.7839293479919434
2810 2.709015369415283
2811 2.5502753257751465
2812 2.8978259563446045
2813 2.902162551879883
2814 2.9876081943511963
2815 2.939371347427368
2816 2.76131272315979
2817 2.8818867206573486
2818 2.6395645141601563
2819 2.6573498249053955
2820 2.69999623298645
2821 2.659663438796997
2822 2.763415813446045
2823 2.5554654598236084
2824 2.4218220710754395
2825 2.4461426734924316
2826 2.837705373764038
2827 2.6248700618743896
2828 2.6091771125793457
2829 2.715879440307617
2830 2.561783790588379
2831 2.7219927310943604
2832 3.0378174781799316
2833 2.8172526359558105
2834 2.6567327976226807
2835 2.686021566390991
2836 2.7239463329315186
2837 2.88495135307312
2838 3.004225015640259
2839 3.0656862258911133
2840 3.259542465209961
2841 2.834660530090332
2842 3.0863537788391113
2843 3.015674114227295
2844 2.8199384212493896
2845 2.995361804962158
2846 3.064716100692749
2847 3.4619202613830566
2848 3.291879177093506
2849 3.3455607891082764
2850 3.1252195835113525
2851 3.4397196769714355
2852 3.510770320892334
2853 3.135972499847412
2854 3.0390396118164063
2855 3.072507619857788
2856 3.271301507949829
2857 3.106764078140259
2858 3.1360437870025635
2859 3.2879021167755127
2860 3.26265287399292
2861 2.944720983505249
2862 3.1969878673553467
2863 3.0452334880828857
2864 2.994659185409546
2865 2.9096312522888184
2866 3.103349447250366
2867 3.0914485454559326
2868 3.349893808364868
2869 2.9406778812408447
2870 3.0038928985595703
2871 3.2350895404815674
2872 3.6190998554229736
2873 3.7839419841766357
2874 3.4625096321105957
2875 3.598393201828003
2876 3.4713451862335205
2877 2.961416006088257
2878 3.304638385772705
2879 3.4509496688842773
2880 2.9559805393218994
2881 2.9778730869293213
2882 3.3037993907928467
2883 3.2463228702545166
2884 2.9369759559631348
2885 3.2352452278137207
2886 3.458240509033203
2887 3.470813274383545
2888 3.612847089767456
2889 3.3316285610198975
2890 3.300053596496582
2891 3.2764194011688232
2892 3.277377128601074
2893 3.6845703125
2894 3.7717111110687256
2895 3.771791458129883
2896 3.6670641899108887
2897 3.3595335483551025
2898 3.122985601425171
2899 3.2937238216400146
2900 3.4669313430786133
2901 3.560598611831665
2902 3.8509325981140137
2903 3.6813089847564697
2904 3.47550106048584
2905 3.4615159034729004
2906 3.375356674194336
2907 3.253652811050415
2908 3.326228618621826
2909 3.119997262954712
2910 3.2550759315490723
2911 3.3967268466949463
2912 3.5433082580566406
2913 3.5788276195526123
2914 3.6807475090026855
2915 3.570234537124634
2916 3.6449639797210693
2917 3.8047921657562256
2918 4.225402355194092
2919 3.831982374191284
2920 3.4927377700805664
2921 3.5423648357391357
2922 3.85854434967041
2923 4.011437892913818
2924 3.9497735500335693
2925 3.909726142883301
2926 3.773777723312378
2927 3.8272013664245605
2928 3.5909759998321533
2929 3.410466432571411
2930 3.4728901386260986
2931 3.4277257919311523
2932 3.3626537322998047
2933 3.2957048416137695
2934 3.487844944000244
2935 3.22367525100708
2936 3.320033550262451
2937 3.4505279064178467
2938 3.8078439235687256
2939 3.5967605113983154
2940 3.6285605430603027
2941 3.881941795349121
2942 3.7009077072143555
2943 3.446112871170044
2944 4.26963996887207
2945 4.1960577964782715
2946 3.718085527420044
2947 3.6366991996765137
2948 3.4417712688446045
2949 3.4526772499084473
2950 3.453235626220703
2951 3.205726385116577
2952 3.555893898010254
2953 3.2762744426727295
2954 3.262251853942871
2955 3.017876386642456
2956 2.859090566635132
2957 3.05851674079895
2958 3.047440767288208
2959 3.044537305831909
2960 3.206437349319458
2961 3.540358066558838
2962 3.3616788387298584
2963 3.006033182144165
2964 3.048069715499878
2965 2.9060561656951904
2966 3.066056251525879
2967 3.113389253616333
2968 3.668259382247925
2969 3.480278968811035
2970 3.258971691131592
2971 3.3087527751922607
2972 2.5564920902252197
2973 2.6393325328826904
2974 2.471437931060791
2975 2.7673747539520264
2976 2.652163505554199
2977 2.691772937774658
2978 2.5733649730682373
2979 2.95280122756958
2980 2.698577642440796
2981 2.8762784004211426
2982 2.595691680908203
2983 2.440718650817871
2984 2.358226776123047
2985 2.617431402206421
2986 2.6111061573028564
2987 2.56014084815979
2988 2.539440870285034
2989 2.409130334854126
2990 2.177380084991455
2991 2.208984613418579
2992 2.3993418216705322
2993 2.192145824432373
2994 2.4698662757873535
2995 2.6062684059143066
2996 2.575201988220215
2997 2.9628586769104004
2998 2.5841586589813232
2999 2.8052010536193848
3000 2.6204886436462402
3001 2.892162561416626
3002 3.0663132667541504
3003 3.0567095279693604
3004 2.9940171241760254
3005 3.1473095417022705
3006 2.919895648956299
3007 2.8054661750793457
3008 2.911195755004883
3009 2.7244744300842285
3010 2.785128593444824
3011 2.8425207138061523
3012 2.862267017364502
3013 2.8642570972442627
3014 2.979261636734009
3015 2.935772657394409
3016 2.75156569480896
3017 2.6987245082855225
3018 2.966703176498413
3019 2.853473424911499
3020 2.898390531539917
3021 2.689896583557129
3022 2.6751298904418945
3023 2.716702699661255
3024 2.7234644889831543
3025 2.58659029006958
3026 2.582749605178833
3027 2.6487131118774414
3028 2.759709119796753
3029 2.9975383281707764
3030 2.756521224975586
3031 3.0970840454101563
3032 2.7323861122131348
3033 2.8470282554626465
3034 2.68688702583313
3035 2.3454012870788574
3036 2.4604570865631104
3037 2.792009115219116
3038 2.3689792156219482
3039 2.446371555328369
3040 2.380892515182495
3041 2.233696937561035
3042 2.1488540172576904
3043 2.6238889694213867
3044 2.322467565536499
3045 2.44620418548584
3046 2.437668561935425
3047 2.3965282440185547
3048 2.534261465072632
3049 2.7297065258026123
3050 2.805539608001709
3051 2.958707094192505
3052 2.9618077278137207
3053 2.989194869995117
3054 2.867111921310425
3055 3.0602142810821533
3056 3.1823761463165283
3057 3.101548910140991
3058 3.0753209590911865
3059 3.1864511966705322
3060 3.0504941940307617
3061 3.0806386470794678
3062 3.0487067699432373
3063 3.1713626384735107
3064 3.2721636295318604
3065 3.2564423084259033
3066 2.937793016433716
3067 3.0247879028320313
3068 3.0432016849517822
3069 2.981001853942871
3070 3.005276918411255
3071 3.1814188957214355
3072 3.341214895248413
3073 3.1216940879821777
3074 3.076253890991211
3075 2.980781316757202
3076 3.3335039615631104
3077 3.187765598297119
3078 3.271446466445923
3079 3.182142496109009
3080 3.5459580421447754
3081 3.3142759799957275
3082 3.063276767730713
3083 2.999561071395874
3084 2.842376470565796
3085 3.066481828689575
3086 3.124267816543579
3087 3.398185968399048
3088 3.6725845336914063
3089 3.545668840408325
3090 3.513021230697632
3091 3.3475215435028076
3092 3.4516677856445313
3093 3.279029607772827
3094 3.3445982933044434
3095 3.375974416732788
3096 3.6974589824676514
3097 3.946467876434326
3098 3.9958622455596924
3099 4.09818172454834
3100 3.6909894943237305
3101 3.488086700439453
3102 3.0782458782196045
3103 3.099846601486206
3104 3.258888006210327
3105 3.563448905944824
3106 3.934098482131958
3107 4.09705924987793
3108 4.3691725730896
3109 3.9361636638641357
3110 3.8643462657928467
3111 4.140133857727051
3112 3.866828680038452
3113 3.6303768157958984
3114 3.5747768878936768
3115 2.9195749759674072
3116 3.040485382080078
3117 2.7276947498321533
3118 2.8027944564819336
3119 2.9851913452148438
3120 2.8262505531311035
3121 2.8724935054779053
3122 3.1603245735168457
3123 3.5020995140075684
3124 3.4993197917938232
3125 3.3926777839660645
3126 3.236560821533203
3127 2.9886298179626465
3128 2.8794572353363037
3129 3.2222135066986084
3130 3.4736828804016113
3131 3.709317207336426
3132 3.5578129291534424
3133 3.716310501098633
3134 3.6857447624206543
3135 3.5911645889282227
3136 3.5549020767211914
3137 3.5069148540496826
3138 3.202779531478882
3139 3.1026480197906494
3140 3.116243600845337
3141 2.663799285888672
3142 2.7107157707214355
3143 2.910428047180176
3144 2.9351954460144043
3145 2.916440963745117
3146 2.8754093647003174
3147 2.6314008235931396
3148 2.67156982421875
3149 2.6281514167785645
3150 2.597885847091675
3151 2.743898630142212
3152 2.814528465270996
3153 2.7522072792053223
3154 2.767202138900757
3155 2.8810555934906006
3156 2.7559633255004883
3157 2.741062641143799
3158 2.841914176940918
3159 3.17219614982605
3160 3.1755781173706055
3161 3.009387493133545
3162 3.1031079292297363
3163 2.960261344909668
3164 2.655200242996216
3165 2.7263810634613037
3166 2.7547450065612793
3167 2.5775160789489746
3168 2.4999587535858154
3169 2.3791403770446777
3170 2.5586905479431152
3171 2.7600257396698
3172 3.0897903442382813
3173 2.721487283706665
3174 2.635737419128418
3175 2.9406681060791016
3176 2.8864877223968506
3177 3.1384503841400146
3178 3.0594382286071777
3179 3.2320494651794434
3180 3.318938970565796
3181 3.325348377227783
3182 3.3285558223724365
3183 3.382944345474243
3184 3.165266513824463
3185 2.970522165298462
3186 2.9860358238220215
3187 3.368302583694458
3188 3.1729936599731445
3189 3.4313182830810547
3190 3.2741005420684814
3191 2.785191535949707
3192 2.8613674640655518
3193 3.062180280685425
3194 2.8647124767303467
3195 2.866926431655884
3196 2.7000038623809814
3197 2.912104845046997
3198 2.8453290462493896
3199 2.634695529937744
3200 2.5673229694366455
3201 2.5203046798706055
3202 2.74185848236084
3203 2.5868213176727295
3204 2.705657720565796
3205 2.7681779861450195
3206 2.8271875381469727
3207 2.9221689701080322
3208 2.9107255935668945
3209 2.838958978652954
3210 2.9680428504943848
3211 3.318211793899536
3212 3.310051679611206
3213 3.691157341003418
3214 3.853832960128784
3215 3.9652862548828125
3216 4.463541030883789
3217 4.271855354309082
3218 3.9351565837860107
3219 3.949547052383423
3220 3.728649854660034
3221 3.6608564853668213
3222 3.6328089237213135
3223 3.6155762672424316
3224 3.7159924507141113
3225 3.423123836517334
3226 3.593811273574829
3227 3.647467851638794
3228 3.3517496585845947
3229 3.485729932785034
3230 3.5884029865264893
3231 3.934882879257202
3232 4.055846691131592
3233 4.089072227478027
3234 3.924294948577881
3235 3.8350961208343506
3236 3.5123682022094727
3237 3.3277814388275146
3238 3.5031471252441406
3239 3.2251174449920654
3240 3.3228626251220703
3241 3.4113075733184814
3242 3.2507941722869873
3243 3.226076602935791
3244 3.034660816192627
3245 2.874250650405884
3246 3.086880922317505
3247 3.1893420219421387
3248 3.326174736022949
3249 3.562455177307129
3250 3.333242654800415
3251 3.402747392654419
3252 3.004092216491699
3253 2.8797919750213623
3254 2.6680068969726563
3255 2.8259458541870117
3256 2.7184457778930664
3257 2.7076525688171387
3258 2.916677236557007
3259 2.6662850379943848
3260 2.696730375289917
3261 2.892672538757324
3262 2.9863221645355225
3263 2.946074962615967
3264 2.8137474060058594
3265 2.578268051147461
3266 2.7062244415283203
3267 2.7339823246002197
3268 2.7099273204803467
3269 3.0426151752471924
3270 3.07362961769104
3271 3.141977310180664
3272 2.996713876724243
3273 3.1283116340637207
3274 3.1211061477661133
3275 3.229917049407959
3276 3.0341835021972656
3277 2.895860433578491
3278 3.0173044204711914
3279 2.798516273498535
3280 2.7238240242004395
3281 2.7975051403045654
3282 2.956721067428589
3283 3.2052042484283447
3284 3.1749167442321777
3285 2.914177894592285
3286 2.843468189239502
3287 2.853849172592163
3288 2.8715054988861084
3289 2.939544677734375
3290 2.836779832839966
3291 2.7834551334381104
3292 3.0069801807403564
3293 3.1437113285064697
3294 2.9236602783203125
3295 2.920909881591797
3296 2.8379147052764893
3297 2.8942883014678955
3298 3.1920979022979736
3299 3.1451961994171143
3300 3.0662972927093506
3301 3.0818493366241455
3302 3.2809691429138184
3303 3.233598470687866
3304 3.2604339122772217
3305 3.3157076835632324
3306 3.8247296810150146
3307 3.545015573501587
3308 3.134409189224243
3309 3.5012526512145996
3310 3.043498992919922
3311 3.161898612976074
3312 3.0281829833984375
3313 3.143254518508911
3314 3.2767579555511475
3315 2.8924448490142822
3316 2.8250904083251953
3317 2.7156853675842285
3318 3.0542047023773193
3319 3.2408738136291504
3320 2.906981945037842
3321 3.03902006149292
3322 3.330758571624756
3323 3.1241872310638428
3324 3.043065071105957
3325 2.9817395210266113
3326 3.1972904205322266
3327 3.0978281497955322
3328 3.2064855098724365
3329 3.246177911758423
3330 3.3007872104644775
3331 3.413512945175171
3332 3.5999231338500977
3333 3.632504463195801
3334 3.760303497314453
3335 4.037674427032471
3336 4.022778511047363
3337 3.8150746822357178
3338 3.773026704788208
3339 3.742448329925537
3340 3.517047166824341
3341 3.492220878601074
3342 3.386990785598755
3343 3.1641085147857666
3344 3.139955759048462
3345 3.1933159828186035
3346 3.111419200897217
3347 2.9819440841674805
3348 2.859107255935669
3349 3.25858736038208
3350 3.038313388824463
3351 3.3667142391204834
3352 3.515859842300415
3353 3.3355329036712646
3354 3.297694206237793
3355 3.4432520866394043
3356 3.3771579265594482
3357 3.139179229736328
3358 3.0361173152923584
3359 3.0755021572113037
3360 3.120556116104126
3361 3.1147396564483643
3362 2.833467721939087
3363 3.347921371459961
3364 3.404977321624756
3365 3.5351507663726807
3366 3.90089750289917
3367 4.363307476043701
3368 3.7581677436828613
3369 3.4903440475463867
3370 3.3134846687316895
3371 3.3776917457580566
3372 3.310153007507324
3373 3.029355049133301
3374 2.737327814102173
3375 2.7133948802948
3376 2.813709259033203
3377 2.802659273147583
3378 2.762308120727539
3379 2.8708527088165283
3380 2.8068947792053223
3381 2.7466979026794434
3382 2.968369245529175
3383 3.2111620903015137
3384 3.16046142578125
3385 2.8998708724975586
3386 3.031708002090454
3387 3.2380495071411133
3388 2.8323850631713867
3389 3.1709787845611572
3390 3.265244722366333
3391 3.379889488220215
3392 3.3133981227874756
3393 3.528654098510742
3394 3.6029703617095947
3395 3.663567066192627
3396 3.4072134494781494
3397 3.2032856941223145
3398 3.432968854904175
3399 3.430924415588379
3400 3.351029634475708
3401 3.335095167160034
3402 3.491189956665039
3403 3.306417226791382
3404 2.7628166675567627
3405 2.928640365600586
3406 2.8677234649658203
3407 2.8991096019744873
3408 2.640714645385742
3409 2.794567584991455
3410 2.599429130554199
3411 3.079360246658325
3412 3.0028278827667236
3413 3.4428493976593018
3414 3.4744174480438232
3415 3.2972605228424072
3416 3.3687164783477783
3417 3.331389904022217
3418 3.535257339477539
3419 3.137139320373535
3420 2.8073134422302246
3421 2.532155990600586
3422 3.010446548461914
3423 2.8064165115356445
3424 3.254309892654419
3425 2.9441545009613037
3426 3.275951385498047
3427 3.619023561477661
3428 3.2558207511901855
3429 3.0856804847717285
3430 2.9378085136413574
3431 3.0971574783325195
3432 3.065749168395996
3433 3.166715145111084
3434 3.433352470397949
3435 3.0973408222198486
3436 3.3125181198120117
3437 3.1802995204925537
3438 3.2986156940460205
3439 3.178534507751465
3440 3.1094770431518555
3441 2.9736809730529785
3442 3.244049310684204
3443 3.0417258739471436
3444 3.2302005290985107
3445 2.9469099044799805
3446 3.0844738483428955
3447 3.1956751346588135
3448 2.946510076522827
3449 3.0309412479400635
3450 3.1794610023498535
3451 3.3677608966827393
3452 3.4349563121795654
3453 3.5263450145721436
3454 3.4340314865112305
3455 3.4464612007141113
3456 3.577411651611328
3457 3.368184804916382
3458 3.1443755626678467
3459 2.9874353408813477
3460 2.844271659851074
3461 3.12693190574646
3462 3.0989694595336914
3463 3.124307870864868
3464 2.902899742126465
3465 3.0899879932403564
3466 3.5617613792419434
3467 3.7668814659118652
3468 3.33622670173645
3469 3.3643805980682373
3470 2.9801676273345947
3471 3.1273610591888428
3472 3.2223494052886963
3473 3.525881290435791
3474 3.345925807952881
3475 3.2052297592163086
3476 3.15317702293396
3477 3.3455467224121094
3478 3.1407861709594727
3479 2.940762519836426
3480 2.6930949687957764
3481 2.9838712215423584
3482 3.02191162109375
3483 2.777557849884033
3484 2.8031067848205566
3485 3.286984443664551
3486 3.035233736038208
3487 3.2034003734588623
3488 3.1687610149383545
3489 3.237621307373047
3490 2.905263662338257
3491 2.6509878635406494
3492 2.5272316932678223
3493 2.674070119857788
3494 2.9664223194122314
3495 2.9898908138275146
3496 3.4755947589874268
3497 3.0109426975250244
3498 2.7189693450927734
3499 2.9685842990875244
3500 2.9005725383758545
3501 2.6153564453125
3502 2.5002481937408447
3503 2.415241241455078
3504 2.670380115509033
3505 2.6634228229522705
3506 2.612239122390747
3507 2.6791887283325195
3508 2.721642255783081
3509 2.6523683071136475
3510 2.6078131198883057
3511 2.53696346282959
3512 2.4280340671539307
3513 2.577869415283203
3514 2.8071908950805664
3515 2.9066548347473145
3516 2.8032901287078857
3517 2.6997616291046143
3518 2.5912222862243652
3519 2.47996187210083
3520 2.5089797973632813
3521 2.5037896633148193
3522 2.7511422634124756
3523 2.917480707168579
3524 2.7931509017944336
3525 3.1645700931549072
3526 3.1865413188934326
3527 2.9132332801818848
3528 3.051910877227783
3529 3.098388195037842
3530 2.9479355812072754
3531 2.716191291809082
3532 2.5451712608337402
3533 2.574007749557495
3534 2.705157995223999
3535 2.587526321411133
3536 2.532625675201416
3537 2.4252371788024902
3538 2.2671656608581543
3539 2.4273808002471924
3540 2.3621625900268555
3541 2.4190919399261475
3542 2.5481748580932617
3543 2.588491678237915
3544 2.484027624130249
3545 2.6679325103759766
3546 2.9917216300964355
3547 2.7486889362335205
3548 2.764310598373413
3549 2.564673662185669
3550 2.741135358810425
3551 2.708514928817749
3552 2.780229330062866
3553 2.9778330326080322
3554 2.6901490688323975
3555 3.025470018386841
3556 2.9631829261779785
3557 3.1471362113952637
3558 3.635901689529419
3559 3.4755523204803467
3560 3.682088613510132
3561 3.277972459793091
3562 3.3315513134002686
3563 3.63669753074646
3564 3.294895648956299
3565 3.01589035987854
3566 2.879711866378784
3567 3.300031900405884
3568 3.4502971172332764
3569 3.5441319942474365
3570 3.4128293991088867
3571 3.6190640926361084
3572 3.5621628761291504
3573 3.320967435836792
3574 3.6229805946350098
3575 3.5882270336151123
3576 3.8539695739746094
3577 3.6184301376342773
3578 3.508559226989746
3579 3.6331400871276855
3580 3.7666802406311035
3581 3.4842257499694824
3582 3.4956748485565186
3583 3.337908983230591
3584 3.5328383445739746
3585 3.2364273071289063
3586 3.241541862487793
3587 3.5056865215301514
3588 3.259852170944214
3589 3.4362056255340576
3590 3.330109119415283
3591 3.4680912494659424
3592 3.406975746154785
3593 3.1453094482421875
3594 3.2284140586853027
3595 3.1278536319732666
3596 3.2253172397613525
3597 3.183462142944336
3598 2.643828868865967
3599 2.9129488468170166
3600 3.1851730346679688
3601 3.311992645263672
3602 3.2946953773498535
3603 3.161553382873535
3604 3.1707370281219482
3605 3.4272549152374268
3606 3.3533194065093994
3607 3.457211971282959
3608 3.3471932411193848
3609 3.284050703048706
3610 2.9002764225006104
3611 2.762082576751709
3612 2.7021312713623047
3613 2.506490707397461
3614 2.6451187133789063
3615 2.7438557147979736
3616 2.732038974761963
3617 2.7933642864227295
3618 2.9394772052764893
3619 2.9187092781066895
3620 2.6988797187805176
3621 2.687955617904663
3622 2.942758321762085
3623 3.1139466762542725
3624 3.202664375305176
3625 3.187570810317993
3626 2.9049367904663086
3627 3.1106672286987305
3628 2.9870474338531494
3629 2.8322882652282715
3630 3.169097661972046
3631 3.0981459617614746
3632 3.1328396797180176
3633 3.34041428565979
3634 3.012991428375244
3635 3.3014495372772217
3636 3.5517539978027344
3637 3.2020974159240723
3638 3.406935453414917
3639 3.590371608734131
3640 3.3132901191711426
3641 3.203791618347168
3642 3.3418705463409424
3643 3.4120850563049316
3644 3.0762767791748047
3645 2.870986223220825
3646 3.490795135498047
3647 3.6606218814849854
3648 3.3174915313720703
3649 3.5703861713409424
3650 3.5012025833129883
3651 3.4433391094207764
3652 3.136195659637451
3653 3.05360746383667
3654 3.171315908432007
3655 3.457001209259033
3656 3.541067361831665
3657 3.4002726078033447
3658 3.5521798133850098
3659 3.368037462234497
3660 3.117966651916504
3661 3.420023202896118
3662 3.4486799240112305
3663 3.2493367195129395
3664 3.3747448921203613
3665 3.2974205017089844
3666 3.486499547958374
3667 3.4870216846466064
3668 3.4286532402038574
3669 3.3720219135284424
3670 3.370626211166382
3671 2.9664361476898193
3672 3.2208940982818604
3673 3.4027822017669678
3674 3.1491620540618896
3675 3.4148173332214355
3676 3.2604105472564697
3677 3.2168567180633545
3678 3.6132442951202393
3679 3.2887752056121826
3680 3.0710346698760986
3681 3.0575664043426514
3682 3.117918014526367
3683 3.282956123352051
3684 3.147461175918579
3685 3.333263397216797
3686 3.2637007236480713
3687 3.3297653198242188
3688 3.26962947845459
3689 3.102421522140503
3690 3.14737606048584
3691 3.4526760578155518
3692 3.3311398029327393
3693 3.3932511806488037
3694 3.474060297012329
3695 3.742286205291748
3696 3.840165615081787
3697 3.6278672218322754
3698 3.8410720825195313
3699 3.673877716064453
3700 3.4564340114593506
3701 2.843966007232666
3702 2.936100482940674
3703 3.079671859741211
3704 3.242326498031616
3705 3.532973527908325
3706 3.3098256587982178
3707 3.421649694442749
3708 3.167412281036377
3709 3.0805020332336426
3710 2.8781583309173584
3711 3.062291145324707
3712 3.160038471221924
3713 3.810689926147461
3714 3.63567852973938
3715 3.789355754852295
3716 3.5704686641693115
3717 3.657313823699951
3718 3.4830973148345947
3719 3.4545156955718994
3720 3.3458731174468994
3721 3.074465274810791
3722 3.2357492446899414
3723 3.0479373931884766
3724 3.040393114089966
3725 3.1500236988067627
3726 3.2141497135162354
3727 3.248283624649048
3728 3.572253942489624
3729 3.291945457458496
3730 3.3173129558563232
3731 3.2235183715820313
3732 3.1418535709381104
3733 3.3746023178100586
3734 3.481245517730713
3735 3.333690643310547
3736 3.272594451904297
3737 3.3762199878692627
3738 3.433628797531128
3739 3.568866491317749
3740 3.353642225265503
3741 3.3192431926727295
3742 3.262953758239746
3743 3.628589153289795
3744 3.4444029331207275
3745 3.560361862182617
3746 3.2307634353637695
3747 3.1135551929473877
3748 3.0293476581573486
3749 3.1408755779266357
3750 3.278533935546875
3751 3.348984718322754
3752 3.4108686447143555
3753 3.8309853076934814
3754 4.113423824310303
3755 3.8239428997039795
3756 3.5271739959716797
3757 3.4011001586914063
3758 3.457185983657837
3759 3.5852878093719482
3760 3.4211552143096924
3761 3.723163366317749
3762 4.26005220413208
3763 4.118926525115967
3764 4.138946533203125
3765 4.236149311065674
3766 4.173287391662598
3767 4.2339019775390625
3768 4.505962371826172
3769 4.691999435424805
3770 4.3489766120910645
3771 4.632859230041504
3772 4.508965015411377
3773 4.309076309204102
3774 4.062255382537842
3775 4.041857719421387
3776 3.9519846439361572
3777 4.2473907470703125
3778 4.200143814086914
3779 3.8222382068634033
3780 4.066295623779297
3781 3.7624001502990723
3782 3.674969434738159
3783 3.461895704269409
3784 3.422734022140503
3785 3.5242350101470947
3786 3.244253635406494
3787 3.2375519275665283
3788 3.2048745155334473
3789 3.047650098800659
3790 3.2848310470581055
3791 3.514268636703491
3792 3.5302677154541016
3793 3.4255800247192383
3794 3.2848875522613525
3795 3.3484692573547363
3796 3.618411064147949
3797 3.7305967807769775
3798 3.4270787239074707
3799 3.634895086288452
3800 3.996250867843628
3801 3.556591510772705
3802 3.29787015914917
3803 3.74611759185791
3804 3.768322229385376
3805 4.040719509124756
3806 4.007533550262451
3807 4.09780216217041
3808 4.083104133605957
3809 4.114351272583008
3810 4.062020778656006
3811 3.9178876876831055
3812 3.839543581008911
3813 3.5410420894622803
3814 3.234940767288208
3815 3.0691583156585693
3816 3.1919617652893066
3817 3.220402240753174
3818 3.4983506202697754
3819 3.520139694213867
3820 3.643080949783325
3821 3.745007038116455
3822 3.5387086868286133
3823 3.433016777038574
3824 3.6538567543029785
3825 3.5560874938964844
3826 3.4371211528778076
3827 3.4962422847747803
3828 3.647615671157837
3829 3.6761584281921387
3830 3.676393747329712
3831 3.484048843383789
3832 3.684845209121704
3833 3.3865137100219727
3834 3.427647590637207
3835 3.584437847137451
3836 3.398874521255493
3837 3.513105630874634
3838 3.5682833194732666
3839 3.162647008895874
3840 3.1825594902038574
3841 3.318585157394409
3842 3.4949874877929688
3843 3.587207078933716
3844 3.5342254638671875
3845 3.503269672393799
3846 3.445279836654663
3847 3.9091641902923584
3848 3.7030763626098633
3849 3.811699628829956
3850 3.6580700874328613
3851 3.524229049682617
3852 3.5480644702911377
3853 3.3434839248657227
3854 3.1822755336761475
3855 3.093189001083374
3856 2.8729708194732666
3857 2.868685722351074
3858 2.9053268432617188
3859 2.938567876815796
3860 3.252634048461914
3861 3.362626314163208
3862 3.3038365840911865
3863 3.2109968662261963
3864 2.879229784011841
3865 3.12762713432312
3866 3.0100178718566895
3867 3.137676477432251
3868 3.257981777191162
3869 3.122023344039917
3870 2.807039260864258
3871 2.7818493843078613
3872 2.855637311935425
3873 3.0717294216156006
3874 2.9336607456207275
3875 3.2477338314056396
3876 3.1671841144561768
3877 3.0516676902770996
3878 3.382741928100586
3879 3.1062982082366943
3880 3.507786512374878
3881 3.340693473815918
3882 3.65004563331604
3883 3.72037672996521
3884 3.7782373428344727
3885 3.685020923614502
3886 3.801266670227051
3887 3.2769463062286377
3888 3.3894152641296387
3889 3.230592727661133
3890 3.485403060913086
3891 3.548448085784912
3892 3.3657162189483643
3893 3.1239562034606934
3894 3.0821218490600586
3895 2.9188830852508545
3896 2.9118080139160156
3897 2.894674301147461
3898 2.9752540588378906
3899 2.8131027221679688
3900 2.6958017349243164
3901 2.796477794647217
3902 2.945680856704712
3903 2.978715658187866
3904 2.9513611793518066
3905 3.0466341972351074
3906 2.897310256958008
3907 3.445899724960327
3908 3.1645169258117676
3909 2.9990785121917725
3910 2.6941864490509033
3911 2.940383195877075
3912 2.7476730346679688
3913 2.614349842071533
3914 2.8418326377868652
3915 2.9284441471099854
3916 3.163562774658203
3917 3.3969218730926514
3918 3.0792794227600098
3919 3.383803606033325
3920 3.5562896728515625
3921 3.2947299480438232
3922 3.5500128269195557
3923 3.579566240310669
3924 3.7088894844055176
3925 3.9252099990844727
3926 3.8257205486297607
3927 3.753988742828369
3928 3.780684232711792
3929 3.7434208393096924
3930 3.7697343826293945
3931 3.517441749572754
3932 3.5100183486938477
3933 3.2347521781921387
3934 3.2410285472869873
3935 3.0637922286987305
3936 3.045809268951416
3937 3.285977363586426
3938 3.0220813751220703
3939 3.0053911209106445
3940 3.096221923828125
3941 3.1854138374328613
3942 3.0066418647766113
3943 2.888727903366089
3944 3.0335569381713867
3945 3.3026158809661865
3946 3.380500316619873
3947 3.495220899581909
3948 3.4908714294433594
3949 3.433603286743164
3950 2.8992812633514404
3951 2.6086559295654297
3952 2.8394277095794678
3953 2.8007094860076904
3954 2.9175212383270264
3955 3.3652024269104004
3956 3.3516814708709717
3957 3.3003315925598145
3958 3.293822765350342
3959 3.645935535430908
3960 3.6116714477539063
3961 3.45908522605896
3962 3.5192787647247314
3963 3.521113157272339
3964 3.1743056774139404
3965 3.1308422088623047
3966 3.2367238998413086
3967 3.073740005493164
3968 3.07550311088562
3969 3.1485414505004883
3970 3.3338630199432373
3971 3.490224599838257
3972 3.450336217880249
3973 3.613471746444702
3974 3.502768039703369
3975 3.5038669109344482
3976 3.4746315479278564
3977 3.4309966564178467
3978 3.3261094093322754
3979 3.8014309406280518
3980 3.5589730739593506
3981 3.2555348873138428
3982 3.337089776992798
3983 3.4038445949554443
3984 3.3377809524536133
3985 3.4981367588043213
3986 3.2281627655029297
3987 3.016648054122925
3988 3.221346616744995
3989 3.494096517562866
3990 3.314687967300415
3991 3.0089659690856934
3992 3.182619094848633
3993 3.645977258682251
3994 3.130613327026367
3995 3.0874669551849365
3996 2.933171033859253
3997 2.8074893951416016
3998 2.6669538021087646
3999 2.807497024536133
