# Frame Protein_DNA_total_backbone_RMSD_Angstrom
0 0.0
1 1.1905860900878906
2 1.1385576725006104
3 1.1972172260284424
4 1.1245752573013306
5 1.2993160486221313
6 1.3544719219207764
7 1.6745493412017822
8 1.8073382377624512
9 1.606616735458374
10 1.5751745700836182
11 1.5589051246643066
12 2.0169289112091064
13 2.0852348804473877
14 2.2748208045959473
15 2.206285238265991
16 1.8530231714248657
17 2.222651243209839
18 2.240316152572632
19 2.0506935119628906
20 2.247417449951172
21 2.514382839202881
22 2.1002278327941895
23 2.221431016921997
24 2.1479239463806152
25 1.855517029762268
26 2.0396063327789307
27 1.9839718341827393
28 1.8363773822784424
29 2.4144411087036133
30 2.3386542797088623
31 2.4205431938171387
32 2.2125706672668457
33 2.551555871963501
34 2.6172633171081543
35 2.4544200897216797
36 2.1895625591278076
37 2.399369716644287
38 3.0026469230651855
39 2.6883156299591064
40 2.631162643432617
41 2.4296493530273438
42 2.3257994651794434
43 2.767352819442749
44 2.6967267990112305
45 2.9463653564453125
46 3.0121026039123535
47 3.4739012718200684
48 3.408905506134033
49 3.431786060333252
50 3.1617419719696045
51 2.8820481300354004
52 3.1797080039978027
53 3.0259008407592773
54 2.9151904582977295
55 2.8854727745056152
56 2.9470560550689697
57 3.336757183074951
58 3.2303695678710938
59 3.048891067504883
60 3.2614266872406006
61 2.8195996284484863
62 2.936462640762329
63 2.562030553817749
64 2.570544481277466
65 2.583861827850342
66 2.3670244216918945
67 2.5634355545043945
68 2.519923686981201
69 2.39499831199646
70 2.2098236083984375
71 1.6595104932785034
72 2.088325262069702
73 1.9140474796295166
74 2.0570120811462402
75 1.9161875247955322
76 1.8062928915023804
77 1.912028193473816
78 1.8507932424545288
79 2.086174964904785
80 2.005582571029663
81 1.855297327041626
82 2.024336576461792
83 2.509207248687744
84 2.4518725872039795
85 2.557892084121704
86 2.3395304679870605
87 2.4644522666931152
88 2.1145405769348145
89 2.1737279891967773
90 1.9229174852371216
91 1.8568050861358643
92 2.205519437789917
93 2.1028826236724854
94 2.1828832626342773
95 2.799245834350586
96 2.9417197704315186
97 2.6328511238098145
98 2.60778546333313
99 3.0505435466766357
100 3.0569679737091064
101 2.816556453704834
102 2.472762107849121
103 2.6591925621032715
104 2.7993547916412354
105 2.9634602069854736
106 2.953927755355835
107 3.020615339279175
108 3.0910472869873047
109 2.8351778984069824
110 3.1010711193084717
111 2.9377822875976563
112 3.064666748046875
113 3.0103814601898193
114 2.757436752319336
115 3.4700560569763184
116 3.7256534099578857
117 3.7542741298675537
118 3.3291006088256836
119 3.476428270339966
120 2.865737199783325
121 2.574695110321045
122 2.8824968338012695
123 2.718187093734741
124 3.122894525527954
125 3.2088239192962646
126 3.0745863914489746
127 2.7597436904907227
128 3.010504722595215
129 3.2355921268463135
130 2.9389724731445313
131 3.0648326873779297
132 3.237370729446411
133 3.171083927154541
134 3.661221742630005
135 3.583158016204834
136 3.4454636573791504
137 3.4760806560516357
138 3.214898109436035
139 3.2969655990600586
140 3.0022404193878174
141 2.878019332885742
142 2.6092097759246826
143 2.6223673820495605
144 2.6565089225769043
145 2.850940704345703
146 2.716559648513794
147 2.669774293899536
148 3.202786922454834
149 2.8728079795837402
150 3.0560121536254883
151 2.6642653942108154
152 3.1627888679504395
153 2.8545751571655273
154 2.5362515449523926
155 2.320369243621826
156 2.346496343612671
157 2.4729161262512207
158 2.318620204925537
159 2.1840341091156006
160 2.0193638801574707
161 2.0942976474761963
162 2.2350363731384277
163 2.194505214691162
164 2.160752773284912
165 2.385683536529541
166 2.3148932456970215
167 2.0432517528533936
168 2.3082399368286133
169 2.5303359031677246
170 2.7067036628723145
171 2.659742832183838
172 2.8725550174713135
173 2.8765175342559814
174 2.3816077709198
175 2.7672648429870605
176 2.5642073154449463
177 2.6956019401550293
178 3.0248324871063232
179 2.611997604370117
180 2.335003137588501
181 2.0794708728790283
182 2.2451837062835693
183 2.408179521560669
184 2.2485263347625732
185 1.6962169408798218
186 1.5906835794448853
187 1.6986325979232788
188 1.8896595239639282
189 2.1975700855255127
190 2.167259454727173
191 2.1857783794403076
192 2.0643272399902344
193 2.0393331050872803
194 2.0663001537323
195 2.2681736946105957
196 2.4063849449157715
197 2.563539743423462
198 2.8719050884246826
199 2.658113718032837
200 2.6578891277313232
201 2.491760015487671
202 2.43341326713562
203 2.656550884246826
204 2.474564790725708
205 2.318497896194458
206 2.2818984985351563
207 2.3741915225982666
208 2.670006036758423
209 2.6395275592803955
210 2.6158030033111572
211 2.441662311553955
212 2.2972700595855713
213 2.346564531326294
214 2.5038650035858154
215 2.7550644874572754
216 2.7070987224578857
217 2.433502197265625
218 2.1518728733062744
219 2.3916163444519043
220 2.457007884979248
221 2.4830563068389893
222 2.594555139541626
223 2.9191768169403076
224 2.814063549041748
225 3.143155097961426
226 3.1937077045440674
227 3.2426254749298096
228 3.1730830669403076
229 3.0419461727142334
230 3.2125627994537354
231 3.3246243000030518
232 3.265296220779419
233 3.2929487228393555
234 3.46071457862854
235 3.0253679752349854
236 3.6199655532836914
237 3.999037265777588
238 3.304220676422119
239 3.1272263526916504
240 3.2518999576568604
241 3.253333568572998
242 3.1740012168884277
243 3.048823356628418
244 3.368866443634033
245 3.170853853225708
246 3.3309988975524902
247 3.149078845977783
248 2.894758939743042
249 2.8207626342773438
250 2.634166955947876
251 2.6690659523010254
252 2.797412633895874
253 3.2844996452331543
254 3.4196765422821045
255 3.003988742828369
256 3.2125887870788574
257 3.398984909057617
258 3.1042919158935547
259 2.7802042961120605
260 2.9767987728118896
261 3.065829038619995
262 3.1202285289764404
263 2.761300563812256
264 2.4853293895721436
265 2.6884605884552
266 2.675537347793579
267 2.747091770172119
268 2.4532461166381836
269 2.55155086517334
270 2.451948642730713
271 2.158215284347534
272 2.3458454608917236
273 2.1013660430908203
274 2.1971049308776855
275 2.1952402591705322
276 2.5453178882598877
277 2.477057933807373
278 2.5919294357299805
279 2.76511812210083
280 2.7408761978149414
281 2.6958494186401367
282 2.6704511642456055
283 2.432337760925293
284 2.3289976119995117
285 2.382361650466919
286 2.4163851737976074
287 2.5591025352478027
288 2.6546030044555664
289 2.497407913208008
290 2.219034433364868
291 2.6783607006073
292 2.7123258113861084
293 2.251209259033203
294 2.8995137214660645
295 3.348839044570923
296 3.725893020629883
297 3.844283103942871
298 3.660463809967041
299 3.654834032058716
300 3.751882314682007
301 3.919909715652466
302 3.7408032417297363
303 3.213494062423706
304 3.292203426361084
305 3.3521440029144287
306 3.4283041954040527
307 3.650383710861206
308 3.6915063858032227
309 3.5262598991394043
310 3.5109610557556152
311 3.6208317279815674
312 3.80934739112854
313 3.7704107761383057
314 3.6873204708099365
315 3.4640345573425293
316 3.318206310272217
317 3.098627805709839
318 3.2704243659973145
319 3.1122243404388428
320 3.2010250091552734
321 3.1770431995391846
322 3.4368419647216797
323 3.1416244506835938
324 3.2029659748077393
325 3.039691686630249
326 2.436776876449585
327 2.572669506072998
328 3.0707032680511475
329 2.8890020847320557
330 3.0089645385742188
331 2.9399025440216064
332 2.794675827026367
333 2.661212921142578
334 2.9823741912841797
335 3.0192086696624756
336 3.1505022048950195
337 3.0528454780578613
338 2.8421273231506348
339 3.3051323890686035
340 3.0620906352996826
341 3.3419597148895264
342 3.3162546157836914
343 3.294877290725708
344 3.076796054840088
345 2.7721428871154785
346 2.396238088607788
347 2.467339277267456
348 2.7601873874664307
349 2.692429780960083
350 2.5699703693389893
351 2.3945305347442627
352 2.6175527572631836
353 2.8322834968566895
354 2.804466962814331
355 3.120922088623047
356 3.59675669670105
357 3.2680139541625977
358 3.5349678993225098
359 3.316987991333008
360 3.208911418914795
361 2.9583773612976074
362 2.7098441123962402
363 3.0855348110198975
364 3.1421966552734375
365 3.2945239543914795
366 3.175910711288452
367 3.3809728622436523
368 2.8546502590179443
369 2.8559913635253906
370 2.7337093353271484
371 2.689044713973999
372 2.744527816772461
373 3.095676898956299
374 3.161939859390259
375 3.107860803604126
376 3.0274882316589355
377 3.3915293216705322
378 3.144674301147461
379 3.1181039810180664
380 2.5955615043640137
381 2.657979726791382
382 2.746173858642578
383 2.948727607727051
384 2.882662773132324
385 2.978193759918213
386 3.4535348415374756
387 3.6152312755584717
388 3.7650868892669678
389 3.7728333473205566
390 3.468205690383911
391 3.311622142791748
392 3.602048397064209
393 3.830371856689453
394 4.070664882659912
395 3.591254472732544
396 3.6771116256713867
397 3.256495475769043
398 3.2494192123413086
399 3.145899772644043
400 3.161752939224243
401 3.593332290649414
402 3.488294839859009
403 3.4905483722686768
404 4.000643253326416
405 3.8732168674468994
406 3.607860803604126
407 3.3623292446136475
408 3.5075643062591553
409 3.3916175365448
410 3.4758834838867188
411 4.140891075134277
412 3.898240327835083
413 3.8141982555389404
414 3.9710893630981445
415 3.7752954959869385
416 3.4991390705108643
417 3.3258914947509766
418 3.135288953781128
419 3.579233169555664
420 3.247373580932617
421 3.3376388549804688
422 3.430192232131958
423 3.487229108810425
424 3.797853469848633
425 3.6021854877471924
426 3.4347646236419678
427 3.496453285217285
428 3.4011056423187256
429 3.9649970531463623
430 3.934551954269409
431 3.4946155548095703
432 3.892500638961792
433 3.735408067703247
434 4.113803863525391
435 3.503790855407715
436 3.3747899532318115
437 3.115382194519043
438 3.054123640060425
439 2.9169538021087646
440 2.972804069519043
441 2.8833677768707275
442 2.93446683883667
443 3.1409835815429688
444 3.6313400268554688
445 3.5976243019104004
446 3.841106653213501
447 3.774785280227661
448 3.540682792663574
449 3.4221181869506836
450 3.5951948165893555
451 3.9489023685455322
452 3.8119559288024902
453 3.6908013820648193
454 3.5880632400512695
455 3.5851476192474365
456 3.216395378112793
457 2.9546804428100586
458 3.279073476791382
459 2.868598461151123
460 3.046740770339966
461 3.0287928581237793
462 3.1738734245300293
463 3.268294095993042
464 3.462768793106079
465 3.478407859802246
466 3.4278507232666016
467 3.559922218322754
468 3.469353199005127
469 3.53377628326416
470 3.8049540519714355
471 3.722046375274658
472 4.0805745124816895
473 4.186938285827637
474 4.262533664703369
475 4.076888561248779
476 4.096280574798584
477 4.7668070793151855
478 4.463852882385254
479 4.092761993408203
480 4.003165245056152
481 3.9969563484191895
482 3.6657660007476807
483 3.6671714782714844
484 3.534677028656006
485 3.9491710662841797
486 4.218517780303955
487 4.004652500152588
488 3.955488920211792
489 4.239693641662598
490 4.0675950050354
491 3.4945006370544434
492 3.3805835247039795
493 2.972750663757324
494 3.1120972633361816
495 3.2251217365264893
496 3.061601400375366
497 3.312105894088745
498 3.4074809551239014
499 3.7017059326171875
500 3.2959840297698975
501 3.272862434387207
502 3.170433759689331
503 2.8905091285705566
504 3.0223236083984375
505 3.2215099334716797
506 3.692256212234497
507 3.6957406997680664
508 3.611311435699463
509 3.494565725326538
510 3.3664679527282715
511 3.5322389602661133
512 3.5735318660736084
513 3.396963119506836
514 3.2573509216308594
515 3.4241397380828857
516 3.4268438816070557
517 3.456883192062378
518 3.7225537300109863
519 3.7357892990112305
520 3.7134249210357666
521 3.5778543949127197
522 3.791782855987549
523 3.4940669536590576
524 3.596702814102173
525 3.667362928390503
526 3.6310551166534424
527 3.2152297496795654
528 2.9976930618286133
529 3.1835482120513916
530 3.2336220741271973
531 3.187171220779419
532 3.279722213745117
533 2.9327642917633057
534 2.557871103286743
535 2.683867931365967
536 3.14123797416687
537 2.772486686706543
538 2.849712371826172
539 3.0750339031219482
540 3.0306143760681152
541 3.255686044692993
542 3.0612664222717285
543 2.9605343341827393
544 2.886725664138794
545 3.033834218978882
546 3.3389172554016113
547 3.3113181591033936
548 3.557110071182251
549 3.810603380203247
550 3.4488749504089355
551 3.32515025138855
552 3.255173921585083
553 3.424185276031494
554 3.4054713249206543
555 3.6301891803741455
556 3.550705671310425
557 3.088249683380127
558 2.9683563709259033
559 2.9129040241241455
560 2.8001363277435303
561 3.0631351470947266
562 3.08693265914917
563 3.4211528301239014
564 3.7907326221466064
565 3.884157419204712
566 3.97692608833313
567 4.5216240882873535
568 4.439095973968506
569 4.497391223907471
570 4.548050880432129
571 4.7483673095703125
572 4.7786865234375
573 4.968836784362793
574 5.13184928894043
575 4.876340866088867
576 4.175137042999268
577 4.236905097961426
578 4.131331920623779
579 4.051261901855469
580 4.120065689086914
581 4.049192428588867
582 4.2990570068359375
583 3.7819983959198
584 3.552501678466797
585 3.695439100265503
586 3.729890823364258
587 3.803053855895996
588 3.626458168029785
589 3.5755720138549805
590 3.4020729064941406
591 3.4678354263305664
592 3.7564408779144287
593 4.159295558929443
594 4.229401111602783
595 4.101058006286621
596 3.826347827911377
597 3.993502616882324
598 3.894279718399048
599 4.008355617523193
600 3.5624635219573975
601 3.890726327896118
602 4.359552383422852
603 4.40689754486084
604 4.424986839294434
605 4.210578441619873
606 4.762319087982178
607 4.96173620223999
608 4.567477226257324
609 5.078675746917725
610 4.780695915222168
611 4.722193241119385
612 4.150890350341797
613 4.34517240524292
614 4.244591236114502
615 4.115488052368164
616 3.953507423400879
617 3.973541498184204
618 4.0843024253845215
619 3.917452812194824
620 4.182483673095703
621 4.292031764984131
622 4.1709208488464355
623 3.9110896587371826
624 3.7676637172698975
625 3.848757266998291
626 4.090012550354004
627 4.748257637023926
628 4.645251750946045
629 4.979664325714111
630 4.449359893798828
631 4.313989162445068
632 4.526455402374268
633 4.428382396697998
634 4.298952579498291
635 4.210428714752197
636 4.181260108947754
637 4.102733135223389
638 3.911912441253662
639 4.216624736785889
640 4.45264196395874
641 4.566462516784668
642 4.399563789367676
643 4.659438610076904
644 4.24437141418457
645 4.479705810546875
646 4.608168125152588
647 4.395628929138184
648 4.2926506996154785
649 4.532153129577637
650 3.9516186714172363
651 4.104426860809326
652 4.245753288269043
653 4.156444549560547
654 3.6434807777404785
655 3.7474231719970703
656 3.5982506275177
657 3.9337332248687744
658 3.8641090393066406
659 3.8666040897369385
660 3.666210651397705
661 3.653447389602661
662 3.636993646621704
663 3.9856643676757813
664 3.5338692665100098
665 2.936021089553833
666 3.1742374897003174
667 3.248433828353882
668 3.2007322311401367
669 3.2248711585998535
670 3.2842845916748047
671 3.4393372535705566
672 3.46642804145813
673 3.354229688644409
674 3.9610302448272705
675 4.049915313720703
676 4.358413219451904
677 4.107379913330078
678 4.061225414276123
679 4.360230922698975
680 4.388985633850098
681 4.009754657745361
682 3.6989126205444336
683 3.9383487701416016
684 4.1234235763549805
685 4.393177032470703
686 4.013467311859131
687 4.049447059631348
688 4.059345245361328
689 3.9123423099517822
690 3.422034502029419
691 3.9264540672302246
692 4.020468235015869
693 3.8830041885375977
694 4.159601211547852
695 3.961045265197754
696 3.980436086654663
697 4.054532527923584
698 3.9577579498291016
699 4.243722438812256
700 4.3176589012146
701 4.093816757202148
702 4.185335636138916
703 4.0068440437316895
704 3.9736526012420654
705 4.087353229522705
706 4.117178916931152
707 3.842383623123169
708 3.788093328475952
709 3.6291022300720215
710 3.625459909439087
711 3.4009487628936768
712 3.494023323059082
713 3.535895824432373
714 3.863029718399048
715 4.081974506378174
716 4.206731796264648
717 3.8203070163726807
718 4.110116481781006
719 3.9558234214782715
720 4.012826919555664
721 4.218611717224121
722 4.114980220794678
723 4.366395473480225
724 4.359894752502441
725 4.217491149902344
726 4.27346658706665
727 3.862358570098877
728 3.8604187965393066
729 4.057041168212891
730 4.127992153167725
731 4.227481842041016
732 4.430810928344727
733 4.880885124206543
734 4.791440963745117
735 5.327913284301758
736 5.1134490966796875
737 4.835278034210205
738 4.343963623046875
739 4.788917541503906
740 4.876555442810059
741 5.207968235015869
742 5.009413242340088
743 4.81360387802124
744 4.842411518096924
745 4.727450370788574
746 4.7499098777771
747 4.772181510925293
748 4.347706317901611
749 4.059703350067139
750 3.4228110313415527
751 3.0974090099334717
752 2.9047300815582275
753 2.960409641265869
754 3.079636573791504
755 3.342780351638794
756 3.6620984077453613
757 3.6390817165374756
758 3.4142231941223145
759 3.460693120956421
760 3.350910186767578
761 3.942324638366699
762 3.8000707626342773
763 4.0957722663879395
764 3.99741530418396
765 4.087456703186035
766 3.8631463050842285
767 3.580784320831299
768 3.712618112564087
769 3.820895195007324
770 3.3874924182891846
771 3.535618305206299
772 3.8333804607391357
773 3.796579122543335
774 4.529363632202148
775 4.350440979003906
776 4.012041091918945
777 3.8011298179626465
778 3.3445322513580322
779 3.383364677429199
780 3.7093822956085205
781 3.9826807975769043
782 3.7747879028320313
783 4.315633773803711
784 4.313319683074951
785 4.46531343460083
786 4.269649505615234
787 4.377604961395264
788 4.099645614624023
789 3.9686973094940186
790 4.035221099853516
791 3.9382622241973877
792 4.350259304046631
793 4.097605228424072
794 4.252878665924072
795 4.2292022705078125
796 3.9516477584838867
797 3.7855091094970703
798 3.574579954147339
799 3.778074026107788
800 3.494614839553833
801 3.281374931335449
802 3.2772982120513916
803 3.087705612182617
804 3.6194398403167725
805 3.797435760498047
806 3.6772987842559814
807 3.8332417011260986
808 4.156989097595215
809 4.0805158615112305
810 4.2556681632995605
811 4.473703384399414
812 4.248778820037842
813 4.542143821716309
814 4.934067726135254
815 4.770946979522705
816 4.679044723510742
817 5.0622076988220215
818 5.242202281951904
819 4.51062536239624
820 4.7227606773376465
821 4.5084404945373535
822 4.33091402053833
823 3.9588687419891357
824 4.09861421585083
825 3.932249069213867
826 4.078338623046875
827 3.6749932765960693
828 4.180690765380859
829 4.314917087554932
830 4.46290397644043
831 4.183566093444824
832 4.6440887451171875
833 4.4987711906433105
834 4.203782558441162
835 4.402522087097168
836 4.151961803436279
837 4.258413314819336
838 3.9303457736968994
839 3.871324062347412
840 3.833125114440918
841 3.7974185943603516
842 3.9426140785217285
843 4.352087497711182
844 4.090364456176758
845 4.185987949371338
846 4.312723636627197
847 4.199136734008789
848 4.185545921325684
849 4.297391891479492
850 4.685721397399902
851 4.437855243682861
852 4.841940402984619
853 4.534493923187256
854 4.715404987335205
855 4.8915910720825195
856 5.07821798324585
857 5.079410076141357
858 5.428144454956055
859 5.0278544425964355
860 5.613551139831543
861 5.491612911224365
862 5.137628555297852
863 5.047712802886963
864 4.979951858520508
865 4.785889625549316
866 4.778811931610107
867 5.019288063049316
868 4.814242362976074
869 5.244634628295898
870 5.084848403930664
871 5.0451860427856445
872 5.373122215270996
873 5.313570022583008
874 5.151909828186035
875 5.250448703765869
876 5.701587677001953
877 5.585320472717285
878 5.447366237640381
879 5.966915607452393
880 5.578432559967041
881 5.498108386993408
882 5.166658401489258
883 5.113727569580078
884 5.255626201629639
885 5.271071910858154
886 5.1288557052612305
887 5.373810768127441
888 5.200071334838867
889 5.23167610168457
890 4.972901344299316
891 4.526607036590576
892 4.940662860870361
893 5.016785144805908
894 4.925857067108154
895 4.6948161125183105
896 4.947659969329834
897 4.553400039672852
898 4.610191345214844
899 4.209327697753906
900 4.395130157470703
901 4.620555877685547
902 4.543302059173584
903 4.28139591217041
904 4.470297813415527
905 4.543277740478516
906 4.509571075439453
907 4.4532389640808105
908 4.401248455047607
909 4.435825347900391
910 4.6939520835876465
911 5.275440216064453
912 5.131524085998535
913 5.555147171020508
914 5.290201187133789
915 5.608139514923096
916 5.4339118003845215
917 5.536835193634033
918 5.375552654266357
919 5.003938674926758
920 4.9615044593811035
921 5.063708782196045
922 5.118246078491211
923 4.979231834411621
924 5.664959907531738
925 5.610109329223633
926 5.6452178955078125
927 5.777275085449219
928 5.492333889007568
929 5.817337512969971
930 5.730698108673096
931 5.745555400848389
932 5.921398162841797
933 5.980983257293701
934 5.76642370223999
935 5.720179080963135
936 5.4328789710998535
937 4.818325042724609
938 5.086008548736572
939 5.3111348152160645
940 5.709958076477051
941 5.598759174346924
942 5.705466270446777
943 5.536865234375
944 5.759302139282227
945 5.578701019287109
946 5.590775489807129
947 5.887549877166748
948 5.539450645446777
949 5.714270114898682
950 5.508507251739502
951 5.138392448425293
952 5.514917373657227
953 5.154417991638184
954 4.582586288452148
955 4.669729232788086
956 4.433988094329834
957 4.505064964294434
958 4.771538734436035
959 4.099228858947754
960 4.046326637268066
961 4.2010297775268555
962 3.9620471000671387
963 3.701746702194214
964 3.9865007400512695
965 3.7055346965789795
966 3.8971829414367676
967 3.90482497215271
968 3.855236291885376
969 3.7173688411712646
970 3.8215787410736084
971 3.8592135906219482
972 3.825850486755371
973 3.361266613006592
974 3.246044158935547
975 3.1095025539398193
976 3.3127801418304443
977 3.508989095687866
978 3.672497034072876
979 3.4303154945373535
980 3.7521474361419678
981 3.5601747035980225
982 3.404465675354004
983 3.138885259628296
984 3.0518412590026855
985 3.0091562271118164
986 2.8809781074523926
987 3.1650335788726807
988 3.535604953765869
989 3.5295448303222656
990 3.3224713802337646
991 3.7263729572296143
992 3.730333089828491
993 3.5805106163024902
994 3.225297689437866
995 3.342535972595215
996 3.3911869525909424
997 3.425626277923584
998 3.429962158203125
999 3.034733533859253
1000 2.8390636444091797
1001 2.942289352416992
1002 2.678283214569092
1003 2.737492322921753
1004 2.8435165882110596
1005 2.863074541091919
1006 2.535895347595215
1007 2.729661226272583
1008 2.8332135677337646
1009 3.0977020263671875
1010 3.096153497695923
1011 3.2180585861206055
1012 3.167177438735962
1013 3.178288698196411
1014 3.2162363529205322
1015 3.3332133293151855
1016 3.081394910812378
1017 3.1336512565612793
1018 2.7775719165802
1019 2.6873574256896973
1020 2.688457489013672
1021 2.786435842514038
1022 2.4841840267181396
1023 2.6203925609588623
1024 3.0057449340820313
1025 3.1101925373077393
1026 3.284176826477051
1027 3.248964548110962
1028 3.3679797649383545
1029 3.4483883380889893
1030 3.169121742248535
1031 3.0716331005096436
1032 3.539511203765869
1033 3.3805506229400635
1034 3.5389111042022705
1035 3.421725034713745
1036 3.6995954513549805
1037 3.671861410140991
1038 3.2693896293640137
1039 3.605393886566162
1040 3.749039649963379
1041 3.9891140460968018
1042 3.686039447784424
1043 3.615431785583496
1044 3.4973113536834717
1045 3.6194610595703125
1046 3.7765157222747803
1047 3.597080945968628
1048 3.4776225090026855
1049 3.6377837657928467
1050 3.3306989669799805
1051 3.2501001358032227
1052 3.476963758468628
1053 3.5338845252990723
1054 3.42150616645813
1055 3.295675277709961
1056 3.812929630279541
1057 3.3900370597839355
1058 3.451648712158203
1059 3.33426833152771
1060 3.1674654483795166
1061 3.4302408695220947
1062 3.244649648666382
1063 3.301853895187378
1064 3.256127119064331
1065 3.368645668029785
1066 3.6377270221710205
1067 3.3788886070251465
1068 3.947981595993042
1069 3.6932008266448975
1070 3.2905471324920654
1071 3.064872980117798
1072 3.158888816833496
1073 2.91221284866333
1074 2.8382413387298584
1075 2.87399959564209
1076 2.7009923458099365
1077 2.955472946166992
1078 2.53456711769104
1079 2.7027499675750732
1080 3.087613105773926
1081 3.169886589050293
1082 2.953427314758301
1083 2.7424371242523193
1084 2.721912145614624
1085 2.801326036453247
1086 2.87076735496521
1087 3.202178955078125
1088 3.603654384613037
1089 3.3622429370880127
1090 3.4611563682556152
1091 3.1292271614074707
1092 3.2711451053619385
1093 3.2546961307525635
1094 2.992253541946411
1095 3.169156551361084
1096 3.323789119720459
1097 3.2798635959625244
1098 3.306178569793701
1099 3.5252392292022705
1100 3.459890365600586
1101 3.59273099899292
1102 3.6753485202789307
1103 3.460008144378662
1104 3.6981842517852783
1105 3.8114430904388428
1106 3.7615931034088135
1107 3.6778366565704346
1108 3.5787453651428223
1109 3.8019752502441406
1110 3.768594980239868
1111 3.3883614540100098
1112 3.4520742893218994
1113 3.5106966495513916
1114 3.442403793334961
1115 3.732666492462158
1116 3.9603121280670166
1117 4.254757881164551
1118 4.139332294464111
1119 3.8345651626586914
1120 3.5102546215057373
1121 3.8184382915496826
1122 3.85843563079834
1123 3.5115416049957275
1124 4.003447532653809
1125 3.911759376525879
1126 3.6007299423217773
1127 3.5625078678131104
1128 3.4627485275268555
1129 3.2333452701568604
1130 2.977820634841919
1131 3.1364667415618896
1132 3.2503764629364014
1133 3.0838112831115723
1134 3.248209238052368
1135 3.164569616317749
1136 3.13900089263916
1137 3.2524936199188232
1138 3.0434396266937256
1139 3.1275668144226074
1140 3.1718251705169678
1141 3.6636643409729004
1142 3.5630054473876953
1143 3.6537392139434814
1144 3.4323437213897705
1145 3.1977388858795166
1146 3.253469944000244
1147 3.301976203918457
1148 3.3429617881774902
1149 3.103644609451294
1150 3.741325855255127
1151 4.100505352020264
1152 4.0754075050354
1153 4.343312740325928
1154 4.364160537719727
1155 4.647128582000732
1156 4.737852573394775
1157 4.644305229187012
1158 4.333558559417725
1159 4.185678958892822
1160 4.465675354003906
1161 4.311150074005127
1162 4.511584281921387
1163 4.425670623779297
1164 4.161500453948975
1165 4.1525559425354
1166 4.032039642333984
1167 3.9329993724823
1168 3.6939635276794434
1169 4.066753387451172
1170 4.4381818771362305
1171 4.537842750549316
1172 4.190914630889893
1173 4.006283283233643
1174 4.048375129699707
1175 3.925724506378174
1176 4.043638706207275
1177 4.308681488037109
1178 4.025324821472168
1179 3.9121882915496826
1180 4.403323173522949
1181 4.104124069213867
1182 4.413599967956543
1183 4.475297927856445
1184 4.589872360229492
1185 4.335821151733398
1186 4.342105865478516
1187 4.431883811950684
1188 4.432622909545898
1189 4.631432056427002
1190 4.874311923980713
1191 4.5169806480407715
1192 4.52577018737793
1193 4.5190958976745605
1194 4.503868103027344
1195 4.559527397155762
1196 4.633531093597412
1197 4.408831596374512
1198 3.933317184448242
1199 4.129855155944824
1200 4.010288715362549
1201 4.196470737457275
1202 3.968742609024048
1203 3.4219045639038086
1204 3.4839975833892822
1205 3.8329951763153076
1206 3.748650550842285
1207 4.123386383056641
1208 3.925344944000244
1209 4.013532638549805
1210 3.9732425212860107
1211 3.9684677124023438
1212 3.7606589794158936
1213 4.092264652252197
1214 3.6495110988616943
1215 3.2638602256774902
1216 3.3288581371307373
1217 3.673841953277588
1218 3.7465550899505615
1219 3.7750227451324463
1220 3.926898956298828
1221 3.8232619762420654
1222 3.906660795211792
1223 3.880152702331543
1224 4.136938095092773
1225 4.139585971832275
1226 4.238087177276611
1227 3.7751035690307617
1228 3.697450876235962
1229 3.8793416023254395
1230 3.888732671737671
1231 3.9968247413635254
1232 4.342689514160156
1233 4.4297380447387695
1234 4.310831069946289
1235 4.1656670570373535
1236 3.968066692352295
1237 3.953605890274048
1238 3.9161922931671143
1239 4.166672229766846
1240 4.200484275817871
1241 4.083625793457031
1242 4.174743175506592
1243 4.328693389892578
1244 4.499241828918457
1245 4.452559471130371
1246 4.520882606506348
1247 4.515254497528076
1248 4.3666300773620605
1249 4.294824123382568
1250 4.431325435638428
1251 4.305279731750488
1252 4.240818023681641
1253 4.300663948059082
1254 4.295616626739502
1255 4.347642421722412
1256 4.2746195793151855
1257 3.9551045894622803
1258 3.963163375854492
1259 4.014049530029297
1260 4.121701240539551
1261 4.252943992614746
1262 4.211172580718994
1263 4.309560298919678
1264 4.768516540527344
1265 4.788402557373047
1266 4.7897820472717285
1267 4.693217754364014
1268 4.970712661743164
1269 5.247106552124023
1270 4.997829914093018
1271 4.732560157775879
1272 4.678957462310791
1273 4.875965595245361
1274 4.942584991455078
1275 4.951274394989014
1276 4.6963114738464355
1277 5.09297513961792
1278 4.96370792388916
1279 5.013893127441406
1280 5.106563568115234
1281 5.22467041015625
1282 4.875539302825928
1283 4.6647162437438965
1284 4.786004066467285
1285 4.224720478057861
1286 4.411413192749023
1287 3.912428855895996
1288 3.6289148330688477
1289 3.0925557613372803
1290 3.1732723712921143
1291 3.4730422496795654
1292 3.207369565963745
1293 2.8667261600494385
1294 3.0886082649230957
1295 3.538990020751953
1296 3.3983473777770996
1297 3.6495347023010254
1298 3.8178818225860596
1299 3.643552303314209
1300 3.509854793548584
1301 3.800142526626587
1302 3.7193498611450195
1303 3.794295310974121
1304 3.4835660457611084
1305 3.500162124633789
1306 3.178182601928711
1307 3.059025526046753
1308 3.136486053466797
1309 3.159747362136841
1310 3.273761034011841
1311 3.7561371326446533
1312 3.526038408279419
1313 3.116250514984131
1314 3.2618625164031982
1315 3.273773670196533
1316 3.602855682373047
1317 3.6308724880218506
1318 3.831408977508545
1319 3.686537742614746
1320 3.179999589920044
1321 2.960134983062744
1322 2.9093456268310547
1323 2.95135498046875
1324 3.2655253410339355
1325 3.3116235733032227
1326 3.2433252334594727
1327 3.6157236099243164
1328 3.6925947666168213
1329 3.186685800552368
1330 3.2982702255249023
1331 3.608480215072632
1332 3.441277265548706
1333 3.658454418182373
1334 3.5390021800994873
1335 3.2679717540740967
1336 3.056490898132324
1337 3.3313231468200684
1338 3.2542734146118164
1339 3.4715282917022705
1340 3.431791305541992
1341 3.439279079437256
1342 3.461195230484009
1343 3.6349992752075195
1344 3.4673807621002197
1345 3.3041515350341797
1346 3.227494955062866
1347 3.0813865661621094
1348 3.0223166942596436
1349 3.078078269958496
1350 3.2142786979675293
1351 2.9161150455474854
1352 2.8585476875305176
1353 2.8393988609313965
1354 2.859029531478882
1355 2.778200626373291
1356 2.964197874069214
1357 2.682882308959961
1358 2.9616007804870605
1359 3.0220954418182373
1360 3.19589900970459
1361 3.1471784114837646
1362 3.2515347003936768
1363 3.3588666915893555
1364 3.274013042449951
1365 3.5633552074432373
1366 3.513108015060425
1367 3.6580817699432373
1368 3.5439350605010986
1369 3.8973300457000732
1370 4.034360408782959
1371 4.077599048614502
1372 4.4350361824035645
1373 4.355423450469971
1374 4.183450698852539
1375 4.100946426391602
1376 4.069060325622559
1377 3.764787197113037
1378 3.7616429328918457
1379 3.4049911499023438
1380 3.9140419960021973
1381 3.9721245765686035
1382 4.041762828826904
1383 4.070987701416016
1384 4.157050609588623
1385 4.122097492218018
1386 4.262983322143555
1387 4.1421942710876465
1388 4.443617820739746
1389 4.615365982055664
1390 4.554628849029541
1391 4.684946537017822
1392 4.853988170623779
1393 5.198065757751465
1394 5.281813144683838
1395 5.008033752441406
1396 4.89384651184082
1397 4.73577356338501
1398 4.3273444175720215
1399 4.395349025726318
1400 4.487035751342773
1401 4.2980828285217285
1402 4.206920623779297
1403 4.275336265563965
1404 4.306458950042725
1405 4.1586833000183105
1406 4.302917957305908
1407 4.480098724365234
1408 4.348387718200684
1409 4.312201976776123
1410 4.214931488037109
1411 4.788853645324707
1412 4.66448450088501
1413 4.9940505027771
1414 4.95563268661499
1415 5.14808464050293
1416 5.034890651702881
1417 4.9309821128845215
1418 4.7545166015625
1419 4.543481349945068
1420 4.3251800537109375
1421 4.260231971740723
1422 4.484997272491455
1423 4.61217737197876
1424 4.623524188995361
1425 4.666772842407227
1426 4.509307384490967
1427 4.198075771331787
1428 3.8433003425598145
1429 3.9161133766174316
1430 3.713304042816162
1431 3.543942451477051
1432 3.484694719314575
1433 3.602203130722046
1434 3.7167270183563232
1435 3.8736839294433594
1436 3.5387215614318848
1437 3.896399974822998
1438 3.7741904258728027
1439 3.842792510986328
1440 3.9868922233581543
1441 3.900707483291626
1442 4.244715690612793
1443 3.9896085262298584
1444 3.9380650520324707
1445 4.148803234100342
1446 4.06409215927124
1447 3.973595380783081
1448 3.9194869995117188
1449 4.064070701599121
1450 3.909621477127075
1451 3.8456523418426514
1452 3.9254937171936035
1453 3.7202858924865723
1454 3.8753929138183594
1455 3.837070941925049
1456 4.004948139190674
1457 4.043618679046631
1458 3.8968091011047363
1459 4.107803821563721
1460 3.9187068939208984
1461 4.004767894744873
1462 3.9037466049194336
1463 3.8421504497528076
1464 3.9649314880371094
1465 3.835136890411377
1466 3.9142673015594482
1467 4.068844318389893
1468 4.042031764984131
1469 3.9053871631622314
1470 4.079935550689697
1471 4.113234996795654
1472 4.4118571281433105
1473 4.663288116455078
1474 4.698766708374023
1475 4.469088077545166
1476 4.479076385498047
1477 4.405725002288818
1478 4.475478172302246
1479 4.9067535400390625
1480 4.583388805389404
1481 4.126850605010986
1482 4.223161220550537
1483 3.9922127723693848
1484 4.190371513366699
1485 4.146129131317139
1486 4.635474681854248
1487 4.391745090484619
1488 4.437000274658203
1489 4.320949077606201
1490 4.319447994232178
1491 4.860939025878906
1492 4.752146244049072
1493 4.477270126342773
1494 4.25499153137207
1495 4.206308841705322
1496 4.373732566833496
1497 4.344997882843018
1498 4.383224964141846
1499 4.1817426681518555
1500 4.307332992553711
1501 4.322908878326416
1502 4.709250450134277
1503 4.678041458129883
1504 4.648515224456787
1505 4.842480659484863
1506 4.671576976776123
1507 4.344371318817139
1508 4.1206374168396
1509 4.114006519317627
1510 4.230037689208984
1511 4.753999710083008
1512 4.7774553298950195
1513 4.334976673126221
1514 4.410429954528809
1515 4.344794750213623
1516 4.487730026245117
1517 4.804042816162109
1518 4.763359069824219
1519 4.236123085021973
1520 4.013854026794434
1521 4.176229000091553
1522 4.070542335510254
1523 3.815232515335083
1524 4.055972576141357
1525 4.167145252227783
1526 4.341557502746582
1527 4.277804374694824
1528 4.29445219039917
1529 4.2505621910095215
1530 4.2000732421875
1531 4.4105224609375
1532 4.307273864746094
1533 4.1010966300964355
1534 4.141986846923828
1535 3.975353956222534
1536 3.964668035507202
1537 4.320108413696289
1538 4.132383823394775
1539 3.8840725421905518
1540 4.040714263916016
1541 3.7821128368377686
1542 4.025524616241455
1543 4.165843963623047
1544 4.074832916259766
1545 4.023890018463135
1546 4.267369270324707
1547 4.287102699279785
1548 4.637105941772461
1549 4.303797245025635
1550 4.161616802215576
1551 3.814485788345337
1552 3.8989076614379883
1553 3.71736216545105
1554 3.540982246398926
1555 3.9140372276306152
1556 3.8574812412261963
1557 3.9277913570404053
1558 3.9512441158294678
1559 3.8714599609375
1560 3.819868803024292
1561 3.90643048286438
1562 3.8301467895507813
1563 3.852360963821411
1564 3.737030267715454
1565 3.886286497116089
1566 4.210638046264648
1567 4.197159767150879
1568 4.275767803192139
1569 4.373453140258789
1570 4.047549724578857
1571 3.8745908737182617
1572 4.212083339691162
1573 4.308053970336914
1574 4.344969272613525
1575 4.361281871795654
1576 4.3696370124816895
1577 3.965759038925171
1578 4.3858232498168945
1579 3.8506970405578613
1580 4.178655624389648
1581 4.18495512008667
1582 4.257328033447266
1583 4.176955223083496
1584 4.0791120529174805
1585 3.9808990955352783
1586 4.060333728790283
1587 4.1254963874816895
1588 4.364850997924805
1589 3.906345844268799
1590 3.8637542724609375
1591 4.012796878814697
1592 3.92885160446167
1593 4.200169086456299
1594 3.932699203491211
1595 3.8407537937164307
1596 3.734586477279663
1597 3.6112358570098877
1598 3.7643706798553467
1599 4.010618686676025
1600 4.36151123046875
1601 4.265771389007568
1602 4.708902835845947
1603 4.298719882965088
1604 4.353889465332031
1605 4.11541748046875
1606 4.437501907348633
1607 4.1809773445129395
1608 4.244204998016357
1609 4.328066825866699
1610 4.250556468963623
1611 4.404167175292969
1612 4.729564666748047
1613 4.575359344482422
1614 4.527044773101807
1615 4.207639217376709
1616 4.178097248077393
1617 4.229330062866211
1618 4.074105262756348
1619 4.2611188888549805
1620 4.0448808670043945
1621 3.954566478729248
1622 3.8371708393096924
1623 4.067648887634277
1624 3.7626781463623047
1625 4.226321697235107
1626 4.104321002960205
1627 4.012712478637695
1628 3.7502176761627197
1629 3.5621931552886963
1630 3.6111667156219482
1631 4.108713150024414
1632 3.8125104904174805
1633 3.9568886756896973
1634 3.840571641921997
1635 4.270238399505615
1636 4.398331642150879
1637 4.350888729095459
1638 4.26011323928833
1639 3.928192138671875
1640 3.4942166805267334
1641 3.7160537242889404
1642 3.7687346935272217
1643 4.0010857582092285
1644 3.973785877227783
1645 3.8634607791900635
1646 3.8056421279907227
1647 3.75950026512146
1648 4.019067764282227
1649 3.81419038772583
1650 3.9041130542755127
1651 3.798011541366577
1652 4.1438374519348145
1653 3.9571444988250732
1654 3.8766512870788574
1655 4.178635120391846
1656 4.273759841918945
1657 4.25407075881958
1658 4.329500675201416
1659 4.325965881347656
1660 4.410567283630371
1661 4.36694860458374
1662 4.18656063079834
1663 4.0581374168396
1664 4.0917439460754395
1665 4.0393242835998535
1666 4.265957832336426
1667 4.667296886444092
1668 4.354495525360107
1669 4.5968122482299805
1670 4.351266860961914
1671 4.123758792877197
1672 3.930246591567993
1673 4.249724864959717
1674 4.1424055099487305
1675 3.948005437850952
1676 3.9006130695343018
1677 3.8789830207824707
1678 3.7888944149017334
1679 3.7865118980407715
1680 3.8016724586486816
1681 3.709578275680542
1682 3.6544997692108154
1683 3.668712854385376
1684 3.61030650138855
1685 3.6795337200164795
1686 3.754931926727295
1687 3.83951473236084
1688 3.7245590686798096
1689 3.6265664100646973
1690 3.86431622505188
1691 3.7383124828338623
1692 4.070427417755127
1693 3.8010640144348145
1694 3.983940362930298
1695 4.176539421081543
1696 3.812605857849121
1697 4.059178352355957
1698 3.8505401611328125
1699 3.8839237689971924
1700 3.9057869911193848
1701 3.9541587829589844
1702 4.131325721740723
1703 4.3910746574401855
1704 4.366441249847412
1705 4.655482769012451
1706 4.5355753898620605
1707 4.245882511138916
1708 4.415467262268066
1709 3.987916946411133
1710 3.9549448490142822
1711 3.835021495819092
1712 3.735517978668213
1713 3.7739291191101074
1714 3.8908443450927734
1715 4.017108917236328
1716 4.465489864349365
1717 4.18391227722168
1718 3.9075679779052734
1719 4.314553260803223
1720 4.127995014190674
1721 4.076639175415039
1722 3.8481762409210205
1723 3.7702746391296387
1724 4.168504238128662
1725 3.961742639541626
1726 3.881699323654175
1727 4.016791343688965
1728 3.9635462760925293
1729 4.00897216796875
1730 3.8166253566741943
1731 3.6465797424316406
1732 3.5949273109436035
1733 3.7764317989349365
1734 4.014962673187256
1735 3.9390599727630615
1736 4.086404800415039
1737 3.910568952560425
1738 3.7756783962249756
1739 3.953446626663208
1740 3.92818546295166
1741 3.94722318649292
1742 3.783306360244751
1743 3.9578797817230225
1744 3.8286309242248535
1745 3.568542242050171
1746 3.574035406112671
1747 3.4318132400512695
1748 3.473883628845215
1749 3.472238540649414
1750 3.4620368480682373
1751 3.4334661960601807
1752 3.1537981033325195
1753 3.4888851642608643
1754 3.540592670440674
1755 3.784925937652588
1756 3.9609460830688477
1757 4.060882568359375
1758 4.106078147888184
1759 3.9524919986724854
1760 3.974997043609619
1761 4.630008697509766
1762 4.242576599121094
1763 4.031223297119141
1764 4.123570442199707
1765 4.412415504455566
1766 4.54746675491333
1767 3.9854118824005127
1768 4.318686008453369
1769 3.986078977584839
1770 4.024903774261475
1771 3.6245808601379395
1772 3.763070583343506
1773 3.806152105331421
1774 3.9076783657073975
1775 3.664302110671997
1776 3.5929951667785645
1777 3.9449586868286133
1778 3.8997931480407715
1779 3.895318031311035
1780 3.6986589431762695
1781 3.42323637008667
1782 3.2579214572906494
1783 3.5212440490722656
1784 3.5657541751861572
1785 3.472775936126709
1786 3.8915364742279053
1787 3.632646322250366
1788 3.579197883605957
1789 3.7727773189544678
1790 3.777622699737549
1791 3.9359633922576904
1792 4.149155139923096
1793 3.9672889709472656
1794 3.655775785446167
1795 3.911151647567749
1796 3.818450450897217
1797 3.939103603363037
1798 3.9418785572052
1799 3.891669511795044
1800 3.555483102798462
1801 3.7369179725646973
1802 3.818668842315674
1803 3.861056327819824
1804 3.908048152923584
1805 4.10640811920166
1806 4.100668430328369
1807 4.4472432136535645
1808 3.982715368270874
1809 4.128345012664795
1810 4.309356212615967
1811 4.029874801635742
1812 4.034747123718262
1813 4.302698135375977
1814 4.121582508087158
1815 3.9579155445098877
1816 4.404185771942139
1817 4.376408576965332
1818 4.472100734710693
1819 4.177778244018555
1820 3.9235644340515137
1821 3.964839220046997
1822 4.012187957763672
1823 3.90309476852417
1824 4.165987491607666
1825 4.178106784820557
1826 4.168864727020264
1827 4.152768135070801
1828 4.372829437255859
1829 4.205649375915527
1830 4.118617057800293
1831 3.961510181427002
1832 3.7647297382354736
1833 3.5968902111053467
1834 3.984121561050415
1835 3.9460561275482178
1836 4.259130477905273
1837 3.87904953956604
1838 3.9088263511657715
1839 3.798471689224243
1840 3.6844491958618164
1841 3.6288251876831055
1842 3.624636173248291
1843 3.3306758403778076
1844 3.295163154602051
1845 3.6315996646881104
1846 3.9347331523895264
1847 4.213591575622559
1848 4.352171897888184
1849 4.203217029571533
1850 3.9399828910827637
1851 4.2045488357543945
1852 3.9566760063171387
1853 3.5475683212280273
1854 3.5382678508758545
1855 3.340003728866577
1856 3.6288936138153076
1857 3.421471118927002
1858 3.5804131031036377
1859 3.2662622928619385
1860 3.4861419200897217
1861 3.5299713611602783
1862 3.430626630783081
1863 3.5004355907440186
1864 3.6428041458129883
1865 3.5495119094848633
1866 3.517364025115967
1867 3.7525203227996826
1868 3.4684722423553467
1869 3.612004518508911
1870 3.6919069290161133
1871 3.7188491821289063
1872 3.75490403175354
1873 3.883239984512329
1874 3.8427700996398926
1875 3.694793224334717
1876 4.032485485076904
1877 3.5806002616882324
1878 3.64087176322937
1879 3.562119483947754
1880 3.66619873046875
1881 3.797109365463257
1882 4.0224432945251465
1883 4.0488433837890625
1884 3.7461414337158203
1885 3.7985434532165527
1886 4.21466588973999
1887 4.478515148162842
1888 4.597795009613037
1889 4.591856002807617
1890 4.417524337768555
1891 4.539750099182129
1892 4.810668468475342
1893 4.683871746063232
1894 4.493114948272705
1895 4.167322158813477
1896 3.678611993789673
1897 3.704786777496338
1898 3.8290774822235107
1899 4.007481575012207
1900 4.3020124435424805
1901 4.072243690490723
1902 4.2281341552734375
1903 3.877831220626831
1904 4.053974628448486
1905 3.912120819091797
1906 3.8905692100524902
1907 3.4344968795776367
1908 3.4260482788085938
1909 3.4108290672302246
1910 3.3571999073028564
1911 3.623051643371582
1912 3.2669060230255127
1913 3.608424186706543
1914 3.4494869709014893
1915 3.3556606769561768
1916 3.1904983520507813
1917 3.1438534259796143
1918 3.2127504348754883
1919 3.6105666160583496
1920 3.3292441368103027
1921 2.974539279937744
1922 2.9434962272644043
1923 3.38722562789917
1924 3.6540579795837402
1925 3.476304769515991
1926 3.405487298965454
1927 3.2761242389678955
1928 3.442568063735962
1929 3.761638641357422
1930 3.664788007736206
1931 3.7135720252990723
1932 3.441575527191162
1933 3.826228380203247
1934 3.905054807662964
1935 3.866364002227783
1936 4.205103874206543
1937 3.9451942443847656
1938 4.066363334655762
1939 4.130467891693115
1940 4.308467864990234
1941 4.037400722503662
1942 3.914435863494873
1943 4.062245845794678
1944 4.003280162811279
1945 4.042884349822998
1946 4.313057899475098
1947 3.9837570190429688
1948 4.17702579498291
1949 3.9677062034606934
1950 3.5810627937316895
1951 3.487792730331421
1952 3.663949489593506
1953 3.5039639472961426
1954 3.475180149078369
1955 3.6593639850616455
1956 3.757037878036499
1957 3.8464503288269043
1958 3.61940336227417
1959 3.5573296546936035
1960 4.018631458282471
1961 3.791049003601074
1962 3.639880895614624
1963 3.4281675815582275
1964 3.7157766819000244
1965 3.805250644683838
1966 3.700399398803711
1967 3.4666221141815186
1968 3.676711320877075
1969 3.684157371520996
1970 3.743173122406006
1971 3.9685914516448975
1972 4.080760478973389
1973 4.060674667358398
1974 3.982760429382324
1975 3.8990352153778076
1976 3.856948137283325
1977 3.638657569885254
1978 3.6707396507263184
1979 3.5673861503601074
1980 3.531564235687256
1981 3.6975185871124268
1982 3.7294483184814453
1983 3.892022132873535
1984 4.125439167022705
1985 4.160094261169434
1986 4.565205097198486
1987 4.469240188598633
1988 4.116880416870117
1989 4.030122756958008
1990 4.0187249183654785
1991 4.192759037017822
1992 4.304759502410889
1993 3.9640953540802
1994 3.816462278366089
1995 3.4607784748077393
1996 3.7400224208831787
1997 3.713036060333252
1998 4.050207138061523
1999 3.7677204608917236
2000 3.7148685455322266
2001 3.8509907722473145
2002 3.7279303073883057
2003 3.7835617065429688
2004 3.633307695388794
2005 3.7533867359161377
2006 3.7386279106140137
2007 3.567882537841797
2008 3.775028944015503
2009 3.7388553619384766
2010 3.833848714828491
2011 3.7716212272644043
2012 3.8971736431121826
2013 3.7135229110717773
2014 3.458472967147827
2015 3.6342108249664307
2016 3.6794333457946777
2017 3.75537371635437
2018 4.032585620880127
2019 4.014683246612549
2020 3.9563138484954834
2021 4.105219841003418
2022 4.0489373207092285
2023 4.0438127517700195
2024 4.0386152267456055
2025 3.984081745147705
2026 3.7175991535186768
2027 3.692340135574341
2028 3.717616558074951
2029 3.797621250152588
2030 3.69745135307312
2031 4.021720886230469
2032 4.053911209106445
2033 3.797337293624878
2034 3.9964473247528076
2035 3.9193809032440186
2036 4.084980010986328
2037 4.037970066070557
2038 4.35098934173584
2039 4.491992950439453
2040 4.155951499938965
2041 4.618525505065918
2042 4.452059745788574
2043 4.773239612579346
2044 4.216246604919434
2045 4.466790676116943
2046 4.632399559020996
2047 4.596281051635742
2048 4.767789363861084
2049 4.499820232391357
2050 4.379942417144775
2051 4.5588250160217285
2052 4.649167537689209
2053 4.854457378387451
2054 4.4772419929504395
2055 4.516822814941406
2056 4.54545259475708
2057 4.442446231842041
2058 4.270208358764648
2059 4.521317005157471
2060 4.660607814788818
2061 4.398603439331055
2062 4.191081523895264
2063 4.346529960632324
2064 4.473641395568848
2065 4.162822723388672
2066 3.7168736457824707
2067 3.6300899982452393
2068 3.293671131134033
2069 3.5018036365509033
2070 3.591444969177246
2071 4.105888843536377
2072 3.9993937015533447
2073 4.345118522644043
2074 3.949784994125366
2075 3.9151434898376465
2076 4.218141078948975
2077 4.351612091064453
2078 4.112922668457031
2079 3.7462329864501953
2080 4.459671497344971
2081 4.723043918609619
2082 4.82853364944458
2083 4.510143280029297
2084 4.139200210571289
2085 4.176665306091309
2086 4.1575727462768555
2087 4.255547523498535
2088 4.321008205413818
2089 3.8228883743286133
2090 3.782780408859253
2091 3.8076846599578857
2092 3.9139373302459717
2093 3.534710168838501
2094 3.612250804901123
2095 3.97009015083313
2096 3.536159038543701
2097 3.811871290206909
2098 3.532329797744751
2099 3.7931902408599854
2100 3.5635383129119873
2101 3.3955419063568115
2102 3.2052018642425537
2103 3.61659574508667
2104 4.145089626312256
2105 3.97684383392334
2106 3.8807032108306885
2107 4.09809684753418
2108 4.034302711486816
2109 3.8164608478546143
2110 4.240499019622803
2111 4.0306396484375
2112 4.105599403381348
2113 4.252208232879639
2114 4.286806583404541
2115 4.212456226348877
2116 4.16093111038208
2117 4.1196770668029785
2118 4.168277263641357
2119 3.8477563858032227
2120 3.8107454776763916
2121 3.72906756401062
2122 3.8873414993286133
2123 3.8224661350250244
2124 3.78540301322937
2125 3.7773919105529785
2126 3.542694330215454
2127 3.6336724758148193
2128 3.451507568359375
2129 3.604886293411255
2130 3.6138358116149902
2131 3.7624058723449707
2132 3.7574245929718018
2133 3.5796780586242676
2134 3.8014087677001953
2135 3.4808084964752197
2136 3.326160430908203
2137 3.445422887802124
2138 3.6171321868896484
2139 3.3774712085723877
2140 3.717771291732788
2141 3.5387063026428223
2142 3.822519302368164
2143 3.8143906593322754
2144 4.1323418617248535
2145 4.07078218460083
2146 3.94926381111145
2147 3.5427682399749756
2148 3.669713020324707
2149 3.3104867935180664
2150 3.161797285079956
2151 3.3273379802703857
2152 3.355422019958496
2153 3.0997002124786377
2154 3.162202835083008
2155 3.224681854248047
2156 3.570378541946411
2157 3.5402934551239014
2158 3.832726001739502
2159 3.7599451541900635
2160 3.8853375911712646
2161 3.778902530670166
2162 3.6944236755371094
2163 3.8926093578338623
2164 3.4317030906677246
2165 3.5253005027770996
2166 3.4188148975372314
2167 3.547722339630127
2168 3.6099531650543213
2169 3.6985390186309814
2170 3.281704902648926
2171 3.530592679977417
2172 3.4138829708099365
2173 3.418586254119873
2174 3.779978036880493
2175 3.286698341369629
2176 3.507628917694092
2177 3.6570370197296143
2178 3.4911086559295654
2179 3.3913707733154297
2180 3.6337738037109375
2181 3.570175886154175
2182 3.8400659561157227
2183 3.8424437046051025
2184 4.236501216888428
2185 4.189566135406494
2186 4.126981258392334
2187 4.0074849128723145
2188 4.055039882659912
2189 4.224853038787842
2190 4.3278326988220215
2191 4.271326065063477
2192 4.170627117156982
2193 4.056377410888672
2194 4.114078044891357
2195 3.9516563415527344
2196 3.9763576984405518
2197 4.005698204040527
2198 4.08308744430542
2199 3.993894577026367
2200 3.8362157344818115
2201 3.9341530799865723
2202 3.5743024349212646
2203 3.885542631149292
2204 3.6930696964263916
2205 3.947035074234009
2206 3.605600118637085
2207 3.8171684741973877
2208 3.9384915828704834
2209 3.3735179901123047
2210 3.3780412673950195
2211 3.6458051204681396
2212 3.3976824283599854
2213 3.667424201965332
2214 3.4514589309692383
2215 3.219210624694824
2216 3.2378673553466797
2217 3.513312339782715
2218 3.4556665420532227
2219 3.5917749404907227
2220 3.2006404399871826
2221 3.6227502822875977
2222 3.5705411434173584
2223 3.4629807472229004
2224 3.7354555130004883
2225 3.8725576400756836
2226 3.798992395401001
2227 3.6583847999572754
2228 3.580636501312256
2229 3.532262086868286
2230 3.801422119140625
2231 3.807729721069336
2232 3.714246988296509
2233 3.965118646621704
2234 3.994363784790039
2235 4.047866344451904
2236 4.225851535797119
2237 4.479704856872559
2238 4.015958786010742
2239 4.150666236877441
2240 4.2148308753967285
2241 4.2565999031066895
2242 4.480210781097412
2243 4.22874641418457
2244 4.109178066253662
2245 4.095927715301514
2246 3.9613020420074463
2247 4.194899559020996
2248 4.2744927406311035
2249 3.8826348781585693
2250 3.83701491355896
2251 3.5776026248931885
2252 3.7007131576538086
2253 3.384218215942383
2254 3.5462090969085693
2255 3.838865041732788
2256 3.671816110610962
2257 3.935342788696289
2258 3.5468268394470215
2259 3.78456449508667
2260 3.895599842071533
2261 3.8123457431793213
2262 3.875675916671753
2263 3.7572684288024902
2264 3.862258195877075
2265 4.006229877471924
2266 4.178422451019287
2267 4.3399529457092285
2268 3.9589593410491943
2269 4.013257026672363
2270 4.295394420623779
2271 4.2077484130859375
2272 4.249212741851807
2273 4.104215145111084
2274 4.023794651031494
2275 3.8133645057678223
2276 3.910952568054199
2277 3.69398832321167
2278 3.9925992488861084
2279 3.752725601196289
2280 3.7975528240203857
2281 4.065312385559082
2282 3.9691572189331055
2283 3.9969139099121094
2284 3.8899316787719727
2285 3.880903959274292
2286 3.926875352859497
2287 3.879063129425049
2288 3.9237937927246094
2289 3.9471662044525146
2290 4.241973876953125
2291 4.13577127456665
2292 4.017475128173828
2293 3.794020891189575
2294 4.114931106567383
2295 3.8703315258026123
2296 3.863478183746338
2297 3.9017105102539063
2298 3.8857269287109375
2299 3.8095037937164307
2300 3.7494678497314453
2301 3.8421151638031006
2302 3.7961316108703613
2303 3.868304491043091
2304 3.868586778640747
2305 3.732245922088623
2306 3.9047887325286865
2307 3.9550163745880127
2308 4.14569616317749
2309 4.23227596282959
2310 4.166304588317871
2311 4.279099464416504
2312 4.204498291015625
2313 4.153497219085693
2314 4.126208305358887
2315 4.293323993682861
2316 3.983832359313965
2317 3.7651426792144775
2318 4.119434356689453
2319 4.333928108215332
2320 4.573025703430176
2321 4.451308250427246
2322 4.352013111114502
2323 4.202186107635498
2324 3.923065662384033
2325 3.7366201877593994
2326 3.939268112182617
2327 4.0858659744262695
2328 4.233381748199463
2329 4.265426158905029
2330 4.197361469268799
2331 4.193730354309082
2332 4.627279281616211
2333 4.790995121002197
2334 4.723509311676025
2335 4.916722774505615
2336 4.555899620056152
2337 4.72371244430542
2338 4.8429670333862305
2339 5.070441246032715
2340 4.848831653594971
2341 4.723815441131592
2342 5.03307580947876
2343 4.786438465118408
2344 4.985517501831055
2345 4.7587480545043945
2346 4.853285789489746
2347 5.086110591888428
2348 4.565670013427734
2349 4.684511661529541
2350 4.7647318840026855
2351 4.869536399841309
2352 4.963604927062988
2353 4.886288166046143
2354 4.587637424468994
2355 4.657574653625488
2356 4.6667094230651855
2357 4.404642581939697
2358 4.136445045471191
2359 4.078465461730957
2360 4.307980060577393
2361 4.392087936401367
2362 4.039115905761719
2363 4.093354225158691
2364 3.8930702209472656
2365 3.902127742767334
2366 3.770617961883545
2367 3.721222162246704
2368 4.013969421386719
2369 3.827800750732422
2370 3.92283296585083
2371 4.060725212097168
2372 3.8574860095977783
2373 4.059016704559326
2374 4.224928379058838
2375 4.128410816192627
2376 3.9436192512512207
2377 4.23459005355835
2378 3.951125383377075
2379 3.7405335903167725
2380 3.7490079402923584
2381 3.7948780059814453
2382 3.5895802974700928
2383 3.717555522918701
2384 3.6564793586730957
2385 3.7894673347473145
2386 3.9110569953918457
2387 4.320573329925537
2388 3.73319673538208
2389 3.8379886150360107
2390 3.7244527339935303
2391 4.183471202850342
2392 3.9826622009277344
2393 4.254549026489258
2394 4.46355676651001
2395 4.053715229034424
2396 4.4365997314453125
2397 4.340474605560303
2398 4.773690223693848
2399 4.654954433441162
2400 4.1339287757873535
2401 4.197414875030518
2402 4.475368499755859
2403 4.525017738342285
2404 4.160358428955078
2405 4.508125305175781
2406 4.296189785003662
2407 4.127103805541992
2408 4.097753047943115
2409 4.118406772613525
2410 4.4839911460876465
2411 4.619706153869629
2412 4.308004856109619
2413 3.968064546585083
2414 4.054042339324951
2415 3.7245960235595703
2416 4.015693187713623
2417 3.9828314781188965
2418 4.010315895080566
2419 4.214096546173096
2420 4.343338966369629
2421 3.8966376781463623
2422 4.027857303619385
2423 4.208718776702881
2424 3.901855707168579
2425 3.95011568069458
2426 4.036769390106201
2427 3.7882895469665527
2428 3.850529670715332
2429 4.04342794418335
2430 3.9596211910247803
2431 3.996263265609741
2432 3.931018114089966
2433 3.8238959312438965
2434 4.193970203399658
2435 4.153833389282227
2436 4.067262649536133
2437 4.190371990203857
2438 4.150937080383301
2439 4.198136806488037
2440 4.021618843078613
2441 3.965877056121826
2442 3.882369041442871
2443 3.752314329147339
2444 3.4402377605438232
2445 3.63381028175354
2446 3.5258381366729736
2447 3.658919095993042
2448 3.69755482673645
2449 3.6410136222839355
2450 3.5380585193634033
2451 3.7827579975128174
2452 3.847364902496338
2453 4.055084228515625
2454 4.270442485809326
2455 3.8281710147857666
2456 3.973177194595337
2457 3.8943912982940674
2458 3.871166467666626
2459 4.22633171081543
2460 4.386601448059082
2461 4.251678943634033
2462 4.11097526550293
2463 4.101513385772705
2464 4.167935848236084
2465 4.077212333679199
2466 3.9367775917053223
2467 3.6297972202301025
2468 3.5671546459198
2469 3.58860182762146
2470 3.557865858078003
2471 3.5952084064483643
2472 3.6244242191314697
2473 3.6494710445404053
2474 3.6798839569091797
2475 3.459920644760132
2476 3.824411153793335
2477 3.788250684738159
2478 3.950655460357666
2479 3.8672962188720703
2480 3.7296383380889893
2481 3.963660955429077
2482 4.203495025634766
2483 3.7612240314483643
2484 4.294493675231934
2485 4.106234550476074
2486 4.2877912521362305
2487 4.282771587371826
2488 4.19336462020874
2489 4.127280235290527
2490 3.881021022796631
2491 4.104957580566406
2492 3.715541362762451
2493 3.977834701538086
2494 4.321580410003662
2495 4.29337215423584
2496 4.5327467918396
2497 4.313825607299805
2498 4.66349458694458
2499 4.538577079772949
2500 4.478245258331299
2501 4.556248188018799
2502 4.362980842590332
2503 4.668635368347168
2504 4.59667444229126
2505 4.730158805847168
2506 4.049236297607422
2507 3.886613130569458
2508 4.211296558380127
2509 4.09157657623291
2510 4.125201225280762
2511 3.981049060821533
2512 4.304015636444092
2513 4.130514144897461
2514 4.0065460205078125
2515 3.8677592277526855
2516 4.243921756744385
2517 4.474968910217285
2518 4.192691326141357
2519 4.136612892150879
2520 4.1972150802612305
2521 3.970493793487549
2522 3.727142333984375
2523 3.6937520503997803
2524 3.9775357246398926
2525 3.5867886543273926
2526 3.694089651107788
2527 3.43689227104187
2528 3.6042866706848145
2529 3.5949084758758545
2530 3.933933973312378
2531 3.73685359954834
2532 3.866197109222412
2533 3.888043165206909
2534 4.157743453979492
2535 4.106081962585449
2536 3.7674012184143066
2537 4.20980167388916
2538 3.3991482257843018
2539 3.6841702461242676
2540 3.812821626663208
2541 3.7425544261932373
2542 3.6823770999908447
2543 3.619082450866699
2544 3.8513896465301514
2545 3.769963264465332
2546 3.840250253677368
2547 3.8995673656463623
2548 3.6300454139709473
2549 3.846754312515259
2550 3.693063497543335
2551 3.578368663787842
2552 4.152416706085205
2553 4.216951847076416
2554 4.358132839202881
2555 4.049276351928711
2556 3.8074071407318115
2557 3.889763116836548
2558 3.510514736175537
2559 3.757765531539917
2560 4.023621082305908
2561 3.808487892150879
2562 3.868748664855957
2563 3.7826218605041504
2564 3.5212206840515137
2565 3.580373525619507
2566 3.405876636505127
2567 3.2657670974731445
2568 3.16342830657959
2569 3.102149486541748
2570 2.9692795276641846
2571 3.037628650665283
2572 3.4556732177734375
2573 3.56201171875
2574 3.4092068672180176
2575 3.4739341735839844
2576 3.381275177001953
2577 3.6640758514404297
2578 3.8977177143096924
2579 3.540299415588379
2580 3.717313289642334
2581 3.8124160766601563
2582 4.123881816864014
2583 4.142056941986084
2584 3.951504945755005
2585 3.6116340160369873
2586 3.2978744506835938
2587 3.593655824661255
2588 3.91593074798584
2589 3.8760671615600586
2590 3.915048599243164
2591 3.726335287094116
2592 3.5726771354675293
2593 3.607372999191284
2594 3.4708452224731445
2595 3.615987539291382
2596 3.6526038646698
2597 4.050932884216309
2598 4.108288288116455
2599 4.059336185455322
2600 3.9816274642944336
2601 4.038814067840576
2602 4.141261577606201
2603 3.7339792251586914
2604 3.8774075508117676
2605 3.9493086338043213
2606 4.140529632568359
2607 4.165619373321533
2608 4.0537896156311035
2609 3.609529733657837
2610 3.7784223556518555
2611 4.214965343475342
2612 4.087026119232178
2613 3.864645481109619
2614 4.155117988586426
2615 3.939232349395752
2616 4.058010101318359
2617 3.991234540939331
2618 3.7676820755004883
2619 3.8397440910339355
2620 3.685570478439331
2621 3.4376392364501953
2622 3.1395366191864014
2623 3.1205196380615234
2624 3.041048288345337
2625 3.2457683086395264
2626 3.374734401702881
2627 3.4653971195220947
2628 3.1679255962371826
2629 3.153151035308838
2630 3.0465078353881836
2631 3.2373199462890625
2632 3.2996439933776855
2633 3.343165874481201
2634 3.3546383380889893
2635 3.3682098388671875
2636 3.333120584487915
2637 3.210735321044922
2638 3.1947436332702637
2639 3.0575709342956543
2640 3.017519235610962
2641 3.153219699859619
2642 3.246358633041382
2643 3.3118796348571777
2644 3.0707035064697266
2645 3.312721014022827
2646 3.575230121612549
2647 3.468369483947754
2648 3.720045328140259
2649 3.9130096435546875
2650 4.015880584716797
2651 3.9434332847595215
2652 3.9895973205566406
2653 3.871615171432495
2654 3.6315808296203613
2655 3.556583881378174
2656 3.8334219455718994
2657 3.8405613899230957
2658 3.762474775314331
2659 3.870694875717163
2660 3.579563617706299
2661 3.9525365829467773
2662 4.0106282234191895
2663 4.047606468200684
2664 4.417899131774902
2665 4.13472843170166
2666 4.144397258758545
2667 4.1881327629089355
2668 3.873995780944824
2669 3.450474262237549
2670 3.5931270122528076
2671 3.4866952896118164
2672 3.338240146636963
2673 3.672107458114624
2674 4.103752136230469
2675 4.1299147605896
2676 4.175693988800049
2677 3.8771674633026123
2678 4.02659797668457
2679 4.042684078216553
2680 4.389964580535889
2681 3.8581507205963135
2682 4.066341400146484
2683 3.490196466445923
2684 3.6802916526794434
2685 3.690922498703003
2686 3.76346755027771
2687 3.5309953689575195
2688 3.227003574371338
2689 3.9444360733032227
2690 3.9337520599365234
2691 3.8862948417663574
2692 3.849794864654541
2693 3.575849771499634
2694 3.446857213973999
2695 3.3817665576934814
2696 3.4689652919769287
2697 3.889869451522827
2698 3.9549243450164795
2699 4.329338550567627
2700 4.316409587860107
2701 4.269554138183594
2702 4.570830821990967
2703 4.563711166381836
2704 4.59635066986084
2705 4.724371433258057
2706 4.511137962341309
2707 4.4600934982299805
2708 4.32058048248291
2709 4.160591125488281
2710 3.48779296875
2711 3.4332237243652344
2712 3.6868512630462646
2713 3.7678773403167725
2714 4.325015544891357
2715 4.14972448348999
2716 4.400282382965088
2717 4.387641906738281
2718 3.9698526859283447
2719 3.707871198654175
2720 3.8602426052093506
2721 3.860285758972168
2722 3.947479248046875
2723 4.261367321014404
2724 3.8020827770233154
2725 3.819373846054077
2726 3.577843189239502
2727 3.552609443664551
2728 3.4961323738098145
2729 3.8342268466949463
2730 3.7688465118408203
2731 3.7918896675109863
2732 3.613250255584717
2733 3.677619695663452
2734 3.8968098163604736
2735 3.6640121936798096
2736 4.012162685394287
2737 3.967724084854126
2738 3.923980951309204
2739 3.8183233737945557
2740 3.765967845916748
2741 3.5771279335021973
2742 3.640166759490967
2743 3.4419970512390137
2744 3.4618020057678223
2745 3.790757179260254
2746 3.868513584136963
2747 3.942814588546753
2748 3.908083438873291
2749 3.7970266342163086
2750 3.870015859603882
2751 4.088169097900391
2752 4.202272891998291
2753 4.2432098388671875
2754 3.801325559616089
2755 3.859689950942993
2756 3.8356659412384033
2757 3.7920620441436768
2758 3.613265037536621
2759 3.4334168434143066
2760 3.286651849746704
2761 3.5837438106536865
2762 3.7906694412231445
2763 3.6223411560058594
2764 3.7957706451416016
2765 3.610856294631958
2766 3.5342044830322266
2767 3.6436023712158203
2768 4.126000881195068
2769 3.9288694858551025
2770 3.9262967109680176
2771 3.8354575634002686
2772 3.5940492153167725
2773 3.592513084411621
2774 4.020376682281494
2775 4.070608139038086
2776 4.01570463180542
2777 3.7552812099456787
2778 3.899535894393921
2779 4.076172351837158
2780 3.867388963699341
2781 3.808562755584717
2782 3.9329681396484375
2783 3.982086658477783
2784 4.156206130981445
2785 4.158626556396484
2786 4.230499267578125
2787 4.097081661224365
2788 4.089992523193359
2789 4.019703388214111
2790 4.084780693054199
2791 4.170040130615234
2792 3.9700021743774414
2793 4.141880512237549
2794 4.097810745239258
2795 4.014296531677246
2796 3.9220471382141113
2797 4.058888912200928
2798 3.776817798614502
2799 4.02307653427124
2800 3.85493540763855
2801 4.132646083831787
2802 4.159129619598389
2803 3.568857431411743
2804 3.499490737915039
2805 3.8036892414093018
2806 4.109656810760498
2807 4.257597923278809
2808 4.224503993988037
2809 4.360347747802734
2810 4.475080490112305
2811 4.056075096130371
2812 4.0906291007995605
2813 4.337443828582764
2814 4.347153186798096
2815 4.347701549530029
2816 4.280672550201416
2817 4.575572490692139
2818 4.625527858734131
2819 4.69576358795166
2820 4.808262348175049
2821 4.4829230308532715
2822 4.378502368927002
2823 4.1118879318237305
2824 4.36151647567749
2825 4.176992416381836
2826 3.9934136867523193
2827 4.1316752433776855
2828 3.591386318206787
2829 3.3470427989959717
2830 3.31790828704834
2831 3.31693434715271
2832 3.3488051891326904
2833 3.146984338760376
2834 3.2654430866241455
2835 3.4100468158721924
2836 3.5997722148895264
2837 3.4642324447631836
2838 3.4136621952056885
2839 3.2495973110198975
2840 3.3462257385253906
2841 3.60968017578125
2842 3.5520670413970947
2843 3.690854549407959
2844 3.7348287105560303
2845 3.6401865482330322
2846 3.587888717651367
2847 3.392674446105957
2848 3.5140109062194824
2849 3.286400318145752
2850 3.3269009590148926
2851 3.22275972366333
2852 3.247877359390259
2853 3.310818910598755
2854 3.1009607315063477
2855 2.7612507343292236
2856 3.1047518253326416
2857 2.9863369464874268
2858 3.263718843460083
2859 3.227282762527466
2860 3.0513720512390137
2861 3.024703025817871
2862 3.356137275695801
2863 3.445450782775879
2864 3.078702211380005
2865 3.2963249683380127
2866 3.742511034011841
2867 3.972121000289917
2868 3.815948486328125
2869 4.0484843254089355
2870 3.83808970451355
2871 4.089130401611328
2872 3.8329086303710938
2873 3.637444257736206
2874 3.863572835922241
2875 3.694584369659424
2876 3.9456779956817627
2877 4.120721340179443
2878 3.9450817108154297
2879 4.035346984863281
2880 3.8656113147735596
2881 3.8816616535186768
2882 3.67276668548584
2883 3.684864044189453
2884 3.944730758666992
2885 3.896135091781616
2886 3.6641998291015625
2887 4.095314025878906
2888 4.220149517059326
2889 3.8787670135498047
2890 3.8557093143463135
2891 4.079778671264648
2892 3.8761768341064453
2893 4.028594017028809
2894 3.9472413063049316
2895 3.9781932830810547
2896 4.27435302734375
2897 3.996039390563965
2898 3.96583890914917
2899 4.327247142791748
2900 4.224947929382324
2901 4.14131498336792
2902 4.187417030334473
2903 4.246767044067383
2904 4.053139686584473
2905 3.9054412841796875
2906 4.417476177215576
2907 4.5862627029418945
2908 4.3411664962768555
2909 4.429933071136475
2910 4.388811111450195
2911 4.178664684295654
2912 4.175417423248291
2913 4.294760227203369
2914 4.5309624671936035
2915 4.500434875488281
2916 4.521552562713623
2917 4.712459564208984
2918 4.875657081604004
2919 4.382296562194824
2920 4.258004665374756
2921 4.229644298553467
2922 3.8889026641845703
2923 4.032292366027832
2924 3.891674757003784
2925 3.6897425651550293
2926 3.7744598388671875
2927 3.65921688079834
2928 3.6016619205474854
2929 3.4341301918029785
2930 3.5092687606811523
2931 3.9395716190338135
2932 4.203153610229492
2933 3.771091938018799
2934 3.7010676860809326
2935 3.634996175765991
2936 3.470759630203247
2937 3.582052230834961
2938 3.7616658210754395
2939 3.4902968406677246
2940 3.7249093055725098
2941 4.009664058685303
2942 3.8335118293762207
2943 3.5799777507781982
2944 3.3408713340759277
2945 3.629804849624634
2946 4.053931713104248
2947 4.007994174957275
2948 3.7938201427459717
2949 3.680006504058838
2950 3.9441471099853516
2951 3.674393653869629
2952 3.8498597145080566
2953 3.7973697185516357
2954 3.49992299079895
2955 3.7034122943878174
2956 3.519174814224243
2957 3.5872995853424072
2958 3.680567979812622
2959 3.708285093307495
2960 3.538865089416504
2961 3.5886802673339844
2962 3.619826316833496
2963 3.5595555305480957
2964 3.3649604320526123
2965 3.584998607635498
2966 3.5324809551239014
2967 3.9570932388305664
2968 3.769052505493164
2969 3.582441806793213
2970 3.5482213497161865
2971 3.810112953186035
2972 3.7462713718414307
2973 4.0817389488220215
2974 3.9601030349731445
2975 3.9910531044006348
2976 4.228498935699463
2977 3.903585433959961
2978 4.078076362609863
2979 4.1317644119262695
2980 4.113211154937744
2981 4.508243083953857
2982 4.417812347412109
2983 4.359942436218262
2984 4.398288726806641
2985 4.323249816894531
2986 4.271345615386963
2987 4.210537433624268
2988 4.100882053375244
2989 3.795435905456543
2990 3.991321563720703
2991 3.8540561199188232
2992 4.005180358886719
2993 4.069818019866943
2994 3.769683599472046
2995 4.019735336303711
2996 3.9380264282226563
2997 4.019840717315674
2998 4.215558052062988
2999 4.049800872802734
3000 4.002233982086182
3001 4.143385410308838
3002 3.7442400455474854
3003 3.6208338737487793
3004 3.7357280254364014
3005 3.6483163833618164
3006 3.908261775970459
3007 4.078276634216309
3008 3.887725353240967
3009 3.7123701572418213
3010 3.648362636566162
3011 3.6366419792175293
3012 3.969076156616211
3013 3.9721930027008057
3014 4.310676574707031
3015 4.227900981903076
3016 4.254663467407227
3017 4.2192912101745605
3018 3.863075017929077
3019 3.8590800762176514
3020 3.9784023761749268
3021 4.1027913093566895
3022 4.386335372924805
3023 4.631892681121826
3024 4.536695957183838
3025 4.726188659667969
3026 4.246809005737305
3027 4.3694562911987305
3028 4.317028045654297
3029 4.065436363220215
3030 4.3893632888793945
3031 4.014532089233398
3032 3.845966100692749
3033 3.9738292694091797
3034 4.082573890686035
3035 4.1347479820251465
3036 4.391313076019287
3037 4.295724868774414
3038 4.531847953796387
3039 4.530898571014404
3040 4.14778470993042
3041 4.177291393280029
3042 4.55950927734375
3043 4.258509635925293
3044 4.233439922332764
3045 4.438241958618164
3046 4.236944675445557
3047 4.416072368621826
3048 4.205498218536377
3049 4.119640827178955
3050 4.0858378410339355
3051 4.07636022567749
3052 4.1185622215271
3053 4.326327323913574
3054 4.440858840942383
3055 4.560330867767334
3056 4.543517112731934
3057 4.34191370010376
3058 4.401129722595215
3059 4.423354625701904
3060 4.035317420959473
3061 4.133547306060791
3062 4.079139232635498
3063 4.0950469970703125
3064 4.434891700744629
3065 4.709222316741943
3066 4.413255214691162
3067 4.4094953536987305
3068 4.548213005065918
3069 4.550247669219971
3070 4.64764928817749
3071 4.618736267089844
3072 4.488439083099365
3073 4.589213848114014
3074 4.232794761657715
3075 4.489522933959961
3076 4.589772701263428
3077 5.029293060302734
3078 5.191064357757568
3079 5.0881781578063965
3080 4.776169300079346
3081 4.434218883514404
3082 4.4569902420043945
3083 4.6128315925598145
3084 4.626086711883545
3085 4.052395343780518
3086 4.065069198608398
3087 3.9599015712738037
3088 4.099557876586914
3089 4.015378475189209
3090 4.0198588371276855
3091 3.7300405502319336
3092 3.6931567192077637
3093 3.797816276550293
3094 3.7040929794311523
3095 3.5286734104156494
3096 3.6897847652435303
3097 3.8407537937164307
3098 3.966130018234253
3099 4.1347174644470215
3100 3.941527843475342
3101 3.974503755569458
3102 3.851088523864746
3103 3.8861212730407715
3104 4.043044567108154
3105 4.148092269897461
3106 3.668271064758301
3107 3.9801270961761475
3108 3.884546995162964
3109 3.9925944805145264
3110 3.741257429122925
3111 3.775529146194458
3112 3.912667751312256
3113 3.9291601181030273
3114 4.14116096496582
3115 4.203991889953613
3116 4.218326091766357
3117 4.091202735900879
3118 4.325499057769775
3119 4.2687506675720215
3120 4.150940418243408
3121 3.8251233100891113
3122 3.650207757949829
3123 3.8171865940093994
3124 4.158205986022949
3125 3.938692331314087
3126 3.696244716644287
3127 3.945934772491455
3128 4.190764427185059
3129 4.014235019683838
3130 3.786738157272339
3131 3.879818916320801
3132 3.5289690494537354
3133 3.727083444595337
3134 3.454439401626587
3135 3.2507145404815674
3136 3.366694927215576
3137 3.495746374130249
3138 3.5350735187530518
3139 3.568129062652588
3140 3.828507661819458
3141 3.5676450729370117
3142 3.3996384143829346
3143 3.5305793285369873
3144 3.574428081512451
3145 3.5608482360839844
3146 3.3825645446777344
3147 3.3153817653656006
3148 3.41195011138916
3149 3.5935111045837402
3150 3.2634098529815674
3151 3.3981282711029053
3152 3.7982969284057617
3153 3.7847187519073486
3154 3.8016436100006104
3155 3.597480535507202
3156 3.7944769859313965
3157 3.6755638122558594
3158 3.4107775688171387
3159 3.346796989440918
3160 3.5066161155700684
3161 3.2814886569976807
3162 3.315774440765381
3163 3.602717399597168
3164 3.5923659801483154
3165 3.2652273178100586
3166 2.9222185611724854
3167 2.9394397735595703
3168 2.9213786125183105
3169 2.771413564682007
3170 2.8953168392181396
3171 3.223153591156006
3172 3.0387258529663086
3173 3.1601996421813965
3174 3.3404502868652344
3175 3.5379478931427
3176 3.372616767883301
3177 3.2211453914642334
3178 3.3176209926605225
3179 3.4537248611450195
3180 3.197056770324707
3181 3.5852513313293457
3182 3.9724786281585693
3183 3.7907679080963135
3184 3.6019108295440674
3185 3.7515945434570313
3186 3.615097761154175
3187 4.079242706298828
3188 4.1152448654174805
3189 4.386906147003174
3190 4.257575988769531
3191 4.291229248046875
3192 4.192302703857422
3193 3.997032403945923
3194 3.922788143157959
3195 3.854572057723999
3196 3.851714849472046
3197 3.855644941329956
3198 3.7145166397094727
3199 3.696523904800415
3200 3.7014667987823486
3201 3.960240364074707
3202 4.092597961425781
3203 4.030592918395996
3204 3.619425058364868
3205 3.7931265830993652
3206 4.169449806213379
3207 4.035329818725586
3208 4.1234612464904785
3209 4.232047080993652
3210 4.350090980529785
3211 4.0976104736328125
3212 4.123109817504883
3213 4.114715576171875
3214 4.186629772186279
3215 4.3119635581970215
3216 3.9853458404541016
3217 3.8611011505126953
3218 3.687215805053711
3219 3.6893234252929688
3220 3.5938479900360107
3221 3.904862403869629
3222 3.632664918899536
3223 3.2233619689941406
3224 3.606041193008423
3225 3.197253942489624
3226 3.2610108852386475
3227 3.0163488388061523
3228 3.244584560394287
3229 3.311408758163452
3230 3.309478998184204
3231 3.1801459789276123
3232 3.3121821880340576
3233 3.556407928466797
3234 3.2932894229888916
3235 3.4811062812805176
3236 3.2945659160614014
3237 3.3098092079162598
3238 3.2980785369873047
3239 3.6359918117523193
3240 3.3446896076202393
3241 3.7296090126037598
3242 3.953228235244751
3243 4.144649982452393
3244 3.983551263809204
3245 4.016042709350586
3246 3.7415246963500977
3247 3.857940912246704
3248 3.755293846130371
3249 3.683685064315796
3250 3.654688835144043
3251 3.5021424293518066
3252 3.4862983226776123
3253 3.1210999488830566
3254 3.010969638824463
3255 3.414435625076294
3256 3.2277042865753174
3257 3.2645771503448486
3258 3.3966064453125
3259 3.1447834968566895
3260 3.650790214538574
3261 3.7842509746551514
3262 3.745377779006958
3263 3.5665717124938965
3264 3.685303211212158
3265 3.6246750354766846
3266 3.8113512992858887
3267 3.5333685874938965
3268 3.4107630252838135
3269 3.3680925369262695
3270 3.3483731746673584
3271 3.497960090637207
3272 3.3439173698425293
3273 3.722608804702759
3274 3.7739064693450928
3275 3.7764878273010254
3276 3.763723850250244
3277 4.00062370300293
3278 4.336803436279297
3279 3.9742863178253174
3280 4.251821041107178
3281 3.5915489196777344
3282 3.595074415206909
3283 3.8994953632354736
3284 3.952136278152466
3285 3.836247205734253
3286 3.8665289878845215
3287 3.963554620742798
3288 3.806081533432007
3289 3.9311392307281494
3290 3.645268678665161
3291 3.7036359310150146
3292 3.4403891563415527
3293 3.7091469764709473
3294 3.9272289276123047
3295 3.847705602645874
3296 3.318556785583496
3297 3.50498366355896
3298 3.5199108123779297
3299 3.663081407546997
3300 4.245396614074707
3301 4.487788677215576
3302 4.205549240112305
3303 4.611698627471924
3304 4.192806243896484
3305 3.9988083839416504
3306 3.914904832839966
3307 3.8269131183624268
3308 3.7455830574035645
3309 3.74149227142334
3310 3.8495752811431885
3311 3.9737956523895264
3312 3.87150239944458
3313 3.9737303256988525
3314 3.7490055561065674
3315 4.001730442047119
3316 4.076223373413086
3317 4.0398383140563965
3318 4.112914562225342
3319 4.13564920425415
3320 3.8085782527923584
3321 4.082549095153809
3322 3.761702537536621
3323 3.6987457275390625
3324 3.7622320652008057
3325 3.870396852493286
3326 3.9316275119781494
3327 4.137068271636963
3328 3.950331211090088
3329 3.8876359462738037
3330 3.8016932010650635
3331 3.863072633743286
3332 3.6111762523651123
3333 3.5219767093658447
3334 3.316661834716797
3335 3.487253427505493
3336 3.569687604904175
3337 3.5226011276245117
3338 3.588611364364624
3339 3.5069236755371094
3340 3.8052356243133545
3341 3.7312023639678955
3342 3.8502278327941895
3343 3.7553327083587646
3344 3.7448174953460693
3345 3.6129276752471924
3346 3.2190937995910645
3347 3.2854154109954834
3348 3.3289201259613037
3349 3.2046384811401367
3350 3.2505900859832764
3351 3.311042070388794
3352 3.884158134460449
3353 4.070707321166992
3354 4.153864860534668
3355 3.9837045669555664
3356 3.668910503387451
3357 4.105559825897217
3358 3.7919745445251465
3359 3.596724271774292
3360 3.5892956256866455
3361 3.5274617671966553
3362 3.4225494861602783
3363 3.7462193965911865
3364 3.9587085247039795
3365 3.810636043548584
3366 3.737797975540161
3367 3.8449630737304688
3368 3.4427032470703125
3369 3.7629435062408447
3370 4.021748065948486
3371 4.025392055511475
3372 3.926703691482544
3373 3.9565351009368896
3374 3.9487736225128174
3375 4.140990734100342
3376 3.7761762142181396
3377 3.3670871257781982
3378 3.560605049133301
3379 3.996952772140503
3380 3.7391135692596436
3381 3.897031545639038
3382 4.159409046173096
3383 4.016324996948242
3384 3.437206745147705
3385 3.788459539413452
3386 3.670037269592285
3387 3.5303099155426025
3388 3.662066698074341
3389 3.266530990600586
3390 3.337550640106201
3391 3.19079852104187
3392 3.4185516834259033
3393 3.4149134159088135
3394 3.487314462661743
3395 3.396353006362915
3396 3.586021661758423
3397 3.59928035736084
3398 3.25118088722229
3399 3.6170544624328613
3400 3.4769012928009033
3401 3.359734535217285
3402 3.6161952018737793
3403 3.6051313877105713
3404 3.4067533016204834
3405 3.755528688430786
3406 3.630906105041504
3407 3.645744800567627
3408 3.4542489051818848
3409 3.055027723312378
3410 3.24000883102417
3411 3.328828811645508
3412 3.439500570297241
3413 3.5087058544158936
3414 3.3969812393188477
3415 3.5412757396698
3416 3.8318209648132324
3417 3.838010311126709
3418 3.812645673751831
3419 3.7126476764678955
3420 3.609102487564087
3421 3.744974374771118
3422 3.6164400577545166
3423 3.6712191104888916
3424 3.9124934673309326
3425 3.9970920085906982
3426 3.729532241821289
3427 3.7392184734344482
3428 3.58050799369812
3429 3.6918978691101074
3430 3.6107921600341797
3431 3.5113532543182373
3432 3.4591691493988037
3433 3.096660614013672
3434 3.2503464221954346
3435 3.296381950378418
3436 3.28393292427063
3437 3.218900442123413
3438 3.408299446105957
3439 3.236052989959717
3440 3.4378092288970947
3441 3.4355461597442627
3442 3.3911869525909424
3443 3.3972561359405518
3444 3.4514851570129395
3445 3.090463876724243
3446 3.547902822494507
3447 3.713182210922241
3448 3.8522276878356934
3449 4.070301532745361
3450 3.8457276821136475
3451 3.375750780105591
3452 3.144528865814209
3453 3.0579090118408203
3454 3.2425169944763184
3455 3.524477243423462
3456 3.517630100250244
3457 3.4810311794281006
3458 3.7544913291931152
3459 3.5656583309173584
3460 3.6176958084106445
3461 4.0377655029296875
3462 4.497912406921387
3463 4.1647047996521
3464 4.046692848205566
3465 4.235956192016602
3466 4.106184005737305
3467 3.6920642852783203
3468 3.1650896072387695
3469 3.4564831256866455
3470 3.566577196121216
3471 3.604968786239624
3472 3.6531269550323486
3473 3.3980867862701416
3474 3.15643048286438
3475 3.386256694793701
3476 3.2963201999664307
3477 3.527843475341797
3478 3.434587001800537
3479 3.5730950832366943
3480 3.697507858276367
3481 3.744488000869751
3482 3.77162766456604
3483 3.607602834701538
3484 3.727871894836426
3485 3.472491979598999
3486 3.551666498184204
3487 3.7169222831726074
3488 3.958427906036377
3489 3.902381420135498
3490 3.5855658054351807
3491 3.8459367752075195
3492 3.979043483734131
3493 3.68808913230896
3494 3.86527419090271
3495 3.655109167098999
3496 3.7713167667388916
3497 3.8383238315582275
3498 3.7568845748901367
3499 3.8131558895111084
3500 3.846889019012451
3501 3.874429225921631
3502 4.067557334899902
3503 4.381870269775391
3504 4.160934925079346
3505 4.190742492675781
3506 4.292899131774902
3507 4.34442663192749
3508 4.2580060958862305
3509 4.294477462768555
3510 4.269424915313721
3511 4.161730766296387
3512 4.1902313232421875
3513 4.374845504760742
3514 3.6076667308807373
3515 4.219109058380127
3516 4.208481788635254
3517 4.158166885375977
3518 4.132506370544434
3519 4.220317840576172
3520 4.148654460906982
3521 4.342091083526611
3522 4.0856218338012695
3523 3.8853912353515625
3524 4.055922985076904
3525 4.0222320556640625
3526 4.115616798400879
3527 4.006818771362305
3528 4.154983997344971
3529 4.115268707275391
3530 4.255257606506348
3531 4.085844039916992
3532 3.9655983448028564
3533 4.292242050170898
3534 4.20111608505249
3535 4.334397792816162
3536 3.753671646118164
3537 3.612460136413574
3538 3.7671103477478027
3539 3.427318572998047
3540 3.5998587608337402
3541 3.7211430072784424
3542 3.6579363346099854
3543 3.928598403930664
3544 3.5783495903015137
3545 3.6378977298736572
3546 3.3324108123779297
3547 3.5920238494873047
3548 3.6477346420288086
3549 3.7356083393096924
3550 3.5052547454833984
3551 3.6781582832336426
3552 3.610757827758789
3553 3.739022731781006
3554 3.9755020141601563
3555 3.9957351684570313
3556 3.91082501411438
3557 3.989558458328247
3558 4.193924903869629
3559 4.0000433921813965
3560 4.023837566375732
3561 4.259291172027588
3562 4.087462902069092
3563 4.055604457855225
3564 3.9402341842651367
3565 3.8791744709014893
3566 4.121547222137451
3567 4.093513011932373
3568 4.309247970581055
3569 4.330536365509033
3570 4.124580383300781
3571 4.081175804138184
3572 3.932368040084839
3573 3.868913173675537
3574 3.924020290374756
3575 4.085503101348877
3576 4.074167728424072
3577 4.154489040374756
3578 3.7067339420318604
3579 3.835724353790283
3580 4.040349960327148
3581 3.9074318408966064
3582 4.186830043792725
3583 3.82723331451416
3584 3.49507212638855
3585 3.9001450538635254
3586 3.772472381591797
3587 3.840097427368164
3588 3.9246225357055664
3589 4.038032531738281
3590 3.8377747535705566
3591 3.949920654296875
3592 3.734175443649292
3593 3.864227533340454
3594 4.00511360168457
3595 3.700814962387085
3596 3.876105785369873
3597 3.6602766513824463
3598 3.5931243896484375
3599 3.451251745223999
3600 3.8206024169921875
3601 3.4997265338897705
3602 3.6808714866638184
3603 3.7443583011627197
3604 3.662036180496216
3605 3.8823721408843994
3606 3.8484461307525635
3607 3.7219982147216797
3608 4.161750793457031
3609 4.128446102142334
3610 4.134451866149902
3611 4.312572002410889
3612 3.9209015369415283
3613 3.780961751937866
3614 3.810197114944458
3615 4.10293436050415
3616 4.049518585205078
3617 3.8654136657714844
3618 3.7565202713012695
3619 3.7360360622406006
3620 3.6083810329437256
3621 3.937795639038086
3622 3.7221555709838867
3623 3.684826135635376
3624 3.728188991546631
3625 3.426813840866089
3626 3.296851634979248
3627 3.6636083126068115
3628 3.910517692565918
3629 3.8580896854400635
3630 3.8609886169433594
3631 3.574174165725708
3632 3.707871913909912
3633 3.550062656402588
3634 3.7770400047302246
3635 3.4124715328216553
3636 3.2983920574188232
3637 3.3937902450561523
3638 3.325144052505493
3639 3.3629252910614014
3640 3.3908989429473877
3641 3.480970621109009
3642 3.5568947792053223
3643 3.4580113887786865
3644 3.4559686183929443
3645 3.452085494995117
3646 3.375943422317505
3647 3.3965065479278564
3648 3.38950514793396
3649 3.5451862812042236
3650 3.7393198013305664
3651 4.079729080200195
3652 4.019276142120361
3653 3.744367837905884
3654 3.791231393814087
3655 3.5818076133728027
3656 3.9279801845550537
3657 4.0035271644592285
3658 3.6243581771850586
3659 4.290003299713135
3660 4.018714904785156
3661 3.95883846282959
3662 3.9538185596466064
3663 3.971482276916504
3664 3.91679310798645
3665 3.891805648803711
3666 3.7649447917938232
3667 3.7320239543914795
3668 4.041022300720215
3669 3.7745609283447266
3670 3.37432599067688
3671 3.2807469367980957
3672 3.2131636142730713
3673 3.2103822231292725
3674 3.157994508743286
3675 3.172578811645508
3676 3.430431365966797
3677 3.5273444652557373
3678 3.897212028503418
3679 3.8737525939941406
3680 3.7999110221862793
3681 3.964982271194458
3682 4.0680036544799805
3683 3.6219539642333984
3684 3.6701462268829346
3685 3.4377176761627197
3686 3.465998888015747
3687 3.7736213207244873
3688 3.683415651321411
3689 3.759047269821167
3690 3.772449493408203
3691 3.7780306339263916
3692 3.823976516723633
3693 4.090141773223877
3694 3.845057249069214
3695 4.111259460449219
3696 4.133060932159424
3697 3.9820444583892822
3698 3.7994043827056885
3699 3.5388238430023193
3700 3.4319052696228027
3701 3.906540632247925
3702 3.8454718589782715
3703 3.588815212249756
3704 3.5968868732452393
3705 3.4972004890441895
3706 3.6161012649536133
3707 3.973339319229126
3708 3.877415895462036
3709 4.000035285949707
3710 3.9674386978149414
3711 3.7725000381469727
3712 3.6080684661865234
3713 3.751755475997925
3714 3.841461420059204
3715 4.156798362731934
3716 3.7230567932128906
3717 3.7363264560699463
3718 3.584146022796631
3719 3.605501413345337
3720 3.600733757019043
3721 3.635666608810425
3722 3.706815719604492
3723 3.8525516986846924
3724 3.79599928855896
3725 3.9341819286346436
3726 4.117432594299316
3727 4.159451484680176
3728 4.2177605628967285
3729 4.043281078338623
3730 4.062180995941162
3731 3.7856876850128174
3732 3.910362720489502
3733 4.038167953491211
3734 3.9072394371032715
3735 3.8950035572052
3736 4.557009696960449
3737 4.231576919555664
3738 4.083727836608887
3739 3.6391162872314453
3740 3.5289242267608643
3741 3.786881685256958
3742 3.8500277996063232
3743 3.6460976600646973
3744 3.7670891284942627
3745 3.782789707183838
3746 3.991194009780884
3747 4.0987653732299805
3748 4.224116802215576
3749 4.162572383880615
3750 4.208499908447266
3751 4.12709379196167
3752 4.034086227416992
3753 3.9854865074157715
3754 3.976771116256714
3755 3.6231422424316406
3756 4.151239395141602
3757 4.521179676055908
3758 4.046397686004639
3759 4.184189796447754
3760 3.904184103012085
3761 4.365160942077637
3762 4.1757283210754395
3763 4.214844703674316
3764 4.061925888061523
3765 3.9476146697998047
3766 3.793562412261963
3767 3.5926222801208496
3768 3.852550983428955
3769 3.765094518661499
3770 4.200553894042969
3771 4.370975971221924
3772 4.198296546936035
3773 4.081869125366211
3774 4.075845241546631
3775 3.959357976913452
3776 3.9981682300567627
3777 3.92372727394104
3778 3.808326244354248
3779 3.964273452758789
3780 4.149223804473877
3781 4.244757175445557
3782 3.875617504119873
3783 3.790194272994995
3784 3.6508679389953613
3785 3.4845476150512695
3786 3.7880940437316895
3787 3.9083681106567383
3788 3.7780630588531494
3789 3.7146897315979004
3790 3.859633684158325
3791 3.716280937194824
3792 3.7549610137939453
3793 3.749119281768799
3794 3.660057783126831
3795 3.739994525909424
3796 3.4637680053710938
3797 3.46341609954834
3798 3.4646921157836914
3799 3.5311288833618164
3800 3.6194558143615723
3801 3.5993149280548096
3802 3.37803053855896
3803 3.518325090408325
3804 3.762199878692627
3805 4.037628650665283
3806 3.825953245162964
3807 3.7441415786743164
3808 3.9818642139434814
3809 4.1530351638793945
3810 3.7626266479492188
3811 3.7783501148223877
3812 3.352773666381836
3813 3.4400975704193115
3814 3.3776803016662598
3815 3.4634759426116943
3816 3.984661102294922
3817 3.8856887817382813
3818 3.8816983699798584
3819 4.0086846351623535
3820 3.9557440280914307
3821 3.8993897438049316
3822 3.924438953399658
3823 4.092686176300049
3824 3.6848785877227783
3825 3.6538162231445313
3826 3.4761250019073486
3827 3.806126117706299
3828 3.781224250793457
3829 3.680432081222534
3830 3.898926019668579
3831 3.7966320514678955
3832 3.8827030658721924
3833 3.8478140830993652
3834 3.824890375137329
3835 3.60477352142334
3836 3.522325277328491
3837 3.82736873626709
3838 3.9462594985961914
3839 3.8170807361602783
3840 3.674400806427002
3841 3.6570699214935303
3842 3.689474582672119
3843 3.737374782562256
3844 3.835813045501709
3845 4.065191268920898
3846 4.393311023712158
3847 4.2693963050842285
3848 4.371503829956055
3849 3.907674551010132
3850 4.017327308654785
3851 4.032103061676025
3852 4.213756084442139
3853 4.4227681159973145
3854 4.403109550476074
3855 4.378296375274658
3856 4.2041192054748535
3857 4.292476177215576
3858 3.9785940647125244
3859 3.9752180576324463
3860 3.8609235286712646
3861 4.221141815185547
3862 3.9997878074645996
3863 4.3097453117370605
3864 4.092582702636719
3865 4.191214084625244
3866 4.085339069366455
3867 4.031486988067627
3868 3.945579767227173
3869 3.8422040939331055
3870 3.8621373176574707
3871 4.007681369781494
3872 4.142220497131348
3873 3.975714921951294
3874 4.389439105987549
3875 4.583824157714844
3876 4.341437339782715
3877 4.349123954772949
3878 4.618436813354492
3879 4.351892948150635
3880 4.35404634475708
3881 4.112621784210205
3882 3.8997113704681396
3883 4.289464473724365
3884 4.071173191070557
3885 3.968888521194458
3886 4.230726718902588
3887 4.612967014312744
3888 4.5072102546691895
3889 4.29895544052124
3890 4.290273189544678
3891 4.107284069061279
3892 4.2371954917907715
3893 4.187600135803223
3894 3.8651680946350098
3895 3.808669090270996
3896 3.8150205612182617
3897 3.6370718479156494
3898 4.085624694824219
3899 4.292978763580322
3900 3.9743411540985107
3901 3.9730801582336426
3902 4.078336238861084
3903 4.049961090087891
3904 3.7907731533050537
3905 4.187748432159424
3906 4.614415645599365
3907 4.519960880279541
3908 4.589822769165039
3909 4.428897857666016
3910 4.553374767303467
3911 4.563043594360352
3912 4.5961737632751465
3913 4.391873836517334
3914 4.3207879066467285
3915 4.2206010818481445
3916 4.369369983673096
3917 4.346595764160156
3918 4.098690986633301
3919 4.2703962326049805
3920 4.674752235412598
3921 4.7144646644592285
3922 4.352230548858643
3923 4.438095569610596
3924 4.4362006187438965
3925 4.300426006317139
3926 4.196457862854004
3927 4.3950982093811035
3928 4.232925891876221
3929 4.064371585845947
3930 4.2666449546813965
3931 4.303837299346924
3932 4.546271324157715
3933 4.444416522979736
3934 4.373785495758057
3935 4.573644638061523
3936 4.604250431060791
3937 4.545302867889404
3938 4.634915351867676
3939 4.9758710861206055
3940 5.302132606506348
3941 5.591024875640869
3942 5.167510986328125
3943 5.432776927947998
3944 5.441220760345459
3945 5.3369855880737305
3946 5.37977933883667
3947 4.750399112701416
3948 5.066560745239258
3949 5.357484340667725
3950 4.892333507537842
3951 5.1063642501831055
3952 5.308591365814209
3953 5.269798755645752
3954 5.277368545532227
3955 5.214731693267822
3956 5.2645134925842285
3957 5.157909870147705
3958 4.892394065856934
3959 4.724897861480713
3960 4.926139831542969
3961 4.709226608276367
3962 4.670904159545898
3963 4.620515823364258
3964 4.721062660217285
3965 4.68585729598999
3966 4.795844554901123
3967 5.235492706298828
3968 5.01380729675293
3969 5.267616271972656
3970 5.437864780426025
3971 5.490667819976807
3972 5.567656993865967
3973 5.656222343444824
3974 5.32665491104126
3975 5.552267074584961
3976 5.206284523010254
3977 5.530926704406738
3978 5.690293312072754
3979 5.828056335449219
3980 5.81519079208374
3981 5.453133583068848
3982 5.534362316131592
3983 5.2464280128479
3984 5.078288555145264
3985 4.9676408767700195
3986 5.308124542236328
3987 5.191160202026367
3988 5.136363983154297
3989 5.634504795074463
3990 5.415587425231934
3991 5.344149112701416
3992 5.364837646484375
3993 5.359645843505859
3994 5.074242115020752
3995 5.085237979888916
3996 5.026153087615967
3997 5.280393600463867
3998 4.927497863769531
3999 4.8804097175598145
