# Frame Protein_DNA_total_backbone_RMSD_Angstrom
0 0.0
1 1.1750606298446655
2 1.183229923248291
3 1.2377243041992188
4 1.3789788484573364
5 1.7232857942581177
6 1.7344958782196045
7 1.8103514909744263
8 1.8042247295379639
9 2.0114996433258057
10 2.108644962310791
11 1.550416350364685
12 1.611975073814392
13 1.646584391593933
14 1.9719080924987793
15 1.7048065662384033
16 1.7067229747772217
17 1.6820871829986572
18 2.075917959213257
19 2.01880145072937
20 2.1880946159362793
21 1.9739658832550049
22 1.7499336004257202
23 2.1585724353790283
24 2.563661813735962
25 2.719943046569824
26 2.9034664630889893
27 2.7746715545654297
28 2.7502453327178955
29 2.777238368988037
30 2.6438751220703125
31 2.9010398387908936
32 3.035966634750366
33 2.9254817962646484
34 3.1823835372924805
35 3.079935312271118
36 3.375868320465088
37 3.053102970123291
38 3.1198081970214844
39 2.869680643081665
40 3.1070339679718018
41 3.0964598655700684
42 3.048128366470337
43 3.1654295921325684
44 3.018064260482788
45 2.762460947036743
46 3.001938819885254
47 2.9162025451660156
48 2.6608073711395264
49 2.6297836303710938
50 2.7918639183044434
51 2.6094937324523926
52 2.6198952198028564
53 2.25358247756958
54 2.671921491622925
55 2.4855356216430664
56 2.7314717769622803
57 2.765327215194702
58 2.9562838077545166
59 2.627427339553833
60 2.9050393104553223
61 2.7031636238098145
62 2.6429436206817627
63 2.778909683227539
64 3.018311023712158
65 2.896949291229248
66 3.023799180984497
67 3.0752477645874023
68 2.8259637355804443
69 2.467076539993286
70 2.478288173675537
71 2.4903955459594727
72 3.0680506229400635
73 2.8025496006011963
74 2.4627902507781982
75 2.581853151321411
76 2.454115152359009
77 2.474566698074341
78 2.6576788425445557
79 2.908236503601074
80 3.065836191177368
81 3.3187360763549805
82 3.2289249897003174
83 3.2912983894348145
84 2.673513412475586
85 2.854671001434326
86 2.576030731201172
87 2.6058273315429688
88 2.43180251121521
89 2.2293834686279297
90 2.030886650085449
91 2.195927143096924
92 2.3558883666992188
93 2.546964645385742
94 2.577280282974243
95 2.5100858211517334
96 2.4377026557922363
97 2.2844135761260986
98 2.4611456394195557
99 2.327241897583008
100 2.253545045852661
101 2.4357712268829346
102 2.5663938522338867
103 2.818114995956421
104 2.855351209640503
105 2.8153631687164307
106 2.8263742923736572
107 2.825286865234375
108 3.3661561012268066
109 3.1207196712493896
110 2.9853320121765137
111 2.8470864295959473
112 2.8344898223876953
113 2.7150981426239014
114 2.609103202819824
115 3.0125787258148193
116 2.7557013034820557
117 2.597064971923828
118 2.2817983627319336
119 2.73075795173645
120 2.5161471366882324
121 2.5086498260498047
122 2.6553895473480225
123 2.493276834487915
124 2.027515411376953
125 2.126322031021118
126 2.120267391204834
127 1.9366369247436523
128 2.214108467102051
129 2.791719675064087
130 2.9751925468444824
131 3.0594606399536133
132 3.139559745788574
133 3.041827440261841
134 2.9859321117401123
135 3.022498607635498
136 3.412710666656494
137 3.1896817684173584
138 2.857445478439331
139 2.602201223373413
140 2.375004291534424
141 2.447960376739502
142 2.49975323677063
143 2.295020818710327
144 2.4368367195129395
145 2.3161306381225586
146 2.1036760807037354
147 2.409471273422241
148 2.104132890701294
149 2.1544909477233887
150 1.8446365594863892
151 2.040073871612549
152 2.2490997314453125
153 2.352405071258545
154 2.5012950897216797
155 2.406926155090332
156 2.4146809577941895
157 2.3380861282348633
158 2.469067335128784
159 2.4907732009887695
160 2.4220311641693115
161 2.4504170417785645
162 2.5752549171447754
163 2.6388301849365234
164 2.7012789249420166
165 2.362593412399292
166 2.5248305797576904
167 2.634145975112915
168 2.5599706172943115
169 2.4382786750793457
170 2.668154239654541
171 2.3536298274993896
172 2.511268138885498
173 2.4721896648406982
174 2.692356586456299
175 2.7494962215423584
176 2.7464828491210938
177 2.5890660285949707
178 2.7028279304504395
179 2.9837722778320313
180 2.7243077754974365
181 2.8915293216705322
182 2.6855342388153076
183 2.7062482833862305
184 2.8003008365631104
185 2.787738084793091
186 2.937542200088501
187 2.9925992488861084
188 2.8174543380737305
189 3.025097370147705
190 3.061391592025757
191 3.0123555660247803
192 3.075995683670044
193 2.814626693725586
194 2.8110036849975586
195 2.7764995098114014
196 2.7184228897094727
197 2.9029276371002197
198 2.8160719871520996
199 2.7237846851348877
200 2.6204779148101807
201 2.624359369277954
202 2.7375879287719727
203 2.739096164703369
204 2.5618631839752197
205 2.5244040489196777
206 2.376143217086792
207 2.5144593715667725
208 2.420177698135376
209 2.57489013671875
210 2.838636636734009
211 2.9707424640655518
212 2.7338733673095703
213 2.570209264755249
214 2.7702457904815674
215 2.713080883026123
216 2.7212040424346924
217 2.8082637786865234
218 2.733961582183838
219 2.6775736808776855
220 2.569136619567871
221 2.615713357925415
222 2.7659435272216797
223 2.679638624191284
224 2.952094554901123
225 2.780712127685547
226 2.7099380493164063
227 2.9284865856170654
228 2.9684929847717285
229 2.7316274642944336
230 2.753448247909546
231 2.9550788402557373
232 2.731872081756592
233 3.06882905960083
234 3.2775332927703857
235 3.374295711517334
236 3.086897611618042
237 3.0376570224761963
238 3.326061725616455
239 3.04784893989563
240 3.0038962364196777
241 2.923977851867676
242 2.852811336517334
243 3.1004509925842285
244 3.1139416694641113
245 2.7680323123931885
246 2.734955310821533
247 2.4466724395751953
248 2.237900733947754
249 2.4039788246154785
250 2.4975228309631348
251 2.756424903869629
252 2.943467378616333
253 2.798496723175049
254 3.3587355613708496
255 3.1364588737487793
256 3.1864686012268066
257 3.1494052410125732
258 3.274527072906494
259 2.9290413856506348
260 2.630971908569336
261 2.983102560043335
262 3.3988823890686035
263 3.225321054458618
264 3.1832969188690186
265 3.3121707439422607
266 3.0203118324279785
267 3.3766746520996094
268 3.6948721408843994
269 3.945852279663086
270 3.840332269668579
271 3.56013822555542
272 3.339993953704834
273 2.919729232788086
274 2.7470695972442627
275 2.9819934368133545
276 3.1917827129364014
277 2.9723868370056152
278 2.9854393005371094
279 2.75803279876709
280 2.4795186519622803
281 2.3399155139923096
282 2.60661244392395
283 2.467581272125244
284 2.5692129135131836
285 2.9527080059051514
286 2.9272754192352295
287 2.7711398601531982
288 2.7209393978118896
289 2.8819773197174072
290 2.639505386352539
291 2.703799247741699
292 2.6127045154571533
293 2.489365816116333
294 2.706343173980713
295 2.6214568614959717
296 2.401855707168579
297 2.5523853302001953
298 2.781308889389038
299 2.8301022052764893
300 2.594242811203003
301 2.3538928031921387
302 2.1579620838165283
303 2.122734785079956
304 2.3819544315338135
305 2.3819167613983154
306 2.5727293491363525
307 2.7285118103027344
308 2.488873243331909
309 2.821246862411499
310 2.680521011352539
311 2.5126986503601074
312 2.661994457244873
313 2.565751075744629
314 2.6631247997283936
315 2.8389225006103516
316 2.579922676086426
317 2.8006632328033447
318 2.6959643363952637
319 2.7653310298919678
320 2.7767484188079834
321 2.3462963104248047
322 2.724496603012085
323 2.6882362365722656
324 2.616630792617798
325 2.3335225582122803
326 2.3482425212860107
327 2.572686195373535
328 2.5832245349884033
329 2.24271559715271
330 2.033735990524292
331 2.220782995223999
332 2.59503173828125
333 2.6754095554351807
334 2.4110209941864014
335 2.6157405376434326
336 2.7294633388519287
337 2.8366899490356445
338 3.1818816661834717
339 3.377746343612671
340 3.4505763053894043
341 3.2079739570617676
342 3.339352607727051
343 4.047137260437012
344 4.181663990020752
345 4.181204319000244
346 4.0491228103637695
347 4.404682159423828
348 4.369335174560547
349 4.30902624130249
350 4.013000965118408
351 3.8860726356506348
352 4.48973274230957
353 4.238243103027344
354 4.1912078857421875
355 4.152795314788818
356 4.150243282318115
357 3.7968626022338867
358 3.9023489952087402
359 3.8247809410095215
360 3.996445417404175
361 4.022397041320801
362 3.888174057006836
363 3.899054765701294
364 3.7182581424713135
365 3.9555306434631348
366 3.821849822998047
367 3.948296070098877
368 3.760258197784424
369 3.4943172931671143
370 3.7336716651916504
371 3.5393998622894287
372 3.338732957839966
373 3.33961820602417
374 3.530409097671509
375 3.5988996028900146
376 3.7261815071105957
377 4.082980632781982
378 4.101956844329834
379 3.8449299335479736
380 3.9281628131866455
381 3.6127448081970215
382 3.847313404083252
383 3.707223653793335
384 3.6134071350097656
385 3.4508631229400635
386 3.2427077293395996
387 3.660696268081665
388 3.628194570541382
389 3.664897918701172
390 3.243811845779419
391 3.0055389404296875
392 3.1842458248138428
393 3.0577876567840576
394 3.028643846511841
395 3.2222862243652344
396 3.250786542892456
397 3.2404849529266357
398 3.1483280658721924
399 3.2827765941619873
400 3.2822482585906982
401 2.927304983139038
402 2.7867085933685303
403 2.8796775341033936
404 2.7199690341949463
405 2.559116840362549
406 2.401686668395996
407 2.4130616188049316
408 2.5616636276245117
409 2.7412829399108887
410 2.7902536392211914
411 2.6583080291748047
412 2.5867841243743896
413 2.3407537937164307
414 2.2831766605377197
415 2.615936040878296
416 2.8364434242248535
417 3.1736133098602295
418 3.384788990020752
419 3.4685018062591553
420 3.6547679901123047
421 3.2261414527893066
422 3.15486216545105
423 3.250415563583374
424 2.8324551582336426
425 3.3575854301452637
426 3.303889751434326
427 3.4275858402252197
428 3.1999144554138184
429 2.9629130363464355
430 3.186279058456421
431 2.8313584327697754
432 2.9149370193481445
433 2.6494028568267822
434 2.5801801681518555
435 2.9492335319519043
436 2.686927318572998
437 2.6803858280181885
438 2.567084550857544
439 2.7588095664978027
440 2.9093408584594727
441 2.931210517883301
442 2.795776844024658
443 3.0713117122650146
444 3.099562406539917
445 3.0034446716308594
446 3.350886106491089
447 3.0336103439331055
448 2.9873228073120117
449 2.780999183654785
450 2.878045082092285
451 3.0245361328125
452 3.275735855102539
453 3.2107787132263184
454 3.4169368743896484
455 3.285100221633911
456 3.206812858581543
457 3.5041751861572266
458 3.629960775375366
459 3.728712320327759
460 3.8447656631469727
461 3.4379000663757324
462 3.020076274871826
463 3.386531114578247
464 3.7758421897888184
465 3.8103554248809814
466 3.7289223670959473
467 3.837440013885498
468 3.8412926197052
469 3.471097946166992
470 3.201636791229248
471 3.094780445098877
472 3.107051372528076
473 2.789795160293579
474 2.6685328483581543
475 2.4320952892303467
476 2.3590338230133057
477 2.3543455600738525
478 2.610067129135132
479 2.3680307865142822
480 2.779144525527954
481 2.6029863357543945
482 2.4147164821624756
483 2.246774435043335
484 2.6721675395965576
485 2.8120172023773193
486 2.6467649936676025
487 2.7120718955993652
488 2.5127270221710205
489 2.4785141944885254
490 2.8631982803344727
491 2.777656078338623
492 3.0197031497955322
493 2.9353244304656982
494 3.3466830253601074
495 3.243598699569702
496 3.053999662399292
497 3.048034906387329
498 2.9340784549713135
499 3.181365489959717
500 2.716254472732544
501 2.4152538776397705
502 2.3561718463897705
503 2.127566337585449
504 2.456838369369507
505 2.425800323486328
506 2.471935987472534
507 3.0838544368743896
508 3.1518003940582275
509 3.217007637023926
510 3.180161952972412
511 3.1713337898254395
512 3.4468114376068115
513 3.265207290649414
514 3.144599199295044
515 3.2691218852996826
516 3.3016257286071777
517 3.0823354721069336
518 3.161351442337036
519 3.059501886367798
520 2.661681890487671
521 2.894113540649414
522 2.8298532962799072
523 3.322725296020508
524 3.5276377201080322
525 3.183291435241699
526 3.11047101020813
527 2.969496726989746
528 3.2015576362609863
529 2.837569236755371
530 3.0400969982147217
531 3.092785358428955
532 2.9163732528686523
533 3.01224684715271
534 2.7198095321655273
535 2.785996913909912
536 2.66219425201416
537 2.8474624156951904
538 3.010868787765503
539 3.276092767715454
540 2.93621826171875
541 3.075101852416992
542 3.316798686981201
543 3.142789840698242
544 3.3679659366607666
545 3.5247397422790527
546 3.8590521812438965
547 3.884650945663452
548 3.8179733753204346
549 3.885709285736084
550 3.548093795776367
551 3.5148606300354004
552 3.1134979724884033
553 3.2987823486328125
554 3.0639233589172363
555 3.1145272254943848
556 3.1902968883514404
557 3.2593212127685547
558 3.038212537765503
559 3.186220645904541
560 3.314735174179077
561 2.9655489921569824
562 3.0048630237579346
563 3.1221909523010254
564 3.074744701385498
565 3.205090284347534
566 3.0047714710235596
567 3.1053969860076904
568 3.372288465499878
569 3.3388612270355225
570 3.114597797393799
571 2.990065097808838
572 3.007204055786133
573 3.2703561782836914
574 3.3436014652252197
575 3.5484580993652344
576 3.429539680480957
577 3.216672897338867
578 3.394300699234009
579 3.449794054031372
580 3.577467918395996
581 3.4844679832458496
582 3.535808563232422
583 3.2459444999694824
584 3.6794614791870117
585 3.605095148086548
586 3.700345277786255
587 3.858492374420166
588 3.9590072631835938
589 4.0047478675842285
590 4.037252426147461
591 4.248439788818359
592 4.191384315490723
593 4.128066539764404
594 4.009457111358643
595 4.190694808959961
596 4.144148349761963
597 4.262530326843262
598 4.489879131317139
599 4.735077857971191
600 4.898010730743408
601 4.388968467712402
602 4.567113876342773
603 4.979616165161133
604 4.543158531188965
605 4.232639312744141
606 3.974024534225464
607 3.9941985607147217
608 3.8645148277282715
609 3.803877830505371
610 4.270270824432373
611 4.053976058959961
612 3.884678363800049
613 3.8892998695373535
614 3.9500057697296143
615 3.4572393894195557
616 3.7692718505859375
617 3.8792476654052734
618 3.668050765991211
619 3.8110523223876953
620 3.892348289489746
621 4.2879509925842285
622 4.215764045715332
623 4.039649963378906
624 3.94466495513916
625 4.146022796630859
626 3.8232598304748535
627 3.928476572036743
628 4.0191168785095215
629 4.170777320861816
630 3.918320894241333
631 4.07792854309082
632 3.8043549060821533
633 3.5961673259735107
634 3.6781527996063232
635 3.9971368312835693
636 3.947118043899536
637 4.098661422729492
638 3.9753239154815674
639 3.8531558513641357
640 3.6894869804382324
641 3.623769998550415
642 3.972257137298584
643 3.584669589996338
644 3.52337646484375
645 3.6751327514648438
646 3.8423497676849365
647 3.942656993865967
648 3.966165065765381
649 4.052022457122803
650 4.120596408843994
651 3.848346471786499
652 4.037820816040039
653 4.0313897132873535
654 3.865894317626953
655 3.7246007919311523
656 3.8760273456573486
657 4.133862495422363
658 4.3452301025390625
659 4.3234639167785645
660 4.036503314971924
661 4.193359375
662 4.357465744018555
663 4.285877704620361
664 4.31089973449707
665 4.346438884735107
666 4.052526473999023
667 4.088278770446777
668 4.174620151519775
669 4.2239203453063965
670 4.452541351318359
671 4.461084365844727
672 4.056975841522217
673 3.963304281234741
674 3.879946231842041
675 4.04542350769043
676 4.01277494430542
677 3.9692184925079346
678 4.297432899475098
679 4.699877738952637
680 4.144114971160889
681 3.8386917114257813
682 3.8579037189483643
683 3.8974599838256836
684 3.5701980590820313
685 3.7301557064056396
686 3.7347452640533447
687 3.8180367946624756
688 3.8946919441223145
689 3.7897160053253174
690 3.740335702896118
691 3.642582654953003
692 3.925544500350952
693 3.704890489578247
694 3.510775566101074
695 3.3228163719177246
696 3.2123591899871826
697 3.5267386436462402
698 3.6305041313171387
699 3.9417402744293213
700 3.699864149093628
701 4.007213592529297
702 3.5537307262420654
703 3.3758955001831055
704 3.36957049369812
705 3.3168342113494873
706 2.8163950443267822
707 2.9588565826416016
708 3.034679889678955
709 3.2359979152679443
710 3.5098578929901123
711 3.3140599727630615
712 3.077216386795044
713 3.1017489433288574
714 3.2054169178009033
715 3.1619279384613037
716 3.168740749359131
717 3.1837825775146484
718 3.0427560806274414
719 3.479830265045166
720 3.497570753097534
721 3.4301416873931885
722 3.5362892150878906
723 3.806321859359741
724 3.526780605316162
725 3.8994810581207275
726 3.775855302810669
727 3.5888984203338623
728 2.870335340499878
729 3.1461827754974365
730 3.2039968967437744
731 3.0831069946289063
732 3.1050021648406982
733 3.37239146232605
734 3.563645839691162
735 3.107548952102661
736 3.172741174697876
737 2.9928417205810547
738 3.246696949005127
739 3.2280726432800293
740 3.0572669506073
741 2.7966859340667725
742 2.547128677368164
743 2.474146842956543
744 2.719219207763672
745 2.749382972717285
746 2.915013551712036
747 3.0370349884033203
748 2.834292411804199
749 3.0568313598632813
750 2.675421953201294
751 2.5704562664031982
752 2.4336602687835693
753 2.395522356033325
754 2.3462724685668945
755 2.591080665588379
756 2.4072728157043457
757 2.543733596801758
758 2.66245698928833
759 2.4516234397888184
760 2.4374516010284424
761 2.3472671508789063
762 2.5803709030151367
763 2.5123300552368164
764 2.874520778656006
765 2.4786899089813232
766 2.4590964317321777
767 2.5608296394348145
768 2.9421372413635254
769 2.606152296066284
770 2.9062788486480713
771 2.747190237045288
772 2.6219565868377686
773 2.5155820846557617
774 2.824692964553833
775 3.123542070388794
776 2.8787052631378174
777 3.322556734085083
778 3.3938710689544678
779 3.3919572830200195
780 2.9905550479888916
781 3.1897284984588623
782 3.1237502098083496
783 3.768632411956787
784 3.6707077026367188
785 3.9192886352539063
786 4.006193161010742
787 3.557771682739258
788 3.2159523963928223
789 3.4943785667419434
790 3.7513716220855713
791 4.36799430847168
792 4.171977519989014
793 3.7626936435699463
794 4.180383682250977
795 3.9280664920806885
796 4.2032365798950195
797 4.221062660217285
798 4.101855754852295
799 4.051354885101318
800 4.008425235748291
801 3.9162425994873047
802 3.913888931274414
803 4.157854080200195
804 4.024715423583984
805 3.910506010055542
806 3.510986089706421
807 3.6450066566467285
808 2.9889698028564453
809 2.8352718353271484
810 2.924570322036743
811 2.783134937286377
812 2.875217914581299
813 3.1586971282958984
814 2.7334165573120117
815 2.8142497539520264
816 2.869884490966797
817 2.950570821762085
818 2.7062110900878906
819 2.6059060096740723
820 2.830672264099121
821 2.4319822788238525
822 2.154999256134033
823 2.412187337875366
824 2.337897777557373
825 2.630309820175171
826 2.8422129154205322
827 2.858534097671509
828 3.1996805667877197
829 3.3209118843078613
830 4.015026569366455
831 4.2484450340271
832 4.276773452758789
833 4.045985698699951
834 3.892760992050171
835 3.609100103378296
836 3.4991188049316406
837 3.364008903503418
838 3.1664235591888428
839 3.285778760910034
840 3.3204243183135986
841 3.7133214473724365
842 3.8612139225006104
843 4.129790782928467
844 4.10609769821167
845 3.6449005603790283
846 3.4528071880340576
847 3.8682491779327393
848 3.8689658641815186
849 3.9773895740509033
850 3.5946505069732666
851 3.7314631938934326
852 3.7598819732666016
853 3.7136335372924805
854 3.8002419471740723
855 3.8445284366607666
856 3.6184749603271484
857 3.4104957580566406
858 3.736143112182617
859 3.613258123397827
860 3.4736454486846924
861 3.776148796081543
862 3.873338460922241
863 3.733973264694214
864 3.756866216659546
865 3.727015495300293
866 3.5481667518615723
867 3.788203477859497
868 4.128971576690674
869 3.6351356506347656
870 3.982607126235962
871 4.088852882385254
872 3.9236888885498047
873 3.8491687774658203
874 3.4043655395507813
875 3.2377846240997314
876 3.023998498916626
877 3.178786039352417
878 3.4153597354888916
879 3.5151360034942627
880 3.7750983238220215
881 3.918644905090332
882 3.842714548110962
883 3.2943544387817383
884 3.334444999694824
885 3.512871742248535
886 3.4381930828094482
887 3.3315579891204834
888 3.0887320041656494
889 3.0628843307495117
890 3.1228389739990234
891 3.27774715423584
892 2.921081781387329
893 2.7679169178009033
894 2.5129077434539795
895 2.68734073638916
896 2.67163348197937
897 2.7189278602600098
898 2.4656171798706055
899 2.4438302516937256
900 2.629193067550659
901 2.704848051071167
902 2.626960277557373
903 2.4713046550750732
904 2.304945468902588
905 2.590069532394409
906 2.577686071395874
907 2.6911544799804688
908 2.691511869430542
909 3.0643410682678223
910 3.011747360229492
911 3.0931448936462402
912 3.105617046356201
913 3.0856170654296875
914 3.045919895172119
915 3.4548721313476563
916 3.470369577407837
917 3.4312360286712646
918 3.415146589279175
919 3.759537935256958
920 3.8668272495269775
921 4.087444305419922
922 3.4770896434783936
923 3.5082552433013916
924 3.7960407733917236
925 3.4598257541656494
926 3.2883992195129395
927 3.3607161045074463
928 2.9797470569610596
929 3.0048389434814453
930 3.258695602416992
931 3.434159755706787
932 3.3890881538391113
933 3.1816565990448
934 3.3601856231689453
935 3.1084213256835938
936 2.9652678966522217
937 3.2209019660949707
938 3.1631553173065186
939 3.7355215549468994
940 3.405484437942505
941 3.8246805667877197
942 3.952894449234009
943 4.234134674072266
944 3.9518635272979736
945 4.167028427124023
946 4.07124662399292
947 3.9768166542053223
948 3.811713695526123
949 3.8345258235931396
950 3.9209845066070557
951 4.259077072143555
952 4.055009365081787
953 3.9115211963653564
954 3.832702875137329
955 3.8465425968170166
956 4.496773719787598
957 4.323068141937256
958 3.759885787963867
959 3.8062524795532227
960 3.289254665374756
961 3.276383876800537
962 3.0411171913146973
963 2.981717109680176
964 2.987192392349243
965 2.914405345916748
966 2.9660768508911133
967 3.3391218185424805
968 3.466970443725586
969 3.292283058166504
970 3.1338469982147217
971 2.99743390083313
972 3.441213369369507
973 3.408271312713623
974 3.504897117614746
975 3.1607253551483154
976 3.4875686168670654
977 3.407343626022339
978 3.3410234451293945
979 3.3437626361846924
980 3.265324831008911
981 3.408536195755005
982 3.7018239498138428
983 3.774081230163574
984 3.5949301719665527
985 3.2955453395843506
986 3.249931573867798
987 3.3399643898010254
988 3.5079996585845947
989 3.5914509296417236
990 3.8289153575897217
991 3.7120542526245117
992 3.520822763442993
993 3.7000625133514404
994 3.5810720920562744
995 3.2710840702056885
996 3.5516936779022217
997 3.484196662902832
998 3.4606986045837402
999 3.3194215297698975
1000 3.1833271980285645
1001 3.1579463481903076
1002 3.282623052597046
1003 3.1952006816864014
1004 3.0213091373443604
1005 2.5933635234832764
1006 2.642223596572876
1007 2.6685073375701904
1008 2.4626576900482178
1009 2.7788212299346924
1010 2.717836856842041
1011 2.6147267818450928
1012 2.6779537200927734
1013 2.769289970397949
1014 3.1797070503234863
1015 3.2827751636505127
1016 3.2622272968292236
1017 3.190912961959839
1018 3.202158212661743
1019 2.9927756786346436
1020 3.161510944366455
1021 3.177281618118286
1022 3.2205874919891357
1023 2.9452526569366455
1024 2.8850600719451904
1025 3.0897088050842285
1026 2.694619655609131
1027 2.5029945373535156
1028 2.553506851196289
1029 2.7057456970214844
1030 2.541139602661133
1031 2.510653495788574
1032 2.7759597301483154
1033 2.690330982208252
1034 2.9730052947998047
1035 3.1364967823028564
1036 2.8335843086242676
1037 3.1748414039611816
1038 3.1060593128204346
1039 2.5786654949188232
1040 2.6346805095672607
1041 2.8896381855010986
1042 2.9036459922790527
1043 2.7098395824432373
1044 2.3595848083496094
1045 2.556758165359497
1046 2.6476149559020996
1047 2.4633543491363525
1048 3.0070767402648926
1049 3.2380685806274414
1050 3.514713764190674
1051 3.6253411769866943
1052 3.5537495613098145
1053 3.6779625415802
1054 3.4980568885803223
1055 3.89583420753479
1056 3.6369736194610596
1057 3.697737216949463
1058 3.607713222503662
1059 3.3500516414642334
1060 3.394664764404297
1061 3.0250585079193115
1062 2.921029806137085
1063 3.0853121280670166
1064 3.023010492324829
1065 3.1889874935150146
1066 3.3113839626312256
1067 3.1528491973876953
1068 3.5367932319641113
1069 3.7291131019592285
1070 3.3588223457336426
1071 3.6711716651916504
1072 3.2224392890930176
1073 3.2574851512908936
1074 3.0862202644348145
1075 3.478633403778076
1076 3.1166510581970215
1077 3.1998448371887207
1078 3.0044972896575928
1079 3.0549213886260986
1080 2.8656606674194336
1081 3.2715468406677246
1082 3.603008270263672
1083 3.402092218399048
1084 3.592210531234741
1085 3.7080678939819336
1086 3.65705943107605
1087 3.821627616882324
1088 3.694309711456299
1089 3.5962862968444824
1090 3.7866761684417725
1091 4.075310230255127
1092 3.983156442642212
1093 3.626845121383667
1094 3.442776918411255
1095 3.2756223678588867
1096 3.150839328765869
1097 3.2285971641540527
1098 3.3423092365264893
1099 3.263838529586792
1100 3.455301284790039
1101 3.2903459072113037
1102 3.1668970584869385
1103 3.043132781982422
1104 3.2818565368652344
1105 3.66241455078125
1106 3.5728766918182373
1107 3.514906644821167
1108 3.426370620727539
1109 3.1963415145874023
1110 2.9020602703094482
1111 2.9039554595947266
1112 2.620312452316284
1113 2.5360682010650635
1114 2.7127811908721924
1115 2.626633644104004
1116 2.156667709350586
1117 2.002268075942993
1118 2.2525179386138916
1119 2.6505229473114014
1120 2.6341288089752197
1121 2.481839656829834
1122 2.6598310470581055
1123 2.284281015396118
1124 2.251204490661621
1125 2.2264864444732666
1126 2.3356330394744873
1127 2.1816437244415283
1128 2.217592716217041
1129 2.2632534503936768
1130 2.1202356815338135
1131 2.4318504333496094
1132 2.524876594543457
1133 2.4212636947631836
1134 2.543712854385376
1135 2.6857850551605225
1136 2.4775378704071045
1137 2.6225364208221436
1138 2.279407501220703
1139 2.268913984298706
1140 2.3710362911224365
1141 2.4161083698272705
1142 2.76395583152771
1143 2.2853333950042725
1144 2.4783082008361816
1145 2.088956832885742
1146 2.4090142250061035
1147 2.594022035598755
1148 2.529499053955078
1149 2.363586902618408
1150 2.832068681716919
1151 2.532531976699829
1152 2.4311094284057617
1153 2.61026930809021
1154 2.479867458343506
1155 2.726961851119995
1156 2.9680845737457275
1157 2.577576160430908
1158 2.557894706726074
1159 2.5221471786499023
1160 2.7020976543426514
1161 2.846473217010498
1162 2.8234565258026123
1163 3.1222546100616455
1164 2.840784788131714
1165 2.8061273097991943
1166 2.5063273906707764
1167 2.335968017578125
1168 2.3625826835632324
1169 2.3004150390625
1170 2.039504289627075
1171 2.070300579071045
1172 2.2540407180786133
1173 2.3562612533569336
1174 2.506333827972412
1175 2.6815903186798096
1176 2.7071449756622314
1177 2.5762176513671875
1178 2.697972059249878
1179 2.798530101776123
1180 3.073704481124878
1181 3.0980632305145264
1182 3.4333786964416504
1183 3.6047794818878174
1184 3.648733377456665
1185 3.38040828704834
1186 3.105036973953247
1187 3.3778738975524902
1188 3.4644405841827393
1189 3.812035322189331
1190 3.2389304637908936
1191 3.0485212802886963
1192 3.039020538330078
1193 3.0886244773864746
1194 3.5608949661254883
1195 3.7037880420684814
1196 3.22296142578125
1197 3.2243728637695313
1198 3.533576011657715
1199 3.4344475269317627
1200 3.3758232593536377
1201 3.6551077365875244
1202 3.972761869430542
1203 4.276766777038574
1204 4.356924057006836
1205 4.417765140533447
1206 4.544644832611084
1207 4.583654403686523
1208 4.857870578765869
1209 4.371577262878418
1210 4.30197811126709
1211 4.637754440307617
1212 4.802556991577148
1213 4.655954837799072
1214 4.717000961303711
1215 4.589916706085205
1216 4.334107875823975
1217 3.8694777488708496
1218 4.62969446182251
1219 4.827641487121582
1220 4.724295139312744
1221 4.386013031005859
1222 4.386086463928223
1223 4.769013404846191
1224 4.272963047027588
1225 4.250365734100342
1226 3.964273691177368
1227 4.139467239379883
1228 3.953754186630249
1229 3.9728519916534424
1230 4.110755920410156
1231 4.223002910614014
1232 4.0828938484191895
1233 4.40954065322876
1234 4.141779899597168
1235 3.8827638626098633
1236 4.009072780609131
1237 3.7346339225769043
1238 4.147743225097656
1239 4.093684673309326
1240 4.097796440124512
1241 3.859367847442627
1242 3.893500328063965
1243 3.8354761600494385
1244 4.066741943359375
1245 4.1990203857421875
1246 4.116347789764404
1247 3.829653024673462
1248 3.7900023460388184
1249 3.478165626525879
1250 2.979135036468506
1251 3.2133567333221436
1252 3.1658101081848145
1253 3.0484204292297363
1254 3.180950164794922
1255 2.947640895843506
1256 3.1874396800994873
1257 3.445321798324585
1258 3.3349907398223877
1259 3.2065823078155518
1260 3.432271957397461
1261 3.5976388454437256
1262 3.6845335960388184
1263 3.2167270183563232
1264 3.2054688930511475
1265 3.557244300842285
1266 3.293907880783081
1267 3.1123909950256348
1268 3.110898971557617
1269 2.9686546325683594
1270 2.7888004779815674
1271 2.8972740173339844
1272 2.8490257263183594
1273 3.1507203578948975
1274 3.581772565841675
1275 3.184147357940674
1276 3.050884485244751
1277 3.4690470695495605
1278 3.683818817138672
1279 2.9564523696899414
1280 3.218351364135742
1281 3.182234287261963
1282 3.4179110527038574
1283 3.4347646236419678
1284 3.5295519828796387
1285 3.514324188232422
1286 3.355825662612915
1287 3.555145502090454
1288 3.4689693450927734
1289 3.3729605674743652
1290 3.1651713848114014
1291 3.286755323410034
1292 3.3599421977996826
1293 3.082292318344116
1294 2.922544479370117
1295 2.8362879753112793
1296 2.840338945388794
1297 2.7408950328826904
1298 2.6542842388153076
1299 2.98521089553833
1300 3.4797325134277344
1301 3.3646225929260254
1302 3.2624311447143555
1303 3.047285556793213
1304 3.2160966396331787
1305 2.983506441116333
1306 2.7170627117156982
1307 2.837608814239502
1308 2.700920343399048
1309 2.817229986190796
1310 3.135820150375366
1311 3.026149034500122
1312 2.841830015182495
1313 2.84494948387146
1314 3.2145066261291504
1315 2.8985860347747803
1316 3.006838083267212
1317 3.0523247718811035
1318 3.0895588397979736
1319 3.5597503185272217
1320 3.6473705768585205
1321 3.160914659500122
1322 3.112183094024658
1323 3.196836471557617
1324 3.2022814750671387
1325 3.0357930660247803
1326 3.367910861968994
1327 3.313491106033325
1328 3.145426034927368
1329 3.167264461517334
1330 3.011481761932373
1331 2.8837509155273438
1332 2.927583932876587
1333 2.902323007583618
1334 3.1614561080932617
1335 3.2122642993927
1336 3.177783966064453
1337 3.284355401992798
1338 3.393596887588501
1339 3.3083066940307617
1340 3.4270238876342773
1341 3.395925998687744
1342 3.5184881687164307
1343 3.5905776023864746
1344 3.3612723350524902
1345 3.462395429611206
1346 3.2250490188598633
1347 3.55515193939209
1348 3.402402400970459
1349 3.524625539779663
1350 3.5068776607513428
1351 3.4360294342041016
1352 3.395573139190674
1353 3.603220224380493
1354 3.4548380374908447
1355 3.721778392791748
1356 3.483792543411255
1357 3.586510419845581
1358 3.1858553886413574
1359 3.286419153213501
1360 3.545891284942627
1361 3.755309820175171
1362 3.499812364578247
1363 3.6500468254089355
1364 3.598601818084717
1365 3.700899362564087
1366 3.6595194339752197
1367 3.3675732612609863
1368 3.7231953144073486
1369 3.5745689868927
1370 3.3843400478363037
1371 3.2565040588378906
1372 3.1679694652557373
1373 3.6296513080596924
1374 3.8764266967773438
1375 3.853019952774048
1376 3.8402671813964844
1377 3.833765745162964
1378 3.6425251960754395
1379 3.671067476272583
1380 3.61275053024292
1381 3.617906093597412
1382 3.738734483718872
1383 3.5809268951416016
1384 3.263136386871338
1385 3.4432742595672607
1386 3.264681339263916
1387 3.3097269535064697
1388 3.5067272186279297
1389 3.3642799854278564
1390 3.254563331604004
1391 3.0969736576080322
1392 3.144484043121338
1393 3.0991485118865967
1394 3.026689052581787
1395 3.0148494243621826
1396 2.7767512798309326
1397 2.5678176879882813
1398 2.46722412109375
1399 2.798704147338867
1400 2.529097557067871
1401 2.6330251693725586
1402 2.425358772277832
1403 2.6449103355407715
1404 2.6369454860687256
1405 2.5224175453186035
1406 2.5482304096221924
1407 2.386618137359619
1408 2.6036181449890137
1409 2.7586212158203125
1410 3.009162425994873
1411 2.8767335414886475
1412 2.7239415645599365
1413 3.270219087600708
1414 3.4306304454803467
1415 3.400618314743042
1416 3.2896668910980225
1417 3.2622880935668945
1418 3.0992884635925293
1419 3.3111236095428467
1420 3.287815570831299
1421 3.3058102130889893
1422 3.3466405868530273
1423 3.1505541801452637
1424 2.8548667430877686
1425 2.838205099105835
1426 2.441551446914673
1427 2.9507761001586914
1428 2.7160356044769287
1429 3.0531508922576904
1430 3.2682974338531494
1431 3.247332811355591
1432 3.099334716796875
1433 3.155522108078003
1434 3.233659029006958
1435 3.063976764678955
1436 3.780614137649536
1437 3.5397675037384033
1438 3.7564592361450195
1439 3.6308786869049072
1440 3.4576873779296875
1441 3.5269417762756348
1442 3.301948070526123
1443 3.4429514408111572
1444 3.1914780139923096
1445 3.110858917236328
1446 3.1502768993377686
1447 3.178016185760498
1448 3.146832227706909
1449 3.1842153072357178
1450 3.4809749126434326
1451 3.612963914871216
1452 3.7799665927886963
1453 3.5794425010681152
1454 3.671335220336914
1455 3.3553779125213623
1456 3.5604522228240967
1457 3.51249361038208
1458 3.337880849838257
1459 3.3539466857910156
1460 3.296668529510498
1461 3.376807928085327
1462 3.2709391117095947
1463 3.4565577507019043
1464 3.2321090698242188
1465 3.1461687088012695
1466 3.5281107425689697
1467 3.779123544692993
1468 3.4150331020355225
1469 3.673074722290039
1470 3.6210992336273193
1471 3.859433650970459
1472 3.305610179901123
1473 3.5743768215179443
1474 3.6274681091308594
1475 3.5551915168762207
1476 3.1285014152526855
1477 3.1199889183044434
1478 3.2213428020477295
1479 3.2620930671691895
1480 3.1019394397735596
1481 3.3359477519989014
1482 3.058558940887451
1483 2.9480791091918945
1484 2.8236849308013916
1485 2.80078125
1486 3.224001407623291
1487 3.1947176456451416
1488 3.1419217586517334
1489 2.9654276371002197
1490 3.1348657608032227
1491 3.162180185317993
1492 3.2153735160827637
1493 3.1586573123931885
1494 3.1032378673553467
1495 3.3533668518066406
1496 2.912216901779175
1497 2.923696994781494
1498 3.1236891746520996
1499 3.0930070877075195
1500 3.204991340637207
1501 3.2575838565826416
1502 2.9762496948242188
1503 2.6087512969970703
1504 2.569042205810547
1505 2.7371692657470703
1506 2.7299110889434814
1507 2.9193105697631836
1508 3.3149666786193848
1509 3.2243504524230957
1510 3.576005697250366
1511 3.385727643966675
1512 3.4621212482452393
1513 3.2662835121154785
1514 3.3537492752075195
1515 3.655170202255249
1516 3.1789803504943848
1517 3.377682685852051
1518 3.487103223800659
1519 3.2355871200561523
1520 3.0999104976654053
1521 3.1782422065734863
1522 2.8767054080963135
1523 3.2128219604492188
1524 2.9404683113098145
1525 3.1734776496887207
1526 3.1398894786834717
1527 3.310746431350708
1528 3.1314218044281006
1529 2.8127684593200684
1530 2.856193780899048
1531 2.9241230487823486
1532 2.7379791736602783
1533 2.628978729248047
1534 2.661088466644287
1535 2.681236505508423
1536 2.829662322998047
1537 3.125915288925171
1538 2.8698508739471436
1539 2.8544092178344727
1540 2.9248385429382324
1541 2.93676495552063
1542 2.673401355743408
1543 2.613161325454712
1544 2.7806060314178467
1545 2.7779572010040283
1546 2.958158016204834
1547 3.098134994506836
1548 2.9562699794769287
1549 3.0598816871643066
1550 3.036895275115967
1551 3.2385222911834717
1552 3.6657357215881348
1553 3.255389928817749
1554 3.166872262954712
1555 3.0437700748443604
1556 3.1499998569488525
1557 3.3046014308929443
1558 3.4876973628997803
1559 3.1887550354003906
1560 2.9565067291259766
1561 2.773636817932129
1562 2.984954357147217
1563 3.354393243789673
1564 3.3244690895080566
1565 3.3662827014923096
1566 3.2843704223632813
1567 3.0447089672088623
1568 3.0261831283569336
1569 3.1454594135284424
1570 3.0761280059814453
1571 2.8527050018310547
1572 3.0402350425720215
1573 3.096532106399536
1574 2.869344472885132
1575 2.7762019634246826
1576 2.755889654159546
1577 2.773470401763916
1578 3.103849411010742
1579 2.791020154953003
1580 3.0062785148620605
1581 2.97231125831604
1582 3.22767972946167
1583 2.888230085372925
1584 2.924844980239868
1585 3.1241912841796875
1586 3.463144540786743
1587 3.395397663116455
1588 3.5732126235961914
1589 3.4747118949890137
1590 3.3536510467529297
1591 3.170447826385498
1592 2.9461286067962646
1593 3.0284767150878906
1594 3.379146099090576
1595 2.9997122287750244
1596 3.1351656913757324
1597 3.3114266395568848
1598 3.174647331237793
1599 3.2527737617492676
1600 3.321854591369629
1601 3.4639806747436523
1602 3.5076725482940674
1603 3.1362357139587402
1604 3.266282796859741
1605 3.145123243331909
1606 2.911357879638672
1607 2.8808341026306152
1608 3.0311787128448486
1609 3.093212604522705
1610 3.065983533859253
1611 2.8659536838531494
1612 2.699875831604004
1613 2.936497688293457
1614 2.894411087036133
1615 3.1122357845306396
1616 3.2553813457489014
1617 2.9240832328796387
1618 3.2256181240081787
1619 2.9912896156311035
1620 2.830704689025879
1621 2.8816964626312256
1622 2.8404550552368164
1623 2.9894473552703857
1624 2.860691547393799
1625 3.10158634185791
1626 2.9691872596740723
1627 3.1851024627685547
1628 3.228454828262329
1629 3.1919186115264893
1630 2.9132437705993652
1631 3.1357781887054443
1632 3.201453447341919
1633 3.1520049571990967
1634 3.1048176288604736
1635 2.9189088344573975
1636 2.9434332847595215
1637 3.136075735092163
1638 3.3122236728668213
1639 2.911388397216797
1640 3.1803221702575684
1641 3.1066956520080566
1642 3.0653443336486816
1643 3.2589802742004395
1644 3.349402904510498
1645 3.0671305656433105
1646 3.1748175621032715
1647 3.3968613147735596
1648 3.081969738006592
1649 3.2866108417510986
1650 3.3174729347229004
1651 2.716097116470337
1652 2.6579604148864746
1653 2.8091065883636475
1654 2.961338520050049
1655 3.0856857299804688
1656 2.74703049659729
1657 3.0238332748413086
1658 3.0122997760772705
1659 3.311072826385498
1660 3.5996077060699463
1661 3.5078325271606445
1662 3.142260789871216
1663 3.10791277885437
1664 2.797010660171509
1665 2.958907127380371
1666 3.2927405834198
1667 3.357813596725464
1668 3.9091711044311523
1669 3.7859058380126953
1670 3.530184745788574
1671 3.3577170372009277
1672 3.095656633377075
1673 3.226165294647217
1674 2.9042508602142334
1675 2.995311737060547
1676 3.010789394378662
1677 2.8799822330474854
1678 3.3898744583129883
1679 3.5025713443756104
1680 3.821237087249756
1681 3.5204896926879883
1682 3.3891677856445313
1683 3.285787582397461
1684 2.9436845779418945
1685 3.016709804534912
1686 2.829293727874756
1687 2.899014949798584
1688 2.6465752124786377
1689 2.7940502166748047
1690 2.7787182331085205
1691 2.884141206741333
1692 2.6172573566436768
1693 2.8952460289001465
1694 2.7020106315612793
1695 2.8509421348571777
1696 2.7148568630218506
1697 2.873958110809326
1698 2.9301669597625732
1699 2.9404804706573486
1700 2.948380470275879
1701 3.0919528007507324
1702 3.1248934268951416
1703 3.3333253860473633
1704 3.0506932735443115
1705 3.0539493560791016
1706 3.2326371669769287
1707 3.2317614555358887
1708 3.5072641372680664
1709 3.533914804458618
1710 3.2084567546844482
1711 3.2141482830047607
1712 3.574474573135376
1713 3.2198963165283203
1714 3.2496590614318848
1715 2.841545581817627
1716 3.0171735286712646
1717 3.0727670192718506
1718 2.949910879135132
1719 3.1842682361602783
1720 3.129035472869873
1721 3.038114070892334
1722 3.1556107997894287
1723 3.1535072326660156
1724 3.2441678047180176
1725 3.6044867038726807
1726 3.482905387878418
1727 3.212826728820801
1728 3.162585973739624
1729 3.3239850997924805
1730 3.40909481048584
1731 3.2767333984375
1732 3.285954713821411
1733 3.465817451477051
1734 3.1253201961517334
1735 3.2421321868896484
1736 2.9972915649414063
1737 3.2855615615844727
1738 3.255387544631958
1739 3.155547618865967
1740 3.085585594177246
1741 3.077169418334961
1742 3.3618695735931396
1743 3.543464183807373
1744 3.426919460296631
1745 3.1198415756225586
1746 3.326232433319092
1747 3.173774003982544
1748 3.1815617084503174
1749 3.380584478378296
1750 3.4915688037872314
1751 3.2592525482177734
1752 2.8854522705078125
1753 2.904829263687134
1754 3.02903151512146
1755 3.249549627304077
1756 2.962374687194824
1757 2.899899482727051
1758 3.055262565612793
1759 2.712494134902954
1760 2.675244092941284
1761 2.583798885345459
1762 2.668696641921997
1763 2.8740639686584473
1764 2.7992637157440186
1765 2.665557622909546
1766 2.6191422939300537
1767 2.7857439517974854
1768 2.8953914642333984
1769 3.023634195327759
1770 2.8947536945343018
1771 2.8156704902648926
1772 2.8849265575408936
1773 3.014824151992798
1774 2.8267955780029297
1775 2.839132308959961
1776 2.606934070587158
1777 2.7679624557495117
1778 2.8394641876220703
1779 2.9816272258758545
1780 2.9187731742858887
1781 3.136277914047241
1782 2.978820323944092
1783 2.767427921295166
1784 2.878761053085327
1785 2.89970326423645
1786 3.0726635456085205
1787 3.311741352081299
1788 3.3669722080230713
1789 3.484250545501709
1790 3.222395896911621
1791 3.160825729370117
1792 3.244293212890625
1793 3.1965866088867188
1794 3.3036203384399414
1795 3.216435670852661
1796 3.1153745651245117
1797 3.04539155960083
1798 3.1212010383605957
1799 2.759441375732422
1800 2.653844118118286
1801 2.7731668949127197
1802 2.7074692249298096
1803 3.1003870964050293
1804 3.050236463546753
1805 3.230074405670166
1806 3.292463779449463
1807 3.531848907470703
1808 3.604814052581787
1809 3.8903658390045166
1810 3.723964214324951
1811 3.935497999191284
1812 3.57043194770813
1813 3.484727144241333
1814 3.6214849948883057
1815 3.497723340988159
1816 3.3013036251068115
1817 3.170893907546997
1818 3.311030149459839
1819 3.3154349327087402
1820 3.5211222171783447
1821 3.368340492248535
1822 3.2780601978302
1823 3.4328806400299072
1824 3.160766363143921
1825 3.2829532623291016
1826 3.3916873931884766
1827 3.2465198040008545
1828 3.037850856781006
1829 3.4094157218933105
1830 3.517825126647949
1831 3.6499204635620117
1832 3.6713240146636963
1833 3.453773260116577
1834 3.542442560195923
1835 3.467036247253418
1836 3.176339864730835
1837 3.0436811447143555
1838 3.2350900173187256
1839 2.9195361137390137
1840 3.217728614807129
1841 3.2466464042663574
1842 3.0745420455932617
1843 3.2833261489868164
1844 3.0225985050201416
1845 3.026777744293213
1846 3.3157124519348145
1847 3.5346615314483643
1848 3.503417730331421
1849 3.221128225326538
1850 3.5043609142303467
1851 3.0958690643310547
1852 3.259753465652466
1853 3.4946515560150146
1854 3.3691599369049072
1855 3.482339382171631
1856 3.3227031230926514
1857 3.3313231468200684
1858 3.3507957458496094
1859 3.6204171180725098
1860 3.4651830196380615
1861 3.593561887741089
1862 3.6319124698638916
1863 3.8576204776763916
1864 3.6773533821105957
1865 3.8358168601989746
1866 3.3609619140625
1867 3.3478498458862305
1868 3.167309284210205
1869 3.3062779903411865
1870 3.313934087753296
1871 3.412440299987793
1872 3.4124953746795654
1873 3.5465097427368164
1874 3.4270541667938232
1875 3.3946242332458496
1876 3.9451687335968018
1877 3.7523036003112793
1878 3.946197271347046
1879 4.202008247375488
1880 3.953354597091675
1881 3.6418449878692627
1882 3.9346883296966553
1883 3.6985087394714355
1884 3.7058959007263184
1885 3.817180871963501
1886 3.7653133869171143
1887 4.240657329559326
1888 3.7844443321228027
1889 3.5898633003234863
1890 3.867042064666748
1891 3.5323925018310547
1892 3.408217191696167
1893 3.5315401554107666
1894 3.699988842010498
1895 3.9794063568115234
1896 3.5361664295196533
1897 3.9179983139038086
1898 4.186229705810547
1899 3.923645257949829
1900 3.8686814308166504
1901 3.8103373050689697
1902 3.981854200363159
1903 3.964714288711548
1904 3.9039485454559326
1905 3.687775135040283
1906 3.705590009689331
1907 3.6870574951171875
1908 4.339704990386963
1909 4.019372463226318
1910 3.9666640758514404
1911 3.861679792404175
1912 3.8208224773406982
1913 3.768702745437622
1914 3.5554370880126953
1915 3.5130481719970703
1916 3.557373523712158
1917 3.558673858642578
1918 3.597226142883301
1919 3.0942306518554688
1920 3.1322367191314697
1921 3.0582873821258545
1922 3.0041258335113525
1923 3.0858116149902344
1924 2.9478471279144287
1925 3.087437868118286
1926 2.800135612487793
1927 3.0915215015411377
1928 3.2076456546783447
1929 3.1400811672210693
1930 3.153210163116455
1931 3.023125648498535
1932 3.4526522159576416
1933 3.5804545879364014
1934 3.6309943199157715
1935 3.762866497039795
1936 4.023426532745361
1937 3.8792166709899902
1938 3.9570908546447754
1939 3.7502012252807617
1940 3.9534623622894287
1941 3.9076461791992188
1942 4.0807600021362305
1943 3.9035375118255615
1944 3.886099100112915
1945 3.7429890632629395
1946 3.5263850688934326
1947 3.474031448364258
1948 3.9198484420776367
1949 3.8606929779052734
1950 3.9043924808502197
1951 3.787510633468628
1952 3.8079137802124023
1953 3.9985501766204834
1954 3.932342290878296
1955 4.023534774780273
1956 4.021239757537842
1957 3.7400996685028076
1958 3.903545379638672
1959 3.937204360961914
1960 3.910383701324463
1961 4.130814552307129
1962 4.000601768493652
1963 4.0028276443481445
1964 4.001486778259277
1965 3.8292136192321777
1966 3.9857587814331055
1967 3.8463542461395264
1968 3.7982897758483887
1969 3.6971466541290283
1970 3.777313470840454
1971 3.7795426845550537
1972 3.529341459274292
1973 3.4825899600982666
1974 3.769648313522339
1975 3.8821465969085693
1976 3.997380256652832
1977 3.8171613216400146
1978 3.919689416885376
1979 3.8233416080474854
1980 3.741349458694458
1981 3.748063564300537
1982 3.6999692916870117
1983 3.9220428466796875
1984 3.7736740112304688
1985 3.6140999794006348
1986 3.438577651977539
1987 3.3571937084198
1988 2.9889113903045654
1989 3.058471202850342
1990 3.174513816833496
1991 3.170321464538574
1992 2.876507520675659
1993 3.0127322673797607
1994 3.16251277923584
1995 2.9522061347961426
1996 3.0171711444854736
1997 3.2928645610809326
1998 3.2398526668548584
1999 3.3330721855163574
2000 3.5189459323883057
2001 3.6628472805023193
2002 3.9573287963867188
2003 4.075162887573242
2004 3.866844415664673
2005 4.104217529296875
2006 4.359452247619629
2007 4.340928077697754
2008 4.397912979125977
2009 4.176168441772461
2010 4.2443976402282715
2011 4.582453727722168
2012 4.544139862060547
2013 4.267001152038574
2014 4.491616725921631
2015 4.364208221435547
2016 4.062893390655518
2017 4.437680721282959
2018 3.9782919883728027
2019 3.9125099182128906
2020 4.188237190246582
2021 4.060963153839111
2022 4.109222888946533
2023 3.997757911682129
2024 3.9409854412078857
2025 4.006017208099365
2026 4.341634750366211
2027 4.67197847366333
2028 4.898437023162842
2029 5.136359691619873
2030 4.930881500244141
2031 4.924663066864014
2032 4.9137654304504395
2033 4.72963285446167
2034 4.81309700012207
2035 4.972825050354004
2036 4.585209369659424
2037 4.687738418579102
2038 4.845328330993652
2039 4.746788024902344
2040 4.571262836456299
2041 4.270796298980713
2042 4.143056869506836
2043 4.035863399505615
2044 4.205319881439209
2045 4.125585556030273
2046 3.991128444671631
2047 3.9090187549591064
2048 4.217615604400635
2049 4.201517105102539
2050 4.199750900268555
2051 3.9572885036468506
2052 4.218398094177246
2053 3.70814847946167
2054 4.002625465393066
2055 4.078672409057617
2056 3.6643714904785156
2057 4.08318567276001
2058 3.6276583671569824
2059 3.765207529067993
2060 3.7215044498443604
2061 3.496054172515869
2062 3.642254114151001
2063 3.7431297302246094
2064 3.882657766342163
2065 3.82548451423645
2066 3.786515951156616
2067 4.0272321701049805
2068 4.2237701416015625
2069 3.994091510772705
2070 3.9000937938690186
2071 3.9414889812469482
2072 3.4693448543548584
2073 3.449965715408325
2074 3.3943557739257813
2075 2.9170851707458496
2076 3.1839089393615723
2077 2.9674346446990967
2078 3.2545628547668457
2079 3.2341244220733643
2080 2.866194009780884
2081 3.2612059116363525
2082 3.3890140056610107
2083 3.5947375297546387
2084 3.725656747817993
2085 3.7266128063201904
2086 3.4790291786193848
2087 3.651430606842041
2088 3.2990121841430664
2089 3.32279634475708
2090 3.409963846206665
2091 3.4789998531341553
2092 3.667193651199341
2093 3.6604506969451904
2094 3.7928802967071533
2095 3.4532649517059326
2096 3.808014392852783
2097 3.7807765007019043
2098 3.9639892578125
2099 3.8640754222869873
2100 3.622518539428711
2101 3.6334421634674072
2102 3.6069846153259277
2103 3.8460419178009033
2104 4.264721393585205
2105 4.5319671630859375
2106 4.471191883087158
2107 4.184499740600586
2108 4.1076788902282715
2109 3.9527695178985596
2110 3.3873040676116943
2111 3.469005584716797
2112 3.4851579666137695
2113 3.383575201034546
2114 3.2636537551879883
2115 2.983219861984253
2116 2.77335262298584
2117 2.796848773956299
2118 2.914738655090332
2119 2.5284080505371094
2120 2.948477268218994
2121 2.8562910556793213
2122 2.9417808055877686
2123 2.9946088790893555
2124 2.7444701194763184
2125 2.664698839187622
2126 2.6004703044891357
2127 2.775599718093872
2128 3.004502773284912
2129 2.971667528152466
2130 3.040116786956787
2131 3.4397871494293213
2132 3.297752857208252
2133 3.2891860008239746
2134 3.451641321182251
2135 3.548577308654785
2136 3.744220018386841
2137 3.8754594326019287
2138 3.7996180057525635
2139 4.121301174163818
2140 4.1594414710998535
2141 3.8177475929260254
2142 3.934481620788574
2143 4.170523643493652
2144 4.0360517501831055
2145 3.630253314971924
2146 3.618834972381592
2147 3.572810411453247
2148 3.1618030071258545
2149 3.0755138397216797
2150 3.3391635417938232
2151 3.3380508422851563
2152 3.5443596839904785
2153 3.268066883087158
2154 3.2081446647644043
2155 3.1183488368988037
2156 3.4013779163360596
2157 3.343026876449585
2158 3.327113389968872
2159 2.8974030017852783
2160 3.085655450820923
2161 3.3037660121917725
2162 3.520010232925415
2163 3.474658489227295
2164 3.7506630420684814
2165 3.5656752586364746
2166 3.8043861389160156
2167 4.102475643157959
2168 4.242178440093994
2169 4.232421875
2170 4.306624412536621
2171 4.506462097167969
2172 4.2936506271362305
2173 4.361578941345215
2174 4.37457799911499
2175 4.344703197479248
2176 4.187285423278809
2177 3.4194905757904053
2178 3.677365303039551
2179 3.5598456859588623
2180 3.638272523880005
2181 3.8968749046325684
2182 3.9542691707611084
2183 3.5922508239746094
2184 3.6889288425445557
2185 4.14250373840332
2186 3.8001654148101807
2187 3.839122772216797
2188 3.9508249759674072
2189 4.077346324920654
2190 3.626375436782837
2191 3.830336332321167
2192 3.623852491378784
2193 3.8684067726135254
2194 3.7645280361175537
2195 3.662442445755005
2196 3.5972084999084473
2197 3.5439155101776123
2198 3.567333459854126
2199 3.249483585357666
2200 3.385303020477295
2201 3.4463329315185547
2202 3.94104266166687
2203 3.7353029251098633
2204 3.4349632263183594
2205 3.3575518131256104
2206 3.4191956520080566
2207 3.562831163406372
2208 3.7685129642486572
2209 4.182509422302246
2210 4.4578776359558105
2211 4.271729469299316
2212 4.173182964324951
2213 3.6711089611053467
2214 3.3785979747772217
2215 3.3660871982574463
2216 3.718568801879883
2217 3.901413679122925
2218 3.7899699211120605
2219 3.667666435241699
2220 3.297950267791748
2221 3.1373744010925293
2222 3.233564615249634
2223 3.621394395828247
2224 3.7755467891693115
2225 3.7665765285491943
2226 3.8691210746765137
2227 3.6907622814178467
2228 3.9454517364501953
2229 4.241133689880371
2230 4.205375671386719
2231 4.368289947509766
2232 4.207869529724121
2233 3.962967872619629
2234 3.7168686389923096
2235 3.7385969161987305
2236 3.620638847351074
2237 3.7658839225769043
2238 3.5391619205474854
2239 4.188139915466309
2240 3.991107702255249
2241 4.241881847381592
2242 4.22911262512207
2243 4.071974277496338
2244 3.872131586074829
2245 3.9495224952697754
2246 3.779526472091675
2247 4.150881290435791
2248 3.8857991695404053
2249 4.084099769592285
2250 4.451299667358398
2251 3.7772364616394043
2252 3.5685651302337646
2253 3.5281591415405273
2254 3.7149722576141357
2255 3.3979568481445313
2256 3.717271327972412
2257 3.7832703590393066
2258 3.797333002090454
2259 3.892127752304077
2260 3.9307796955108643
2261 3.7737491130828857
2262 3.6382803916931152
2263 3.7106399536132813
2264 3.829634189605713
2265 3.8640236854553223
2266 3.676417827606201
2267 3.8403165340423584
2268 4.280322074890137
2269 3.8953535556793213
2270 3.388855457305908
2271 3.1042189598083496
2272 3.060030698776245
2273 3.5753564834594727
2274 3.4942257404327393
2275 3.439915657043457
2276 3.3305299282073975
2277 3.3268203735351563
2278 3.5944666862487793
2279 3.0103604793548584
2280 3.238255262374878
2281 3.313751220703125
2282 3.165987491607666
2283 3.479647397994995
2284 3.6608352661132813
2285 3.413405656814575
2286 3.1615054607391357
2287 3.1757915019989014
2288 3.081761121749878
2289 3.265455722808838
2290 3.26574444770813
2291 3.307321548461914
2292 3.231414794921875
2293 3.0246036052703857
2294 3.235403299331665
2295 2.942969560623169
2296 2.733294725418091
2297 3.275599718093872
2298 3.478292226791382
2299 3.2229652404785156
2300 3.4332592487335205
2301 3.5388238430023193
2302 3.5831499099731445
2303 3.5025925636291504
2304 3.391432046890259
2305 3.7569446563720703
2306 3.6567256450653076
2307 3.5023844242095947
2308 3.7070987224578857
2309 3.681056022644043
2310 4.093810081481934
2311 3.610581398010254
2312 3.7168920040130615
2313 3.5428645610809326
2314 3.5994882583618164
2315 3.594740629196167
2316 3.6352574825286865
2317 3.304027795791626
2318 3.1030633449554443
2319 3.2704617977142334
2320 2.982381582260132
2321 3.0488312244415283
2322 3.3205809593200684
2323 2.970994472503662
2324 3.0681796073913574
2325 3.199230909347534
2326 3.1753551959991455
2327 3.3690993785858154
2328 3.1921567916870117
2329 3.191645622253418
2330 3.3871045112609863
2331 3.418536424636841
2332 3.453348159790039
2333 3.417255401611328
2334 3.378274440765381
2335 3.706268072128296
2336 3.677614212036133
2337 3.708469867706299
2338 3.81109881401062
2339 3.677128553390503
2340 3.5260987281799316
2341 3.3336639404296875
2342 3.2101991176605225
2343 3.4953973293304443
2344 3.3785035610198975
2345 3.6346778869628906
2346 3.833235502243042
2347 4.124484539031982
2348 4.009710788726807
2349 3.6916868686676025
2350 3.7383768558502197
2351 3.670900344848633
2352 3.7370076179504395
2353 3.278449296951294
2354 3.213087797164917
2355 3.196873903274536
2356 3.421178102493286
2357 3.230304002761841
2358 3.279522180557251
2359 3.3782007694244385
2360 3.2220458984375
2361 3.4964988231658936
2362 3.438941240310669
2363 3.3359062671661377
2364 3.328303575515747
2365 3.3863744735717773
2366 3.41758131980896
2367 3.5103776454925537
2368 3.2384746074676514
2369 3.0788495540618896
2370 3.2119202613830566
2371 3.369150161743164
2372 3.363344669342041
2373 3.019663095474243
2374 3.120779514312744
2375 3.046644926071167
2376 3.242238759994507
2377 3.7090487480163574
2378 3.6863529682159424
2379 3.525204658508301
2380 3.6246724128723145
2381 3.363922357559204
2382 3.6318225860595703
2383 3.8998119831085205
2384 4.033078193664551
2385 4.46911096572876
2386 4.51035213470459
2387 4.797565460205078
2388 5.064630508422852
2389 5.220531463623047
2390 5.736409664154053
2391 5.4367241859436035
2392 5.11600399017334
2393 4.878790378570557
2394 4.641124248504639
2395 4.167031288146973
2396 4.468312740325928
2397 4.472390174865723
2398 4.279651165008545
2399 3.93329119682312
2400 3.9746360778808594
2401 4.297574996948242
2402 4.519752025604248
2403 4.240569591522217
2404 3.9028942584991455
2405 4.16840124130249
2406 3.8755393028259277
2407 3.8380162715911865
2408 3.682461977005005
2409 3.8021819591522217
2410 3.6409566402435303
2411 3.6862916946411133
2412 3.9250388145446777
2413 3.6898982524871826
2414 3.695474624633789
2415 4.01285457611084
2416 3.3813283443450928
2417 3.4246435165405273
2418 3.7652010917663574
2419 3.8207359313964844
2420 4.1764607429504395
2421 4.16937255859375
2422 3.9444119930267334
2423 3.8104090690612793
2424 3.973449945449829
2425 3.947004795074463
2426 3.714594602584839
2427 3.564664840698242
2428 3.4356319904327393
2429 3.430145502090454
2430 3.470188617706299
2431 3.471734046936035
2432 3.3008499145507813
2433 3.241481304168701
2434 3.30177640914917
2435 3.3445050716400146
2436 3.371643304824829
2437 3.41865873336792
2438 3.504253625869751
2439 3.273355722427368
2440 3.0902464389801025
2441 2.7454190254211426
2442 2.872551202774048
2443 2.6841418743133545
2444 2.7208569049835205
2445 2.9437789916992188
2446 3.0658304691314697
2447 3.3896217346191406
2448 3.014037609100342
2449 3.3493783473968506
2450 2.9879982471466064
2451 3.3166391849517822
2452 3.388300895690918
2453 3.1149771213531494
2454 3.6516036987304688
2455 3.848909378051758
2456 4.338052749633789
2457 4.059382438659668
2458 3.933609962463379
2459 3.89239239692688
2460 3.94469952583313
2461 4.048437595367432
2462 4.10799503326416
2463 4.178895473480225
2464 3.897193431854248
2465 4.034933567047119
2466 3.997147798538208
2467 4.290182113647461
2468 4.368685722351074
2469 4.347050666809082
2470 4.117782115936279
2471 4.196844577789307
2472 4.305398464202881
2473 4.5743727684021
2474 4.421310901641846
2475 4.090638160705566
2476 4.065072536468506
2477 4.2735419273376465
2478 4.02720308303833
2479 4.020045280456543
2480 3.9881937503814697
2481 3.954798698425293
2482 3.6567962169647217
2483 3.665663003921509
2484 3.667203664779663
2485 3.7066450119018555
2486 4.0451130867004395
2487 3.930717945098877
2488 3.7926082611083984
2489 3.9319958686828613
2490 4.070899963378906
2491 3.9349255561828613
2492 3.9124181270599365
2493 3.7129995822906494
2494 3.5044307708740234
2495 3.5790321826934814
2496 4.000502109527588
2497 3.9263508319854736
2498 3.779327869415283
2499 3.6803958415985107
2500 3.7762222290039063
2501 3.9710521697998047
2502 4.636288166046143
2503 4.213148593902588
2504 4.044020175933838
2505 3.9602465629577637
2506 3.9107601642608643
2507 3.8067479133605957
2508 3.6781625747680664
2509 3.6783664226531982
2510 3.5312187671661377
2511 3.249786376953125
2512 3.5617499351501465
2513 3.989962339401245
2514 3.9274563789367676
2515 3.9864847660064697
2516 3.8766653537750244
2517 4.257730484008789
2518 4.430537700653076
2519 4.512038230895996
2520 4.336889743804932
2521 4.20138692855835
2522 4.155999660491943
2523 3.9190587997436523
2524 3.7692482471466064
2525 3.806814432144165
2526 3.5126118659973145
2527 3.391585350036621
2528 3.4312520027160645
2529 3.506516456604004
2530 3.31683611869812
2531 3.675224542617798
2532 3.6758480072021484
2533 3.80824613571167
2534 3.5524086952209473
2535 3.440950632095337
2536 3.6181929111480713
2537 3.5734238624572754
2538 3.572617292404175
2539 3.5213780403137207
2540 3.649540901184082
2541 3.947068929672241
2542 3.728635311126709
2543 3.5240509510040283
2544 3.5081067085266113
2545 3.626398801803589
2546 3.8550329208374023
2547 3.763164520263672
2548 3.721198081970215
2549 4.050095558166504
2550 3.943542718887329
2551 4.042647838592529
2552 4.036013126373291
2553 3.7801926136016846
2554 3.8463149070739746
2555 3.727452039718628
2556 4.10085916519165
2557 4.00919246673584
2558 4.179890155792236
2559 4.166200637817383
2560 4.2205729484558105
2561 4.213717937469482
2562 4.086719036102295
2563 4.141980171203613
2564 4.088302135467529
2565 4.2797369956970215
2566 4.398574352264404
2567 4.209534168243408
2568 4.064618110656738
2569 3.9505975246429443
2570 3.9245147705078125
2571 3.7162795066833496
2572 3.416472911834717
2573 3.6490979194641113
2574 3.6588168144226074
2575 4.062206268310547
2576 3.7253870964050293
2577 3.8356211185455322
2578 3.935103416442871
2579 3.7324604988098145
2580 3.5928664207458496
2581 3.7315895557403564
2582 4.033556938171387
2583 3.8878684043884277
2584 3.359468936920166
2585 3.6135988235473633
2586 3.650979518890381
2587 3.208340644836426
2588 3.364459753036499
2589 3.2913942337036133
2590 3.490269899368286
2591 3.5836679935455322
2592 3.7124123573303223
2593 3.8444390296936035
2594 3.6711087226867676
2595 3.4976673126220703
2596 3.7259926795959473
2597 3.798981189727783
2598 3.4879446029663086
2599 3.3140697479248047
2600 3.477813243865967
2601 3.563307762145996
2602 3.7717037200927734
2603 3.829900026321411
2604 3.719180107116699
2605 3.7432925701141357
2606 3.401937246322632
2607 3.591028928756714
2608 3.727983236312866
2609 3.373060703277588
2610 3.831460475921631
2611 4.020079135894775
2612 3.89886474609375
2613 4.006688594818115
2614 4.154850959777832
2615 4.405135154724121
2616 4.165105819702148
2617 4.245948791503906
2618 4.028472900390625
2619 4.079005241394043
2620 3.800255060195923
2621 3.7928879261016846
2622 4.1229658126831055
2623 4.330490589141846
2624 4.3185272216796875
2625 4.115550994873047
2626 3.9709320068359375
2627 4.197661399841309
2628 4.5877156257629395
2629 4.5683698654174805
2630 4.478933811187744
2631 4.791101455688477
2632 4.5350422859191895
2633 4.687997817993164
2634 4.633142471313477
2635 5.043798923492432
2636 5.20041036605835
2637 5.439783573150635
2638 5.341003894805908
2639 5.149142265319824
2640 5.031321048736572
2641 4.819302558898926
2642 4.730275630950928
2643 4.722878456115723
2644 4.660811901092529
2645 4.389237403869629
2646 4.26299524307251
2647 4.57476282119751
2648 4.774703025817871
2649 4.90625
2650 5.055496692657471
2651 4.923099517822266
2652 4.772995471954346
2653 4.866015911102295
2654 4.605578899383545
2655 4.501004219055176
2656 4.649094581604004
2657 4.540602684020996
2658 4.526129245758057
2659 4.925776481628418
2660 4.918355941772461
2661 4.919804096221924
2662 4.990088939666748
2663 5.133223533630371
2664 5.266790866851807
2665 5.351511001586914
2666 5.585254192352295
2667 5.412973403930664
2668 5.26859188079834
2669 5.2129411697387695
2670 5.002574443817139
2671 5.317507266998291
2672 5.1854143142700195
2673 5.0172624588012695
2674 4.826883316040039
2675 4.738504409790039
2676 4.433349609375
2677 4.952282905578613
2678 4.671198844909668
2679 4.967334270477295
2680 4.844419956207275
2681 4.634442329406738
2682 4.789437294006348
2683 4.6512131690979
2684 4.429574966430664
2685 4.810331344604492
2686 4.57025146484375
2687 4.4404425621032715
2688 4.1078057289123535
2689 4.341095924377441
2690 4.346052646636963
2691 4.656006813049316
2692 4.2781877517700195
2693 3.9969451427459717
2694 3.8775928020477295
2695 3.9695727825164795
2696 4.132880687713623
2697 3.909168004989624
2698 4.300963878631592
2699 4.213870048522949
2700 4.144247055053711
2701 3.9826853275299072
2702 4.112662315368652
2703 4.10394287109375
2704 3.9836831092834473
2705 3.7978060245513916
2706 4.0311808586120605
2707 3.9784224033355713
2708 3.9204599857330322
2709 4.064696311950684
2710 4.372509956359863
2711 4.20363712310791
2712 4.182153224945068
2713 3.8878116607666016
2714 4.016994953155518
2715 4.550158500671387
2716 4.589040756225586
2717 4.400311470031738
2718 4.4796037673950195
2719 4.291107177734375
2720 4.388408660888672
2721 4.492305278778076
2722 4.492121696472168
2723 4.54656982421875
2724 4.4934163093566895
2725 4.689719200134277
2726 4.652958869934082
2727 4.7413105964660645
2728 4.555395603179932
2729 4.559620380401611
2730 4.579608917236328
2731 4.166070461273193
2732 4.601613998413086
2733 4.98622465133667
2734 5.334727764129639
2735 4.982152938842773
2736 5.057526111602783
2737 5.378117084503174
2738 5.203176975250244
2739 5.575512409210205
2740 5.229485988616943
2741 5.693755626678467
2742 5.6211442947387695
2743 5.350098133087158
2744 5.338274955749512
2745 5.199202537536621
2746 4.769100666046143
2747 4.720208644866943
2748 4.909296989440918
2749 4.788589954376221
2750 4.657120704650879
2751 4.233834743499756
2752 4.346452713012695
2753 4.568549156188965
2754 4.571534156799316
2755 4.705435752868652
2756 4.563598155975342
2757 4.392812252044678
2758 4.521641731262207
2759 4.5794830322265625
2760 4.777515411376953
2761 4.434328079223633
2762 4.324840068817139
2763 4.412125587463379
2764 4.405472278594971
2765 4.375118255615234
2766 4.489433288574219
2767 4.3534932136535645
2768 4.415683746337891
2769 4.387416839599609
2770 4.327198028564453
2771 4.265738010406494
2772 4.005478858947754
2773 3.943589925765991
2774 3.924917697906494
2775 4.049729347229004
2776 3.722458839416504
2777 3.8753483295440674
2778 3.7551181316375732
2779 3.700913667678833
2780 3.781397819519043
2781 3.652674913406372
2782 3.68505597114563
2783 3.5136852264404297
2784 3.3509490489959717
2785 3.2286195755004883
2786 3.2357144355773926
2787 3.615501880645752
2788 3.885740041732788
2789 3.7157745361328125
2790 3.4963696002960205
2791 3.5287516117095947
2792 3.765231132507324
2793 3.8142454624176025
2794 4.386096000671387
2795 4.475897312164307
2796 4.681136131286621
2797 4.4177727699279785
2798 4.576540946960449
2799 4.792411804199219
2800 4.894179344177246
2801 4.670133113861084
2802 4.586076259613037
2803 4.993639945983887
2804 5.027786731719971
2805 4.81464147567749
2806 4.779458522796631
2807 5.062463760375977
2808 4.600208282470703
2809 4.483699798583984
2810 4.292165756225586
2811 4.280287742614746
2812 4.472995758056641
2813 4.359148979187012
2814 4.0512189865112305
2815 4.633481979370117
2816 4.763345718383789
2817 4.739422798156738
2818 4.460163116455078
2819 4.852206230163574
2820 5.193521022796631
2821 5.006466388702393
2822 4.804992198944092
2823 4.741269111633301
2824 4.461513996124268
2825 4.483744144439697
2826 4.1826324462890625
2827 4.240317344665527
2828 4.333178997039795
2829 4.43914794921875
2830 4.141787052154541
2831 3.924898386001587
2832 4.397924423217773
2833 4.224503517150879
2834 4.216975688934326
2835 4.518242359161377
2836 4.498316287994385
2837 4.339857578277588
2838 4.380232334136963
2839 4.396445274353027
2840 4.483246326446533
2841 4.58376932144165
2842 4.442782402038574
2843 4.51249885559082
2844 4.522685527801514
2845 4.271031379699707
2846 4.3454790115356445
2847 4.357271194458008
2848 4.53818416595459
2849 4.256808757781982
2850 4.603808403015137
2851 4.9165120124816895
2852 4.943093299865723
2853 4.6986308097839355
2854 4.613955974578857
2855 5.022767543792725
2856 5.120732307434082
2857 4.861623764038086
2858 4.588543891906738
2859 4.299808025360107
2860 4.514528751373291
2861 4.436752796173096
2862 4.425590515136719
2863 5.03318977355957
2864 4.83802604675293
2865 5.090341091156006
2866 5.422230243682861
2867 4.883415222167969
2868 4.471002578735352
2869 4.428671836853027
2870 4.380163192749023
2871 4.585063457489014
2872 5.091882705688477
2873 5.0057501792907715
2874 4.995403289794922
2875 5.08050012588501
2876 5.2436299324035645
2877 5.159720420837402
2878 5.101104259490967
2879 5.400604248046875
2880 5.506923675537109
2881 5.6100029945373535
2882 5.556220054626465
2883 5.204321384429932
2884 5.300356864929199
2885 5.028050899505615
2886 4.510380268096924
2887 4.572884559631348
2888 4.802890300750732
2889 4.986202239990234
2890 5.079354763031006
2891 5.029780864715576
2892 4.624375820159912
2893 4.722605228424072
2894 4.54320764541626
2895 4.577043056488037
2896 4.299088001251221
2897 3.939871311187744
2898 3.8492531776428223
2899 3.700885057449341
2900 3.8635573387145996
2901 3.8321261405944824
2902 3.9089133739471436
2903 3.816765785217285
2904 3.6775014400482178
2905 3.6779370307922363
2906 3.503589630126953
2907 3.4775991439819336
2908 3.3407206535339355
2909 3.651090145111084
2910 3.76176381111145
2911 3.9127230644226074
2912 3.898190975189209
2913 4.318150043487549
2914 4.471455097198486
2915 4.134087085723877
2916 4.070708274841309
2917 4.33610725402832
2918 3.7994515895843506
2919 4.003166675567627
2920 3.993753433227539
2921 4.036594867706299
2922 4.119381427764893
2923 4.1583333015441895
2924 4.233979225158691
2925 4.017602443695068
2926 3.9806997776031494
2927 3.7791550159454346
2928 3.8208394050598145
2929 4.012104511260986
2930 3.908017635345459
2931 3.868856430053711
2932 3.9403107166290283
2933 4.069421768188477
2934 3.9013020992279053
2935 3.919416904449463
2936 4.179970741271973
2937 4.01304817199707
2938 4.185403823852539
2939 4.186316967010498
2940 4.232020378112793
2941 3.991539239883423
2942 4.100909233093262
2943 4.021502494812012
2944 3.934194803237915
2945 4.069007396697998
2946 4.036942958831787
2947 4.044878959655762
2948 4.028302192687988
2949 3.9029862880706787
2950 3.9285948276519775
2951 3.766403913497925
2952 3.7632806301116943
2953 3.8282463550567627
2954 3.923766851425171
2955 3.663830518722534
2956 3.789797067642212
2957 3.947298049926758
2958 3.724599599838257
2959 3.789382219314575
2960 3.926137924194336
2961 3.8520619869232178
2962 3.7740137577056885
2963 3.5929038524627686
2964 3.2752766609191895
2965 3.423748731613159
2966 3.1155269145965576
2967 3.163872718811035
2968 3.4097421169281006
2969 3.324144124984741
2970 3.628845691680908
2971 3.3568434715270996
2972 3.4920475482940674
2973 3.6467957496643066
2974 3.6820473670959473
2975 3.836221218109131
2976 3.6990928649902344
2977 3.8405587673187256
2978 3.8014557361602783
2979 3.6828324794769287
2980 3.726628303527832
2981 3.4145545959472656
2982 3.3082714080810547
2983 3.5904037952423096
2984 3.4900784492492676
2985 3.376678228378296
2986 3.29913592338562
2987 3.6054134368896484
2988 3.7009928226470947
2989 3.741006374359131
2990 3.426974058151245
2991 3.2243521213531494
2992 3.526486873626709
2993 3.422273874282837
2994 3.4689958095550537
2995 3.451464891433716
2996 3.440941572189331
2997 3.358487129211426
2998 3.416361093521118
2999 3.4905357360839844
3000 3.691065788269043
3001 3.6747729778289795
3002 3.703291654586792
3003 3.583867073059082
3004 3.6160945892333984
3005 3.456892728805542
3006 3.466449022293091
3007 3.537510395050049
3008 3.37809157371521
3009 3.2997853755950928
3010 3.329535722732544
3011 3.2959156036376953
3012 3.1995925903320313
3013 3.285278558731079
3014 3.5414392948150635
3015 3.498610019683838
3016 3.381636619567871
3017 3.2011849880218506
3018 3.4211318492889404
3019 3.64208722114563
3020 3.748363494873047
3021 3.6270194053649902
3022 3.501972198486328
3023 3.847391366958618
3024 3.8841915130615234
3025 3.830263137817383
3026 4.021011829376221
3027 4.304926872253418
3028 4.325850486755371
3029 4.505245685577393
3030 4.792635440826416
3031 4.839953422546387
3032 5.027753829956055
3033 4.803380966186523
3034 4.611889362335205
3035 4.349818706512451
3036 4.437685489654541
3037 4.342900276184082
3038 4.632873058319092
3039 4.497897148132324
3040 4.452131748199463
3041 4.529041290283203
3042 4.827395439147949
3043 4.860509872436523
3044 4.944586753845215
3045 4.820069789886475
3046 4.716100692749023
3047 4.951596736907959
3048 4.825637340545654
3049 4.720984935760498
3050 4.792574405670166
3051 4.98003625869751
3052 4.720420837402344
3053 4.884674072265625
3054 4.678803443908691
3055 4.801867485046387
3056 4.720829486846924
3057 4.599292278289795
3058 4.725086688995361
3059 4.492007255554199
3060 4.285487174987793
3061 4.111100673675537
3062 4.197115898132324
3063 4.141493320465088
3064 4.346280574798584
3065 4.4153361320495605
3066 4.384324073791504
3067 4.497485637664795
3068 4.3751397132873535
3069 4.478346824645996
3070 4.32144832611084
3071 4.245482444763184
3072 4.538264274597168
3073 4.51641321182251
3074 4.497650146484375
3075 4.393964767456055
3076 4.359835147857666
3077 4.233221054077148
3078 4.307869911193848
3079 4.281433582305908
3080 5.02174186706543
3081 4.715330600738525
3082 5.056408882141113
3083 4.899951934814453
3084 4.274178981781006
3085 4.479899883270264
3086 4.569800853729248
3087 4.727737903594971
3088 4.40141487121582
3089 4.680833339691162
3090 4.92523193359375
3091 4.6953959465026855
3092 4.726953506469727
3093 4.767416000366211
3094 4.304417133331299
3095 4.3861775398254395
3096 4.49160099029541
3097 4.447288990020752
3098 4.497688293457031
3099 4.664405822753906
3100 4.557178974151611
3101 4.866058826446533
3102 5.05394983291626
3103 4.818778991699219
3104 4.661967754364014
3105 4.158756256103516
3106 4.275147914886475
3107 4.5565409660339355
3108 4.623091220855713
3109 4.380863189697266
3110 4.278913497924805
3111 4.2396559715271
3112 3.8560845851898193
3113 4.016180992126465
3114 3.717632532119751
3115 3.88569974899292
3116 4.386989116668701
3117 4.7600579261779785
3118 4.814655780792236
3119 4.789074420928955
3120 4.644828796386719
3121 4.531671524047852
3122 4.346202850341797
3123 4.1646013259887695
3124 4.316396713256836
3125 4.152233123779297
3126 4.406800270080566
3127 4.603025436401367
3128 4.601727485656738
3129 4.585878372192383
3130 4.97025203704834
3131 4.855058193206787
3132 4.814949035644531
3133 4.486856460571289
3134 4.667027950286865
3135 4.280632972717285
3136 4.0793137550354
3137 4.103446006774902
3138 4.011862277984619
3139 4.0937275886535645
3140 3.771969795227051
3141 3.7498250007629395
3142 3.934248447418213
3143 4.0063090324401855
3144 3.8341476917266846
3145 4.125792503356934
3146 4.309587478637695
3147 3.736125946044922
3148 3.823343515396118
3149 3.7829883098602295
3150 3.7176294326782227
3151 3.7344970703125
3152 3.6223247051239014
3153 3.834580659866333
3154 3.8249025344848633
3155 3.8217039108276367
3156 3.8008530139923096
3157 3.9050509929656982
3158 3.9376630783081055
3159 4.179185390472412
3160 3.838493824005127
3161 3.704801321029663
3162 3.64740252494812
3163 3.5035464763641357
3164 3.578623056411743
3165 3.5886406898498535
3166 3.3907763957977295
3167 3.5357437133789063
3168 3.543325901031494
3169 3.7557547092437744
3170 3.6367850303649902
3171 3.3628461360931396
3172 3.614271640777588
3173 3.5810656547546387
3174 3.6513068675994873
3175 4.012448787689209
3176 4.281744480133057
3177 4.028166770935059
3178 3.9211151599884033
3179 3.7369179725646973
3180 3.656327247619629
3181 3.610222101211548
3182 3.649837017059326
3183 3.4828548431396484
3184 3.426501750946045
3185 3.380566358566284
3186 3.444307804107666
3187 4.050388813018799
3188 3.9703047275543213
3189 4.009348392486572
3190 4.307283878326416
3191 4.516724586486816
3192 4.667109966278076
3193 4.822309494018555
3194 4.630633354187012
3195 4.5038161277771
3196 4.714458465576172
3197 4.9754109382629395
3198 5.077391147613525
3199 4.673409461975098
3200 4.746486663818359
3201 4.85158634185791
3202 4.6072678565979
3203 4.783610820770264
3204 4.78781270980835
3205 4.597687244415283
3206 4.608119964599609
3207 4.6272993087768555
3208 4.765712261199951
3209 4.3783488273620605
3210 4.4214019775390625
3211 4.81919527053833
3212 4.648920059204102
3213 4.075114727020264
3214 4.292718410491943
3215 4.285865306854248
3216 3.9945764541625977
3217 4.148186683654785
3218 4.345890998840332
3219 4.5357890129089355
3220 4.607628345489502
3221 4.21726655960083
3222 4.318480968475342
3223 4.376661777496338
3224 4.630328178405762
3225 4.209898471832275
3226 4.430682182312012
3227 4.201562404632568
3228 4.261256217956543
3229 4.016922950744629
3230 3.9063870906829834
3231 4.159122467041016
3232 4.499265193939209
3233 4.560776710510254
3234 4.480070114135742
3235 4.3147430419921875
3236 4.162807941436768
3237 3.9815309047698975
3238 4.256393909454346
3239 4.203625679016113
3240 4.478751182556152
3241 4.4968132972717285
3242 4.835186958312988
3243 4.999895095825195
3244 4.81331205368042
3245 4.89816427230835
3246 4.9846577644348145
3247 4.807131767272949
3248 4.632481098175049
3249 4.475537300109863
3250 4.396413803100586
3251 4.314573764801025
3252 4.441181182861328
3253 4.6690263748168945
3254 4.235514163970947
3255 4.116292953491211
3256 4.021730422973633
3257 3.818213701248169
3258 3.6164252758026123
3259 3.300504207611084
3260 3.36372709274292
3261 3.670015573501587
3262 3.7303454875946045
3263 3.657259225845337
3264 3.7090537548065186
3265 3.7937428951263428
3266 3.7504537105560303
3267 3.710031270980835
3268 3.8725697994232178
3269 3.712014675140381
3270 3.833857297897339
3271 3.820263385772705
3272 3.873798131942749
3273 3.965977191925049
3274 3.9283459186553955
3275 3.9427504539489746
3276 3.777064085006714
3277 3.674870014190674
3278 3.614668607711792
3279 3.644491195678711
3280 3.622011184692383
3281 3.847339630126953
3282 3.8515474796295166
3283 3.9395158290863037
3284 3.895540237426758
3285 3.9515273571014404
3286 3.9391469955444336
3287 3.950462579727173
3288 4.235838413238525
3289 3.8067383766174316
3290 3.554957151412964
3291 3.564298629760742
3292 3.3405380249023438
3293 3.2291715145111084
3294 3.4053454399108887
3295 3.123270034790039
3296 3.1917848587036133
3297 3.4206061363220215
3298 3.7554492950439453
3299 4.162111759185791
3300 4.316891193389893
3301 4.328230857849121
3302 4.169409275054932
3303 4.142000198364258
3304 4.564061164855957
3305 4.361538887023926
3306 4.2901930809021
3307 4.6043829917907715
3308 4.4630889892578125
3309 4.093843936920166
3310 3.780395746231079
3311 3.896505355834961
3312 4.004701614379883
3313 4.091726303100586
3314 4.101819038391113
3315 4.3813934326171875
3316 4.211050987243652
3317 4.197871208190918
3318 4.2767863273620605
3319 4.189847469329834
3320 4.428511142730713
3321 4.4455885887146
3322 4.871374130249023
3323 4.7129364013671875
3324 4.56282901763916
3325 4.424282550811768
3326 4.403850555419922
3327 4.404374122619629
3328 4.347350120544434
3329 4.299254417419434
3330 4.437512397766113
3331 4.42988395690918
3332 4.228813171386719
3333 4.218335151672363
3334 3.9102180004119873
3335 4.037069797515869
3336 3.7701666355133057
3337 3.793970823287964
3338 3.9157800674438477
3339 4.086699485778809
3340 4.1058526039123535
3341 3.896821975708008
3342 3.869098424911499
3343 4.124930381774902
3344 4.122579097747803
3345 4.24903678894043
3346 4.019939422607422
3347 3.894049882888794
3348 3.9227330684661865
3349 4.129356861114502
3350 4.183182716369629
3351 4.532041072845459
3352 4.210842132568359
3353 4.1174774169921875
3354 3.862661361694336
3355 4.058742046356201
3356 4.161136627197266
3357 4.491787433624268
3358 4.908740043640137
3359 4.885061740875244
3360 4.696858882904053
3361 4.7557477951049805
3362 4.754543781280518
3363 4.653541088104248
3364 4.573330402374268
3365 4.500553607940674
3366 4.63572883605957
3367 4.154627799987793
3368 4.29660701751709
3369 4.4443488121032715
3370 4.052567481994629
3371 3.964933395385742
3372 3.8142857551574707
3373 3.810523271560669
3374 3.8642327785491943
3375 3.5782010555267334
3376 3.535073757171631
3377 3.6306471824645996
3378 3.837815999984741
3379 3.8401403427124023
3380 3.3911256790161133
3381 3.6227195262908936
3382 3.559896469116211
3383 3.484081983566284
3384 3.467602014541626
3385 3.562011241912842
3386 3.736847400665283
3387 3.7139358520507813
3388 3.716120958328247
3389 3.8827319145202637
3390 4.007659912109375
3391 3.6293632984161377
3392 3.4123401641845703
3393 3.407338857650757
3394 3.3134548664093018
3395 3.052924394607544
3396 3.0696606636047363
3397 3.2069129943847656
3398 3.384847640991211
3399 3.6696174144744873
3400 3.5865769386291504
3401 3.4264254570007324
3402 3.6658082008361816
3403 3.488053321838379
3404 3.770249843597412
3405 4.0165486335754395
3406 3.699143409729004
3407 3.6251137256622314
3408 3.6109580993652344
3409 3.3670077323913574
3410 3.686466693878174
3411 3.4503555297851563
3412 3.4033732414245605
3413 3.2843546867370605
3414 3.691838502883911
3415 3.7048287391662598
3416 3.7059788703918457
3417 3.8400158882141113
3418 3.3775217533111572
3419 3.5902445316314697
3420 3.5028433799743652
3421 3.621196746826172
3422 3.51528000831604
3423 3.5845701694488525
3424 3.0874273777008057
3425 2.888190984725952
3426 3.240995168685913
3427 3.373811960220337
3428 3.425447702407837
3429 3.3677964210510254
3430 3.462813138961792
3431 3.539884090423584
3432 3.3785996437072754
3433 2.927830457687378
3434 2.868562936782837
3435 3.2856643199920654
3436 3.363708257675171
3437 3.2814905643463135
3438 3.150533437728882
3439 3.5813825130462646
3440 3.6514663696289063
3441 3.8696556091308594
3442 3.969726324081421
3443 4.238844394683838
3444 4.128734588623047
3445 3.9631710052490234
3446 3.8953845500946045
3447 4.087535858154297
3448 3.828929901123047
3449 3.9371299743652344
3450 3.644836664199829
3451 3.8979992866516113
3452 3.7929985523223877
3453 4.089117050170898
3454 4.078914642333984
3455 3.8397762775421143
3456 3.8837878704071045
3457 3.6577954292297363
3458 3.8152356147766113
3459 3.849961996078491
3460 3.98016095161438
3461 3.7623331546783447
3462 3.7347464561462402
3463 3.614690065383911
3464 3.2785804271698
3465 3.3247833251953125
3466 3.3377838134765625
3467 3.3220179080963135
3468 3.3087308406829834
3469 3.540984630584717
3470 3.76981782913208
3471 3.683610200881958
3472 3.4138498306274414
3473 3.5448477268218994
3474 3.4986321926116943
3475 3.5865790843963623
3476 3.6566214561462402
3477 3.8694632053375244
3478 3.619737386703491
3479 3.76116681098938
3480 4.21854305267334
3481 4.189757347106934
3482 4.099020481109619
3483 4.312517166137695
3484 4.307198524475098
3485 4.674170017242432
3486 4.6766886711120605
3487 4.249295234680176
3488 4.432877063751221
3489 4.107372283935547
3490 3.5896365642547607
3491 3.6996982097625732
3492 3.4689595699310303
3493 3.4561069011688232
3494 3.1741716861724854
3495 3.1967251300811768
3496 3.4435524940490723
3497 3.6651968955993652
3498 4.087416172027588
3499 4.099598407745361
3500 4.1864542961120605
3501 4.360228538513184
3502 3.7497246265411377
3503 3.8627049922943115
3504 3.9192404747009277
3505 4.258741855621338
3506 3.998307228088379
3507 4.5431108474731445
3508 4.5296549797058105
3509 4.438179969787598
3510 4.348919868469238
3511 4.1322407722473145
3512 3.8971316814422607
3513 3.8373794555664063
3514 3.840200424194336
3515 3.8192138671875
3516 4.049023151397705
3517 4.338157653808594
3518 4.05325984954834
3519 3.712085008621216
3520 3.756476879119873
3521 4.137307167053223
3522 4.432115077972412
3523 4.027342796325684
3524 4.165968418121338
3525 4.154500484466553
3526 4.174707412719727
3527 4.448122501373291
3528 4.334536075592041
3529 4.561431407928467
3530 4.812742710113525
3531 4.611000061035156
3532 3.933086633682251
3533 3.844236373901367
3534 3.982508659362793
3535 4.345813274383545
3536 4.511687278747559
3537 4.541019916534424
3538 4.19087028503418
3539 4.07698917388916
3540 4.405696392059326
3541 3.977304220199585
3542 3.957227945327759
3543 4.112483024597168
3544 4.17426061630249
3545 3.969130277633667
3546 3.7111902236938477
3547 3.87064266204834
3548 3.923992872238159
3549 4.078977584838867
3550 4.17092752456665
3551 4.069900035858154
3552 3.7602012157440186
3553 3.693438768386841
3554 3.5655760765075684
3555 3.7661187648773193
3556 4.109496116638184
3557 4.068505764007568
3558 4.071832180023193
3559 3.620964765548706
3560 3.414820909500122
3561 3.554298162460327
3562 3.542210340499878
3563 3.658450126647949
3564 3.948530912399292
3565 4.045436859130859
3566 4.195016860961914
3567 4.421102523803711
3568 4.861307144165039
3569 5.017452716827393
3570 4.7545270919799805
3571 4.531307220458984
3572 4.5264153480529785
3573 4.548285484313965
3574 4.340135097503662
3575 3.8144333362579346
3576 3.72153902053833
3577 3.940133810043335
3578 4.1817121505737305
3579 4.068769931793213
3580 3.946160316467285
3581 3.7044167518615723
3582 3.76619815826416
3583 3.8584845066070557
3584 3.786932945251465
3585 3.7697267532348633
3586 3.7453184127807617
3587 3.709298610687256
3588 4.080511569976807
3589 4.107966423034668
3590 4.280594348907471
3591 4.753402233123779
3592 4.742559909820557
3593 4.610663414001465
3594 4.586154460906982
3595 4.816939830780029
3596 4.74542760848999
3597 4.918976306915283
3598 4.538414001464844
3599 4.144899845123291
3600 4.653456687927246
3601 4.337357521057129
3602 4.491155624389648
3603 4.391706466674805
3604 4.252353191375732
3605 4.133914470672607
3606 4.428529739379883
3607 4.243174076080322
3608 4.106881618499756
3609 3.5394296646118164
3610 3.656848669052124
3611 3.328225612640381
3612 3.803739070892334
3613 4.208706855773926
3614 4.2342376708984375
3615 3.6647496223449707
3616 3.6625192165374756
3617 3.607848644256592
3618 3.784961700439453
3619 3.8720462322235107
3620 4.096632957458496
3621 3.859943151473999
3622 3.8777430057525635
3623 4.150808334350586
3624 4.4378437995910645
3625 4.182857513427734
3626 4.164492130279541
3627 4.215306282043457
3628 4.057532787322998
3629 3.866504430770874
3630 3.7518959045410156
3631 3.8867034912109375
3632 3.7825427055358887
3633 3.9701027870178223
3634 3.6682851314544678
3635 3.5867815017700195
3636 3.5120370388031006
3637 3.6895012855529785
3638 3.5082638263702393
3639 3.7816414833068848
3640 3.6750471591949463
3641 3.5795576572418213
3642 3.4656403064727783
3643 3.5550832748413086
3644 3.5749313831329346
3645 3.6000349521636963
3646 3.2069246768951416
3647 3.361417531967163
3648 3.5995500087738037
3649 3.905057430267334
3650 3.6851584911346436
3651 3.750602960586548
3652 3.8924202919006348
3653 4.242851734161377
3654 4.06229829788208
3655 4.028902053833008
3656 3.8823585510253906
3657 3.7724180221557617
3658 3.6158018112182617
3659 3.958965539932251
3660 3.845702648162842
3661 3.8803513050079346
3662 3.933628559112549
3663 4.203872203826904
3664 4.062588214874268
3665 4.394417762756348
3666 4.017672061920166
3667 4.013407230377197
3668 4.022946834564209
3669 4.334400653839111
3670 4.26778507232666
3671 4.144080638885498
3672 4.463644504547119
3673 4.683586120605469
3674 4.70225715637207
3675 4.789996147155762
3676 4.671485900878906
3677 4.526391983032227
3678 4.631280899047852
3679 4.541432857513428
3680 4.291182041168213
3681 4.1836395263671875
3682 4.016186237335205
3683 4.180357456207275
3684 4.517726421356201
3685 4.033308982849121
3686 4.3183369636535645
3687 4.240621566772461
3688 4.156404972076416
3689 4.456376552581787
3690 4.517179012298584
3691 4.596882343292236
3692 4.368040561676025
3693 4.452987194061279
3694 4.447832107543945
3695 4.2817511558532715
3696 4.389042854309082
3697 3.9805691242218018
3698 3.8012192249298096
3699 3.9405972957611084
3700 4.126364707946777
3701 3.825526237487793
3702 3.7764029502868652
3703 3.7707571983337402
3704 3.8939967155456543
3705 3.906954765319824
3706 3.6988329887390137
3707 3.548258066177368
3708 3.75380539894104
3709 3.7446932792663574
3710 3.8449690341949463
3711 3.600534439086914
3712 3.6556057929992676
3713 3.566272497177124
3714 3.65012526512146
3715 3.5634586811065674
3716 3.8707211017608643
3717 3.8387601375579834
3718 4.055730819702148
3719 4.074108600616455
3720 3.9493517875671387
3721 3.693244695663452
3722 4.145925521850586
3723 4.0736799240112305
3724 4.213730812072754
3725 3.8110835552215576
3726 3.955942153930664
3727 3.7531068325042725
3728 3.3070387840270996
3729 3.6350514888763428
3730 3.5845611095428467
3731 4.048472881317139
3732 3.867825746536255
3733 4.1352386474609375
3734 4.060086727142334
3735 4.47049617767334
3736 4.159905910491943
3737 4.137390613555908
3738 4.213418483734131
3739 4.036500930786133
3740 3.805023193359375
3741 3.7786543369293213
3742 3.634284734725952
3743 3.5788779258728027
3744 3.7266621589660645
3745 3.3941361904144287
3746 3.4396915435791016
3747 3.5194008350372314
3748 3.8455615043640137
3749 3.9703879356384277
3750 3.998053550720215
3751 4.037891864776611
3752 3.865328073501587
3753 3.827817916870117
3754 3.5221405029296875
3755 3.4677364826202393
3756 3.145535707473755
3757 3.124859571456909
3758 2.945218801498413
3759 3.309577226638794
3760 3.064838409423828
3761 3.2146196365356445
3762 3.5081396102905273
3763 3.9978246688842773
3764 3.944885492324829
3765 4.087080478668213
3766 3.9626946449279785
3767 4.317189693450928
3768 4.439455509185791
3769 4.251688003540039
3770 3.955629348754883
3771 4.078241348266602
3772 4.115528106689453
3773 4.034572601318359
3774 3.757991075515747
3775 3.9197068214416504
3776 4.487176418304443
3777 4.339425563812256
3778 4.454811096191406
3779 4.965826034545898
3780 4.8841471672058105
3781 4.950747013092041
3782 5.070580959320068
3783 5.113397598266602
3784 4.978329658508301
3785 4.60567045211792
3786 4.706995964050293
3787 4.4689836502075195
3788 4.19813871383667
3789 4.473016738891602
3790 4.438753128051758
3791 4.867486476898193
3792 4.371495723724365
3793 4.02663516998291
3794 3.8030710220336914
3795 3.8606555461883545
3796 4.171509742736816
3797 3.927579402923584
3798 3.904573678970337
3799 3.7438721656799316
3800 3.841285467147827
3801 3.8617329597473145
3802 4.178098201751709
3803 4.6587395668029785
3804 4.5904645919799805
3805 4.1659746170043945
3806 4.404201507568359
3807 4.389710903167725
3808 4.370787620544434
3809 3.5198190212249756
3810 3.596592903137207
3811 3.564253330230713
3812 3.4611997604370117
3813 3.6179025173187256
3814 3.7922091484069824
3815 4.104687213897705
3816 4.028250217437744
3817 3.4269113540649414
3818 3.438540458679199
3819 3.6527819633483887
3820 3.7384133338928223
3821 3.4709465503692627
3822 3.5307438373565674
3823 3.689990758895874
3824 3.7251782417297363
3825 3.665893077850342
3826 3.655468702316284
3827 4.11641263961792
3828 4.08829402923584
3829 4.180106163024902
3830 4.391826152801514
3831 4.494912147521973
3832 4.274487495422363
3833 4.08281135559082
3834 4.233917713165283
3835 3.7942349910736084
3836 3.7332632541656494
3837 3.68765926361084
3838 3.5070888996124268
3839 3.4002914428710938
3840 3.5835793018341064
3841 3.0797781944274902
3842 2.988922595977783
3843 3.5472543239593506
3844 3.750476598739624
3845 3.595487117767334
3846 3.370905876159668
3847 3.467510461807251
3848 3.5490384101867676
3849 3.81142520904541
3850 3.726976156234741
3851 3.494673252105713
3852 3.3682539463043213
3853 3.53639817237854
3854 3.565967321395874
3855 3.727128505706787
3856 3.850675106048584
3857 3.791637420654297
3858 4.0492844581604
3859 3.9151480197906494
3860 3.8000128269195557
3861 3.862053871154785
3862 3.9467625617980957
3863 3.8576037883758545
3864 3.732445001602173
3865 3.5500435829162598
3866 3.3329861164093018
3867 3.520108699798584
3868 3.408820867538452
3869 3.572497606277466
3870 3.476889133453369
3871 3.31398344039917
3872 3.16070556640625
3873 2.8702454566955566
3874 2.702707529067993
3875 3.0102169513702393
3876 3.2526347637176514
3877 3.185173988342285
3878 3.7603342533111572
3879 3.3465683460235596
3880 3.1842665672302246
3881 2.6541194915771484
3882 2.600482940673828
3883 2.618864059448242
3884 2.7968008518218994
3885 2.9251644611358643
3886 3.00167179107666
3887 3.0528290271759033
3888 3.016991138458252
3889 2.8071932792663574
3890 3.0418059825897217
3891 3.369439125061035
3892 3.49759840965271
3893 3.4535892009735107
3894 3.693385124206543
3895 3.819620132446289
3896 3.5918359756469727
3897 3.649228811264038
3898 3.39752459526062
3899 3.6913769245147705
3900 3.721630334854126
3901 3.6278836727142334
3902 3.3473498821258545
3903 3.269437789916992
3904 3.236294984817505
3905 3.4539079666137695
3906 3.3930366039276123
3907 3.1818411350250244
3908 3.2337844371795654
3909 3.1955947875976563
3910 3.383470058441162
3911 3.165933847427368
3912 3.419255256652832
3913 3.3135478496551514
3914 3.3476829528808594
3915 3.4161455631256104
3916 3.711977958679199
3917 3.65016770362854
3918 3.625271797180176
3919 3.6076602935791016
3920 4.24503755569458
3921 3.9351930618286133
3922 3.442249059677124
3923 3.5808231830596924
3924 3.5360782146453857
3925 3.6829724311828613
3926 3.7144935131073
3927 3.4604744911193848
3928 3.7082507610321045
3929 3.4405133724212646
3930 3.4356894493103027
3931 3.1089699268341064
3932 3.348616123199463
3933 3.34480357170105
3934 3.72094464302063
3935 3.785945177078247
3936 3.60516619682312
3937 3.666015625
3938 3.9589648246765137
3939 3.6154162883758545
3940 3.7735650539398193
3941 3.6594600677490234
3942 3.7165610790252686
3943 3.5299878120422363
3944 3.7995524406433105
3945 3.4751057624816895
3946 3.2815914154052734
3947 3.278709888458252
3948 3.383578300476074
3949 3.4724678993225098
3950 3.6256768703460693
3951 3.8129923343658447
3952 3.6054182052612305
3953 3.4575467109680176
3954 3.4605276584625244
3955 3.4653797149658203
3956 4.0522847175598145
3957 4.220295429229736
3958 3.9676520824432373
3959 4.054141521453857
3960 3.854067087173462
3961 3.512744426727295
3962 3.6011340618133545
3963 3.4022605419158936
3964 3.4488158226013184
3965 3.683422327041626
3966 3.762509822845459
3967 3.705063581466675
3968 3.726736545562744
3969 3.6346054077148438
3970 3.924616813659668
3971 3.6310501098632813
3972 3.6629319190979004
3973 3.743561029434204
3974 3.503424644470215
3975 3.3616855144500732
3976 3.3215465545654297
3977 3.5145456790924072
3978 3.4175422191619873
3979 3.554333209991455
3980 3.7380478382110596
3981 3.8639731407165527
3982 3.512380838394165
3983 3.806563377380371
3984 3.9101319313049316
3985 4.23144006729126
3986 3.728243112564087
3987 3.564711093902588
3988 3.3836300373077393
3989 3.6288795471191406
3990 3.5575907230377197
3991 3.668090581893921
3992 3.4507791996002197
3993 3.7896597385406494
3994 3.7843191623687744
3995 3.9906914234161377
3996 3.810602903366089
3997 4.0663957595825195
3998 4.338045597076416
3999 4.521153450012207
