# Frame Protein_DNA_total_backbone_RMSD_Angstrom
0 0.0
1 1.1979515552520752
2 1.454027771949768
3 1.6046276092529297
4 1.5391849279403687
5 1.6953940391540527
6 1.6176536083221436
7 1.6899343729019165
8 1.7404500246047974
9 2.0988802909851074
10 2.329022169113159
11 2.1020798683166504
12 1.8562870025634766
13 2.00075626373291
14 2.3553576469421387
15 2.506284475326538
16 2.508272647857666
17 2.5089468955993652
18 2.451420783996582
19 2.4045374393463135
20 2.142857551574707
21 2.0370712280273438
22 2.264836549758911
23 1.960489273071289
24 1.8870439529418945
25 2.3441882133483887
26 2.4386346340179443
27 2.6660735607147217
28 2.2711689472198486
29 2.249819278717041
30 2.3932735919952393
31 2.381998300552368
32 2.0795798301696777
33 1.9359935522079468
34 2.1717398166656494
35 2.018686294555664
36 1.9085898399353027
37 1.9222415685653687
38 2.1786277294158936
39 1.988506555557251
40 2.174504280090332
41 1.8503979444503784
42 1.7438209056854248
43 1.7125639915466309
44 2.164261817932129
45 2.001770496368408
46 2.1416268348693848
47 2.465329170227051
48 2.009615898132324
49 2.264044761657715
50 2.593703508377075
51 2.5912725925445557
52 2.4192724227905273
53 2.3294904232025146
54 2.4401705265045166
55 2.2238454818725586
56 2.12168550491333
57 2.4670307636260986
58 2.393953323364258
59 2.5454280376434326
60 2.6119306087493896
61 2.7336771488189697
62 2.5579750537872314
63 2.4510364532470703
64 2.821904182434082
65 2.7990036010742188
66 2.894784450531006
67 2.8400728702545166
68 3.287586212158203
69 3.084404945373535
70 3.035654306411743
71 2.830221176147461
72 2.870400905609131
73 2.976125717163086
74 3.038487672805786
75 3.1082334518432617
76 3.01016902923584
77 3.119295358657837
78 3.0477943420410156
79 2.929278612136841
80 3.063770055770874
81 3.0083296298980713
82 3.191908597946167
83 3.246000051498413
84 3.2774808406829834
85 2.9783763885498047
86 3.3595199584960938
87 3.2282540798187256
88 3.4468610286712646
89 3.3090341091156006
90 3.04597806930542
91 2.8848583698272705
92 2.6826751232147217
93 2.953946828842163
94 2.8216216564178467
95 2.6308257579803467
96 2.696038007736206
97 3.1725516319274902
98 3.1343932151794434
99 2.5323774814605713
100 2.5137462615966797
101 2.717215061187744
102 2.713768243789673
103 2.7510921955108643
104 2.5815346240997314
105 2.5857741832733154
106 2.7856698036193848
107 2.9285287857055664
108 2.9713196754455566
109 2.685513496398926
110 2.6842575073242188
111 2.5884909629821777
112 2.292917251586914
113 2.2588696479797363
114 2.0844390392303467
115 2.2610061168670654
116 2.0643584728240967
117 2.031219959259033
118 2.0906717777252197
119 2.444286346435547
120 2.085017204284668
121 2.163719415664673
122 2.508863925933838
123 2.368391275405884
124 2.5272984504699707
125 2.7091338634490967
126 2.493673801422119
127 2.554804801940918
128 2.453864812850952
129 2.692112445831299
130 2.5464205741882324
131 2.1289734840393066
132 2.4834020137786865
133 2.5707244873046875
134 2.812804698944092
135 2.969839572906494
136 2.8952391147613525
137 2.7385411262512207
138 3.032818555831909
139 2.720247268676758
140 2.4819443225860596
141 2.044713020324707
142 2.0494933128356934
143 2.175563335418701
144 2.3515021800994873
145 2.6171066761016846
146 2.478067636489868
147 2.66280460357666
148 2.4484059810638428
149 2.8395893573760986
150 2.5334887504577637
151 2.403195858001709
152 2.5895180702209473
153 3.057652235031128
154 2.862997055053711
155 2.770214319229126
156 2.5879101753234863
157 2.7458035945892334
158 2.9572484493255615
159 3.2485780715942383
160 2.8610150814056396
161 3.0656023025512695
162 3.320230722427368
163 3.307868242263794
164 3.2311174869537354
165 2.8370585441589355
166 2.842241048812866
167 2.7410125732421875
168 2.4585938453674316
169 2.892953395843506
170 2.9010262489318848
171 2.697455883026123
172 2.494412660598755
173 2.5684542655944824
174 2.876131534576416
175 2.539970636367798
176 2.1162211894989014
177 2.2247090339660645
178 2.6161248683929443
179 2.7023847103118896
180 2.607685089111328
181 2.320678472518921
182 2.4625918865203857
183 2.8452389240264893
184 2.6949551105499268
185 2.495086669921875
186 2.3425097465515137
187 2.46120548248291
188 2.417654037475586
189 2.183112144470215
190 2.1256678104400635
191 2.5556609630584717
192 2.846104860305786
193 2.8768463134765625
194 2.998945474624634
195 3.1268460750579834
196 2.8481411933898926
197 2.868149518966675
198 3.1571295261383057
199 2.8155677318573
200 2.8310394287109375
201 2.6559269428253174
202 3.086045265197754
203 2.760150671005249
204 2.5456109046936035
205 2.773059844970703
206 2.847487211227417
207 2.568174362182617
208 2.343609094619751
209 2.2353196144104004
210 2.2232649326324463
211 2.2201497554779053
212 2.4541289806365967
213 2.328437089920044
214 2.606729030609131
215 2.416224241256714
216 2.306288003921509
217 2.445018768310547
218 2.6628623008728027
219 2.391296148300171
220 2.3529140949249268
221 2.2751853466033936
222 2.2701950073242188
223 2.5507781505584717
224 2.450085163116455
225 2.2124876976013184
226 2.2127113342285156
227 2.5063157081604004
228 2.3186545372009277
229 2.225705146789551
230 2.42112398147583
231 2.4184885025024414
232 2.1211938858032227
233 2.2695260047912598
234 2.265545129776001
235 2.6803903579711914
236 2.2441928386688232
237 2.1466469764709473
238 2.3290820121765137
239 2.33516001701355
240 2.5542914867401123
241 2.7183547019958496
242 2.621755361557007
243 2.2563207149505615
244 2.3565826416015625
245 2.4086899757385254
246 2.244023084640503
247 2.713498592376709
248 2.515618324279785
249 2.580747127532959
250 2.325291156768799
251 2.3311192989349365
252 2.749100923538208
253 2.534571886062622
254 2.3713948726654053
255 2.413501024246216
256 2.5249297618865967
257 2.570692777633667
258 2.402329921722412
259 2.4549968242645264
260 2.043407678604126
261 1.8477674722671509
262 1.7920148372650146
263 1.9809141159057617
264 1.8121389150619507
265 1.9350258111953735
266 1.7196128368377686
267 1.6916507482528687
268 1.9007539749145508
269 1.974081039428711
270 2.017080783843994
271 2.0351338386535645
272 1.7971744537353516
273 1.818819284439087
274 2.133798837661743
275 2.1817638874053955
276 2.2450451850891113
277 2.182018756866455
278 2.0696394443511963
279 2.7035892009735107
280 2.7385201454162598
281 2.6057047843933105
282 2.491680860519409
283 2.4700591564178467
284 2.0523746013641357
285 1.9946436882019043
286 2.1415443420410156
287 2.1932692527770996
288 2.390989303588867
289 2.4071176052093506
290 2.4222636222839355
291 2.3378920555114746
292 2.4110395908355713
293 2.458653450012207
294 2.5992162227630615
295 2.7456910610198975
296 2.792325019836426
297 2.672271251678467
298 2.3952150344848633
299 2.601862907409668
300 2.4433443546295166
301 2.8398842811584473
302 3.0954954624176025
303 2.9613583087921143
304 3.05887508392334
305 2.6741464138031006
306 2.6303112506866455
307 2.6516149044036865
308 2.8859901428222656
309 3.232686758041382
310 3.0575218200683594
311 3.0921761989593506
312 2.8753974437713623
313 2.942289352416992
314 2.6451408863067627
315 2.944281578063965
316 2.8732969760894775
317 2.445467710494995
318 2.6369168758392334
319 2.4832611083984375
320 2.383702039718628
321 2.6304209232330322
322 2.3514139652252197
323 2.3141651153564453
324 2.1445674896240234
325 2.0522449016571045
326 2.3236641883850098
327 2.413376569747925
328 2.3423821926116943
329 2.574620008468628
330 2.297020196914673
331 2.379739284515381
332 2.422191858291626
333 2.3202219009399414
334 2.377756118774414
335 2.353097677230835
336 2.0876426696777344
337 1.9688904285430908
338 2.1789047718048096
339 2.0632400512695313
340 1.826775312423706
341 1.9645812511444092
342 2.0073893070220947
343 2.209242343902588
344 1.8851902484893799
345 1.6801140308380127
346 1.9129846096038818
347 2.4366087913513184
348 2.1538853645324707
349 2.0865912437438965
350 1.841736912727356
351 2.235764503479004
352 2.024109363555908
353 1.9622379541397095
354 2.1680750846862793
355 1.9791451692581177
356 2.057710647583008
357 2.187330722808838
358 2.0484540462493896
359 2.199218988418579
360 2.2679903507232666
361 2.2391879558563232
362 2.0850532054901123
363 1.6472164392471313
364 1.7921358346939087
365 1.928719401359558
366 1.7586990594863892
367 1.740035057067871
368 1.961521863937378
369 2.11126708984375
370 2.126088857650757
371 1.8429144620895386
372 2.011551856994629
373 1.790801763534546
374 1.8956515789031982
375 1.8191481828689575
376 1.988427996635437
377 2.1164610385894775
378 2.2447423934936523
379 2.0999088287353516
380 2.192021131515503
381 2.3295552730560303
382 2.336254835128784
383 2.8018672466278076
384 2.959989309310913
385 3.527740240097046
386 3.3655614852905273
387 2.924903392791748
388 2.988457441329956
389 2.756972074508667
390 3.086113452911377
391 2.8518669605255127
392 2.793626308441162
393 3.079510450363159
394 3.102327346801758
395 2.953852415084839
396 2.7109439373016357
397 2.670231819152832
398 2.497403860092163
399 2.7132105827331543
400 2.772995710372925
401 3.344911813735962
402 3.396113634109497
403 3.5922021865844727
404 3.4948227405548096
405 3.348109006881714
406 2.9641544818878174
407 3.4059605598449707
408 3.25205659866333
409 3.1895432472229004
410 3.2054824829101563
411 3.1483426094055176
412 3.135383129119873
413 3.211529016494751
414 2.6650140285491943
415 2.6659443378448486
416 2.7282087802886963
417 2.497828483581543
418 2.1516215801239014
419 2.1845078468322754
420 2.447493314743042
421 2.4435720443725586
422 2.2266929149627686
423 1.8226022720336914
424 1.806248426437378
425 1.7523581981658936
426 1.787662386894226
427 1.960954189300537
428 1.9156920909881592
429 1.8501057624816895
430 1.7512489557266235
431 1.6881383657455444
432 1.7512532472610474
433 1.8994460105895996
434 1.8601293563842773
435 1.7299227714538574
436 1.5944019556045532
437 1.5682835578918457
438 1.712201476097107
439 1.7039388418197632
440 1.7802709341049194
441 2.0398268699645996
442 2.2649261951446533
443 2.0373222827911377
444 1.8752492666244507
445 2.0684573650360107
446 1.9582678079605103
447 1.9883551597595215
448 1.8776798248291016
449 2.091707229614258
450 1.9177772998809814
451 2.1155755519866943
452 2.152068853378296
453 2.079495429992676
454 2.0345656871795654
455 1.9357424974441528
456 1.9665852785110474
457 1.9513953924179077
458 1.9526820182800293
459 2.1207382678985596
460 1.914445161819458
461 1.6287131309509277
462 1.8282731771469116
463 2.292544364929199
464 2.1643617153167725
465 2.2049059867858887
466 2.45330548286438
467 2.801851272583008
468 2.4538514614105225
469 2.6687963008880615
470 2.904618263244629
471 3.1405060291290283
472 2.8037045001983643
473 3.094336986541748
474 2.9351282119750977
475 3.026888608932495
476 2.6709139347076416
477 2.085739850997925
478 2.24147367477417
479 2.1388652324676514
480 2.275743007659912
481 2.1734459400177
482 2.3561527729034424
483 1.8100212812423706
484 1.8624804019927979
485 1.9287307262420654
486 1.915459394454956
487 1.8411386013031006
488 2.1605472564697266
489 2.3922033309936523
490 2.255258083343506
491 2.487344741821289
492 2.4114315509796143
493 2.341118574142456
494 2.51857328414917
495 2.4011600017547607
496 2.4092423915863037
497 2.330528974533081
498 2.2114670276641846
499 2.3560264110565186
500 1.9872170686721802
501 2.2532949447631836
502 2.1482760906219482
503 2.126885175704956
504 2.1835896968841553
505 2.295034646987915
506 2.0113024711608887
507 2.1994235515594482
508 2.447613477706909
509 2.5001699924468994
510 2.256342887878418
511 2.201413869857788
512 2.3060522079467773
513 2.269071578979492
514 2.038738489151001
515 2.0778160095214844
516 2.6563258171081543
517 2.3920979499816895
518 2.451097011566162
519 2.453993797302246
520 2.3110086917877197
521 2.2279040813446045
522 2.1459543704986572
523 2.220346450805664
524 1.986534595489502
525 1.8178974390029907
526 1.9216667413711548
527 1.787288784980774
528 2.2309463024139404
529 2.367182731628418
530 2.525484800338745
531 2.51263165473938
532 2.6901214122772217
533 2.405853271484375
534 2.5654141902923584
535 2.4906134605407715
536 2.3065426349639893
537 2.2824416160583496
538 2.0862669944763184
539 1.8076691627502441
540 2.064558982849121
541 2.0821480751037598
542 2.156404495239258
543 2.073763132095337
544 2.209918975830078
545 2.2168376445770264
546 2.24143123626709
547 2.3712682723999023
548 2.964521884918213
549 2.9175398349761963
550 3.0025510787963867
551 3.2982640266418457
552 3.2744879722595215
553 3.107849359512329
554 3.4225215911865234
555 3.035928249359131
556 3.3679802417755127
557 3.2519283294677734
558 3.110006809234619
559 3.1639606952667236
560 2.8411335945129395
561 2.8142218589782715
562 2.415759325027466
563 2.6098735332489014
564 2.6263747215270996
565 2.5337977409362793
566 2.305866241455078
567 2.7782866954803467
568 2.914384365081787
569 3.0681562423706055
570 3.139803409576416
571 2.9945805072784424
572 3.2290408611297607
573 2.7701473236083984
574 2.890869379043579
575 2.5656304359436035
576 2.5476059913635254
577 2.406851291656494
578 2.2807369232177734
579 2.5864622592926025
580 2.2836685180664063
581 2.2073938846588135
582 1.980607271194458
583 2.0275633335113525
584 1.7795928716659546
585 1.816697120666504
586 1.9081594944000244
587 2.042998790740967
588 1.9819985628128052
589 2.067079544067383
590 1.8936398029327393
591 2.15903902053833
592 2.0761215686798096
593 2.1192855834960938
594 2.4427297115325928
595 2.629484176635742
596 2.345550775527954
597 2.3610291481018066
598 2.0919480323791504
599 2.2705280780792236
600 2.49981689453125
601 2.76692795753479
602 2.8547921180725098
603 2.537989854812622
604 2.6069281101226807
605 2.527580976486206
606 2.6527483463287354
607 2.7123589515686035
608 3.018521308898926
609 3.1903388500213623
610 3.2621958255767822
611 3.3538243770599365
612 3.1640429496765137
613 3.352675437927246
614 3.304563522338867
615 3.4065606594085693
616 3.43609356880188
617 3.3866450786590576
618 3.3854966163635254
619 3.2368264198303223
620 3.1122043132781982
621 3.2818291187286377
622 3.255894184112549
623 2.6094305515289307
624 3.2399539947509766
625 3.039396047592163
626 2.8374416828155518
627 2.5953545570373535
628 2.9583606719970703
629 2.5979981422424316
630 2.8029487133026123
631 2.6509804725646973
632 3.170647621154785
633 3.0475118160247803
634 2.8851845264434814
635 2.816713333129883
636 2.9023733139038086
637 2.980259656906128
638 3.0981385707855225
639 3.1331582069396973
640 3.1338729858398438
641 2.948662519454956
642 2.909044027328491
643 2.6862709522247314
644 2.446033477783203
645 2.8882827758789063
646 2.7399327754974365
647 3.0362918376922607
648 3.2710120677948
649 2.985257148742676
650 3.196997880935669
651 3.0261659622192383
652 3.0054054260253906
653 2.7470579147338867
654 3.2071735858917236
655 3.108469247817993
656 2.930738687515259
657 2.983499050140381
658 3.268773078918457
659 2.9886839389801025
660 3.3477628231048584
661 3.4386274814605713
662 3.002227544784546
663 3.1009490489959717
664 2.8376951217651367
665 3.2508175373077393
666 3.006392240524292
667 2.7798988819122314
668 2.824272871017456
669 2.6631979942321777
670 2.613896608352661
671 2.4742913246154785
672 2.745750904083252
673 2.631540298461914
674 2.621371030807495
675 2.5816521644592285
676 2.437988519668579
677 2.629180908203125
678 2.9269232749938965
679 3.1263325214385986
680 3.177109956741333
681 2.8852264881134033
682 3.143289089202881
683 2.9409143924713135
684 2.877284526824951
685 2.754504919052124
686 2.6851959228515625
687 2.374851703643799
688 2.6076557636260986
689 2.5658950805664063
690 2.6389222145080566
691 2.347193717956543
692 2.5256335735321045
693 2.727658748626709
694 2.6706383228302
695 2.6757748126983643
696 2.429826259613037
697 2.484478235244751
698 2.855536937713623
699 2.905768394470215
700 3.220628499984741
701 3.095452308654785
702 3.1564860343933105
703 3.291679620742798
704 2.9974448680877686
705 3.310565948486328
706 3.3391201496124268
707 3.4149203300476074
708 3.1468803882598877
709 3.0921525955200195
710 3.568033456802368
711 3.470864772796631
712 3.4903464317321777
713 3.411876916885376
714 3.125411033630371
715 3.0533881187438965
716 3.2094078063964844
717 3.4210753440856934
718 3.386505365371704
719 3.347837209701538
720 3.150186538696289
721 3.054372787475586
722 2.933460235595703
723 2.88741135597229
724 2.7567148208618164
725 2.594996452331543
726 2.7642486095428467
727 2.6865673065185547
728 2.5808372497558594
729 2.3312618732452393
730 2.5782692432403564
731 2.7060022354125977
732 2.9200310707092285
733 2.669325828552246
734 3.153851270675659
735 3.096703290939331
736 3.3374698162078857
737 3.1482229232788086
738 3.1305129528045654
739 3.1351709365844727
740 3.605465888977051
741 3.7605602741241455
742 3.690521717071533
743 3.4563047885894775
744 3.244969606399536
745 2.9757375717163086
746 2.8958895206451416
747 2.7719695568084717
748 2.773550510406494
749 2.5591092109680176
750 2.9382011890411377
751 3.151731491088867
752 2.7574565410614014
753 2.4845473766326904
754 2.4580347537994385
755 2.208122730255127
756 2.1856729984283447
757 2.143930196762085
758 2.381702423095703
759 2.653245210647583
760 2.4919259548187256
761 2.48471736907959
762 2.5436832904815674
763 2.3322460651397705
764 2.3058247566223145
765 2.1662707328796387
766 2.216109275817871
767 1.9882956743240356
768 2.2323901653289795
769 2.4596261978149414
770 2.1138339042663574
771 2.4823379516601563
772 2.307380437850952
773 2.135558843612671
774 2.4388229846954346
775 2.5813095569610596
776 2.4223287105560303
777 2.946619749069214
778 2.7548205852508545
779 2.751035213470459
780 3.050790548324585
781 2.913902997970581
782 2.8224427700042725
783 2.8394360542297363
784 2.885063409805298
785 2.781568765640259
786 2.9455227851867676
787 2.7791173458099365
788 3.1872260570526123
789 2.8743650913238525
790 2.743317127227783
791 2.98925518989563
792 3.026965856552124
793 2.8919577598571777
794 2.8795926570892334
795 2.8451731204986572
796 2.7214913368225098
797 2.659034252166748
798 3.207740068435669
799 3.1987552642822266
800 2.896233320236206
801 2.7342920303344727
802 2.735835075378418
803 2.420257568359375
804 2.298088312149048
805 2.5263309478759766
806 2.5399370193481445
807 2.557166814804077
808 2.473928213119507
809 2.3270084857940674
810 2.479745626449585
811 2.6901772022247314
812 2.6906509399414063
813 2.1747167110443115
814 2.356487989425659
815 2.5409257411956787
816 2.121081829071045
817 2.1926932334899902
818 2.212874412536621
819 2.250897169113159
820 2.428020477294922
821 2.5744130611419678
822 2.3636727333068848
823 2.299774169921875
824 2.956075429916382
825 2.67914080619812
826 2.759791612625122
827 2.5144357681274414
828 2.4403116703033447
829 2.6694233417510986
830 2.78867769241333
831 2.9155900478363037
832 2.503418207168579
833 2.4451310634613037
834 2.3898375034332275
835 2.828251600265503
836 2.599026679992676
837 3.106459856033325
838 2.8671200275421143
839 2.591779947280884
840 2.505448579788208
841 2.7498183250427246
842 2.5842952728271484
843 2.4095547199249268
844 2.7747533321380615
845 3.027104377746582
846 2.882568120956421
847 2.438382625579834
848 2.710646629333496
849 2.677523374557495
850 2.5812485218048096
851 2.6485462188720703
852 2.723966121673584
853 2.793771266937256
854 2.616900682449341
855 2.7744152545928955
856 2.6355698108673096
857 2.8978755474090576
858 2.968099355697632
859 2.7745440006256104
860 3.032681465148926
861 3.037296772003174
862 3.4040920734405518
863 3.4752449989318848
864 2.9968204498291016
865 3.0541553497314453
866 3.212557315826416
867 3.184455156326294
868 3.2902393341064453
869 3.093357801437378
870 3.418043851852417
871 3.2002291679382324
872 3.526991605758667
873 3.5160677433013916
874 3.182462453842163
875 2.9534912109375
876 3.183206081390381
877 2.860492706298828
878 2.950592279434204
879 3.283830165863037
880 3.4177911281585693
881 3.303766965866089
882 3.1967356204986572
883 2.9833056926727295
884 3.3935494422912598
885 3.309361457824707
886 3.25978684425354
887 2.838205575942993
888 2.5053038597106934
889 2.7051191329956055
890 3.136073589324951
891 3.2149176597595215
892 3.153529405593872
893 2.8363356590270996
894 2.850853681564331
895 2.7261834144592285
896 2.599409580230713
897 2.555161714553833
898 2.8100855350494385
899 2.7609736919403076
900 2.8850977420806885
901 2.7713587284088135
902 2.572054624557495
903 2.878115653991699
904 2.953172445297241
905 2.8392746448516846
906 2.6958563327789307
907 2.8676602840423584
908 3.0598578453063965
909 2.8933658599853516
910 2.854309320449829
911 3.0416412353515625
912 2.4302618503570557
913 2.518505334854126
914 2.2713444232940674
915 2.4541380405426025
916 2.6619858741760254
917 2.6500391960144043
918 2.655940294265747
919 2.410895824432373
920 2.3029115200042725
921 2.1998395919799805
922 2.5416624546051025
923 2.683854579925537
924 2.7432124614715576
925 2.676161527633667
926 2.7072458267211914
927 2.0389809608459473
928 2.0103633403778076
929 2.1295738220214844
930 1.8548357486724854
931 1.7774800062179565
932 1.9219962358474731
933 2.0892271995544434
934 2.4416563510894775
935 2.18009090423584
936 2.2768640518188477
937 1.94233238697052
938 2.116730213165283
939 2.2864761352539063
940 1.9942504167556763
941 1.7834393978118896
942 2.1739487648010254
943 2.555497407913208
944 2.399472713470459
945 2.567781925201416
946 2.471811294555664
947 2.1773698329925537
948 2.314894914627075
949 2.6070361137390137
950 2.683988332748413
951 2.6294453144073486
952 2.715547800064087
953 2.4474120140075684
954 2.769310235977173
955 2.6895194053649902
956 2.5743789672851563
957 2.408010244369507
958 2.497624635696411
959 2.371539354324341
960 2.389732599258423
961 2.405587673187256
962 2.334749460220337
963 2.41457200050354
964 2.4527065753936768
965 2.3080875873565674
966 2.6237103939056396
967 2.2033278942108154
968 2.446584939956665
969 2.3135628700256348
970 2.048156499862671
971 2.1366751194000244
972 2.271833658218384
973 1.9783433675765991
974 1.8905527591705322
975 2.3841710090637207
976 2.501587152481079
977 2.0242230892181396
978 2.197225332260132
979 2.344541072845459
980 2.247088670730591
981 2.153392791748047
982 2.0453391075134277
983 2.2700512409210205
984 2.139819860458374
985 2.1150145530700684
986 2.1357510089874268
987 2.080526828765869
988 2.318326473236084
989 2.246492862701416
990 2.2508766651153564
991 2.3906688690185547
992 2.2740085124969482
993 2.18147349357605
994 2.269998550415039
995 2.0205886363983154
996 2.068514347076416
997 2.3533620834350586
998 2.262362003326416
999 2.1499199867248535
1000 2.2488162517547607
1001 2.43554949760437
1002 2.4344706535339355
1003 2.217801809310913
1004 2.1788761615753174
1005 2.144402503967285
1006 2.1800599098205566
1007 1.90097177028656
1008 2.005586624145508
1009 2.4223899841308594
1010 2.303834915161133
1011 2.223217248916626
1012 2.182239532470703
1013 2.23404860496521
1014 2.289726972579956
1015 2.236626625061035
1016 2.299502372741699
1017 2.134633779525757
1018 2.15767502784729
1019 2.239879846572876
1020 2.264273166656494
1021 2.229926109313965
1022 2.1941425800323486
1023 2.181067943572998
1024 2.1552553176879883
1025 2.179962396621704
1026 2.200683116912842
1027 2.235746145248413
1028 2.1828298568725586
1029 2.192721128463745
1030 2.082967758178711
1031 2.1349189281463623
1032 2.2584896087646484
1033 2.0793917179107666
1034 1.9930940866470337
1035 2.4608497619628906
1036 2.549663543701172
1037 2.463423728942871
1038 2.4451189041137695
1039 2.4326343536376953
1040 2.009147882461548
1041 2.232067823410034
1042 2.285858392715454
1043 2.428649663925171
1044 2.4036788940429688
1045 2.2052042484283447
1046 2.1837098598480225
1047 2.007044792175293
1048 2.5401177406311035
1049 2.3629162311553955
1050 2.464357852935791
1051 2.506481885910034
1052 3.032524824142456
1053 2.8587703704833984
1054 2.9493234157562256
1055 2.9670698642730713
1056 3.1378767490386963
1057 2.8957486152648926
1058 3.1857917308807373
1059 3.0261199474334717
1060 3.2628965377807617
1061 3.3446037769317627
1062 3.2330174446105957
1063 2.8939526081085205
1064 3.052133321762085
1065 2.903245449066162
1066 3.1001272201538086
1067 3.040004014968872
1068 2.8630409240722656
1069 2.7159183025360107
1070 2.6645407676696777
1071 2.9428722858428955
1072 2.6757266521453857
1073 2.3724331855773926
1074 2.5871293544769287
1075 2.674872875213623
1076 2.851057529449463
1077 3.1437759399414063
1078 3.496579647064209
1079 3.3907015323638916
1080 3.3357455730438232
1081 3.4189398288726807
1082 3.268312692642212
1083 2.8435521125793457
1084 3.0099823474884033
1085 3.273123264312744
1086 3.014458417892456
1087 2.8670153617858887
1088 2.7957677841186523
1089 2.5364322662353516
1090 2.9613311290740967
1091 2.6799631118774414
1092 2.2889645099639893
1093 2.4317283630371094
1094 2.8393638134002686
1095 3.363284111022949
1096 3.2033779621124268
1097 3.1548142433166504
1098 3.034686803817749
1099 3.0003013610839844
1100 2.6110827922821045
1101 2.410092830657959
1102 2.670309066772461
1103 2.825995683670044
1104 2.8701930046081543
1105 2.6365718841552734
1106 3.047607898712158
1107 3.455590009689331
1108 3.157057762145996
1109 3.154066324234009
1110 3.1127030849456787
1111 3.441478967666626
1112 3.2380189895629883
1113 3.1446802616119385
1114 2.9860033988952637
1115 2.9574100971221924
1116 2.7408816814422607
1117 2.706591844558716
1118 3.0926268100738525
1119 3.2488927841186523
1120 2.773834705352783
1121 2.448507070541382
1122 3.3235723972320557
1123 2.853501319885254
1124 2.7858004570007324
1125 2.5581233501434326
1126 2.7511146068573
1127 2.830211639404297
1128 2.6177899837493896
1129 2.6022450923919678
1130 2.424820899963379
1131 2.529258966445923
1132 2.2788076400756836
1133 2.101391315460205
1134 2.1831929683685303
1135 1.9992303848266602
1136 2.318458318710327
1137 2.196488857269287
1138 1.942274808883667
1139 2.1736395359039307
1140 2.3635048866271973
1141 2.454669237136841
1142 2.6298410892486572
1143 2.565068244934082
1144 2.5864830017089844
1145 2.4197611808776855
1146 2.5679190158843994
1147 2.3147785663604736
1148 2.3928139209747314
1149 2.58381986618042
1150 2.559772253036499
1151 2.4179515838623047
1152 2.5753650665283203
1153 2.5853800773620605
1154 2.791093587875366
1155 2.800232172012329
1156 2.8121981620788574
1157 2.6546521186828613
1158 2.690021276473999
1159 2.431633949279785
1160 2.8675520420074463
1161 2.7341055870056152
1162 2.4613893032073975
1163 2.5687246322631836
1164 2.6814630031585693
1165 2.7892768383026123
1166 2.6830546855926514
1167 2.4953370094299316
1168 2.538043737411499
1169 2.695481538772583
1170 2.3208606243133545
1171 2.3149361610412598
1172 2.1515700817108154
1173 2.317774772644043
1174 2.5533854961395264
1175 2.748253107070923
1176 2.6956636905670166
1177 2.568676471710205
1178 2.575237274169922
1179 2.3710646629333496
1180 2.3393173217773438
1181 2.5301876068115234
1182 2.3756091594696045
1183 2.3867433071136475
1184 2.100353479385376
1185 2.1308107376098633
1186 1.9924877882003784
1187 2.2680299282073975
1188 2.5213873386383057
1189 2.33915114402771
1190 2.519880771636963
1191 2.9473135471343994
1192 2.6083927154541016
1193 2.1878786087036133
1194 2.5942933559417725
1195 2.6237127780914307
1196 2.7193238735198975
1197 2.4687399864196777
1198 2.4967029094696045
1199 2.5378377437591553
1200 2.463289260864258
1201 2.430741786956787
1202 2.302258253097534
1203 2.3002586364746094
1204 2.3136892318725586
1205 2.2808890342712402
1206 2.3945152759552
1207 2.4486615657806396
1208 2.6652109622955322
1209 2.25024151802063
1210 2.165882110595703
1211 2.308549642562866
1212 2.411813259124756
1213 2.4432547092437744
1214 2.3792223930358887
1215 2.299159526824951
1216 2.5745902061462402
1217 2.276571035385132
1218 2.3740999698638916
1219 2.576688051223755
1220 2.37459397315979
1221 2.355058193206787
1222 2.401759624481201
1223 2.298614501953125
1224 2.3996641635894775
1225 2.3427741527557373
1226 2.2660956382751465
1227 2.4042580127716064
1228 2.4767825603485107
1229 2.377983331680298
1230 2.5612757205963135
1231 2.710749387741089
1232 2.824854850769043
1233 2.956923484802246
1234 2.9421701431274414
1235 2.7254245281219482
1236 2.815504789352417
1237 2.461993932723999
1238 2.212491989135742
1239 2.4340994358062744
1240 2.514429807662964
1241 2.629351854324341
1242 2.3891992568969727
1243 2.582095146179199
1244 2.433708429336548
1245 2.745534896850586
1246 2.6953957080841064
1247 2.904083251953125
1248 3.118675947189331
1249 2.737131357192993
1250 2.8126704692840576
1251 2.4973409175872803
1252 2.4347245693206787
1253 2.384795904159546
1254 2.7027134895324707
1255 2.673450469970703
1256 2.6226093769073486
1257 2.430400848388672
1258 2.566774368286133
1259 2.54801869392395
1260 2.3905696868896484
1261 2.927924871444702
1262 2.6713972091674805
1263 2.7789106369018555
1264 2.2802062034606934
1265 2.2749836444854736
1266 2.207252264022827
1267 2.1691112518310547
1268 2.256655693054199
1269 2.2073216438293457
1270 2.1423869132995605
1271 2.1907150745391846
1272 2.140040397644043
1273 2.342878818511963
1274 2.4175491333007813
1275 2.124896287918091
1276 2.333104372024536
1277 2.313124895095825
1278 2.669503688812256
1279 2.385497808456421
1280 2.389286756515503
1281 2.314378499984741
1282 2.178946018218994
1283 2.27746319770813
1284 2.206875801086426
1285 2.253983736038208
1286 2.184777021408081
1287 2.4886350631713867
1288 2.255368947982788
1289 2.157167434692383
1290 2.6362409591674805
1291 2.7617857456207275
1292 2.3858306407928467
1293 2.596583843231201
1294 2.493093967437744
1295 2.337618827819824
1296 2.3686790466308594
1297 2.634519338607788
1298 2.765665292739868
1299 2.569908857345581
1300 2.429185628890991
1301 2.1235554218292236
1302 2.276150703430176
1303 2.402965784072876
1304 2.377211809158325
1305 2.3324456214904785
1306 2.250734329223633
1307 2.0464043617248535
1308 2.143650531768799
1309 1.8259251117706299
1310 1.9110381603240967
1311 1.9188405275344849
1312 1.9027386903762817
1313 2.294064521789551
1314 2.4634950160980225
1315 2.1907029151916504
1316 2.1072940826416016
1317 2.210416316986084
1318 2.1266465187072754
1319 2.175647497177124
1320 1.8709124326705933
1321 2.4668426513671875
1322 2.2887563705444336
1323 2.525238513946533
1324 2.612457275390625
1325 2.760955333709717
1326 2.9476101398468018
1327 2.8210644721984863
1328 2.783055543899536
1329 2.9460809230804443
1330 2.6433470249176025
1331 2.45383358001709
1332 2.4437124729156494
1333 2.267618417739868
1334 2.143172264099121
1335 2.334808588027954
1336 2.330200672149658
1337 2.1753833293914795
1338 2.089898109436035
1339 2.2426750659942627
1340 2.0850918292999268
1341 1.8931105136871338
1342 1.9189612865447998
1343 1.7529269456863403
1344 1.7541229724884033
1345 1.99113929271698
1346 2.2629494667053223
1347 2.176278591156006
1348 2.41404390335083
1349 2.1520538330078125
1350 2.2367300987243652
1351 2.3208820819854736
1352 2.027332067489624
1353 2.062163829803467
1354 2.250364065170288
1355 2.4188156127929688
1356 2.319464683532715
1357 2.2245965003967285
1358 2.0480728149414063
1359 2.26074481010437
1360 2.0478479862213135
1361 2.175987958908081
1362 2.3104300498962402
1363 2.091618061065674
1364 2.3546059131622314
1365 2.124048948287964
1366 2.3520619869232178
1367 2.2054636478424072
1368 2.256422519683838
1369 2.358337163925171
1370 2.239950180053711
1371 2.528529644012451
1372 2.3370587825775146
1373 2.2109742164611816
1374 2.103861093521118
1375 2.2714951038360596
1376 2.374314546585083
1377 2.5057601928710938
1378 2.670605182647705
1379 2.915266990661621
1380 3.086902379989624
1381 3.0218465328216553
1382 3.263996124267578
1383 3.5858092308044434
1384 3.637815237045288
1385 3.1177961826324463
1386 3.1555938720703125
1387 3.243831157684326
1388 3.1415231227874756
1389 2.9566941261291504
1390 2.8414270877838135
1391 3.124605894088745
1392 3.208634614944458
1393 2.9345974922180176
1394 2.9692282676696777
1395 2.883779525756836
1396 2.755861520767212
1397 2.7947845458984375
1398 3.058042287826538
1399 2.9896624088287354
1400 2.9468111991882324
1401 3.38966965675354
1402 3.110018491744995
1403 2.6892337799072266
1404 2.8013405799865723
1405 2.821272611618042
1406 2.9684059619903564
1407 2.8666012287139893
1408 2.8363547325134277
1409 2.2972323894500732
1410 2.7171356678009033
1411 2.922079563140869
1412 2.683743476867676
1413 3.102246046066284
1414 3.1375255584716797
1415 3.6184840202331543
1416 3.529987096786499
1417 3.067483901977539
1418 3.361926555633545
1419 2.9119579792022705
1420 2.719879150390625
1421 3.0361766815185547
1422 2.8522799015045166
1423 2.644657850265503
1424 2.6829819679260254
1425 2.6341733932495117
1426 2.7946112155914307
1427 2.82710599899292
1428 2.7362749576568604
1429 2.413102626800537
1430 2.2514922618865967
1431 2.12465500831604
1432 2.313978910446167
1433 2.1084177494049072
1434 1.9985805749893188
1435 2.136502742767334
1436 2.223717451095581
1437 2.2777695655822754
1438 2.2682301998138428
1439 2.2116658687591553
1440 2.348219633102417
1441 2.372272253036499
1442 2.5824153423309326
1443 2.9785072803497314
1444 3.2659285068511963
1445 3.565209150314331
1446 3.6356468200683594
1447 3.33022141456604
1448 3.651198625564575
1449 3.398366689682007
1450 3.4177818298339844
1451 3.472559928894043
1452 2.706415891647339
1453 3.1113648414611816
1454 3.521695375442505
1455 3.472233533859253
1456 3.650993585586548
1457 3.673128366470337
1458 3.668377637863159
1459 3.5474438667297363
1460 3.3690578937530518
1461 2.8570327758789063
1462 2.4224154949188232
1463 2.196106195449829
1464 2.6002590656280518
1465 2.305490493774414
1466 2.486321449279785
1467 2.6253976821899414
1468 2.6370344161987305
1469 2.5477235317230225
1470 2.7563278675079346
1471 2.4672067165374756
1472 2.412569999694824
1473 2.78896427154541
1474 2.5798656940460205
1475 2.5578994750976563
1476 2.5845837593078613
1477 2.5393245220184326
1478 2.4275882244110107
1479 2.535372257232666
1480 2.421510934829712
1481 2.4770140647888184
1482 2.5094006061553955
1483 2.5691070556640625
1484 2.514090061187744
1485 2.4924163818359375
1486 2.426898956298828
1487 2.5059587955474854
1488 2.624708414077759
1489 2.507425308227539
1490 2.718266725540161
1491 2.742342233657837
1492 3.0817620754241943
1493 2.963026523590088
1494 3.029857873916626
1495 2.995737075805664
1496 2.9035286903381348
1497 2.8440966606140137
1498 3.170651912689209
1499 3.1895225048065186
1500 2.8595452308654785
1501 3.2550454139709473
1502 3.1820836067199707
1503 3.1282026767730713
1504 3.312886953353882
1505 3.4735047817230225
1506 3.35593843460083
1507 3.3856966495513916
1508 3.2984611988067627
1509 3.347970724105835
1510 3.3930251598358154
1511 3.222806930541992
1512 2.54103684425354
1513 2.6155600547790527
1514 2.462202310562134
1515 2.4758710861206055
1516 2.288933515548706
1517 1.948520541191101
1518 2.108191967010498
1519 2.583997964859009
1520 2.755582809448242
1521 2.5442440509796143
1522 2.4253976345062256
1523 2.236029624938965
1524 2.1966495513916016
1525 1.931503415107727
1526 1.9590075016021729
1527 1.8760932683944702
1528 2.0523571968078613
1529 2.001945972442627
1530 2.0387344360351563
1531 2.1101226806640625
1532 2.0341453552246094
1533 2.255176067352295
1534 2.135279417037964
1535 2.206254482269287
1536 2.2595438957214355
1537 2.09753155708313
1538 2.147012710571289
1539 2.4344892501831055
1540 2.2385778427124023
1541 2.3072898387908936
1542 2.2629919052124023
1543 2.39717698097229
1544 2.4542205333709717
1545 2.379034996032715
1546 2.2696006298065186
1547 2.390026330947876
1548 2.663179874420166
1549 2.640918493270874
1550 2.304075002670288
1551 2.096217632293701
1552 1.9628355503082275
1553 2.018303155899048
1554 2.0502984523773193
1555 2.1193883419036865
1556 2.144144296646118
1557 2.0809874534606934
1558 1.9892903566360474
1559 1.9666069746017456
1560 1.986260175704956
1561 1.9214800596237183
1562 1.950924277305603
1563 1.662133812904358
1564 1.8369263410568237
1565 1.973337173461914
1566 1.7681469917297363
1567 1.7684926986694336
1568 2.0098164081573486
1569 2.0679075717926025
1570 2.0352964401245117
1571 1.975568413734436
1572 2.4191246032714844
1573 2.358377456665039
1574 2.3332290649414063
1575 2.0989489555358887
1576 2.1477320194244385
1577 2.1771581172943115
1578 2.5900321006774902
1579 2.770258903503418
1580 2.596900463104248
1581 2.891563653945923
1582 2.5091793537139893
1583 2.436392307281494
1584 2.241892099380493
1585 2.470545768737793
1586 2.538304328918457
1587 2.7224233150482178
1588 2.532010078430176
1589 2.450961112976074
1590 2.4954004287719727
1591 2.5543832778930664
1592 2.643415689468384
1593 2.6624674797058105
1594 2.5601305961608887
1595 2.567993402481079
1596 2.5477476119995117
1597 2.422576665878296
1598 2.332703113555908
1599 2.596573829650879
1600 2.7163000106811523
1601 2.5851101875305176
1602 2.538043260574341
1603 2.5679759979248047
1604 2.3601126670837402
1605 2.3614842891693115
1606 2.39233660697937
1607 2.461956739425659
1608 2.2229976654052734
1609 2.120922803878784
1610 2.5512213706970215
1611 2.489103078842163
1612 2.6911990642547607
1613 3.2013697624206543
1614 2.8258368968963623
1615 2.896512508392334
1616 2.726783514022827
1617 2.74796199798584
1618 2.9213008880615234
1619 2.6931819915771484
1620 2.6008877754211426
1621 2.935896635055542
1622 2.8439037799835205
1623 2.674302339553833
1624 3.240407943725586
1625 3.1408798694610596
1626 3.1869430541992188
1627 3.375532627105713
1628 3.454942226409912
1629 3.344890832901001
1630 2.9296867847442627
1631 3.0261082649230957
1632 2.922900438308716
1633 2.8148601055145264
1634 2.722325325012207
1635 2.6896047592163086
1636 2.6346144676208496
1637 2.5656840801239014
1638 2.9238972663879395
1639 2.744166612625122
1640 2.8397269248962402
1641 2.967971086502075
1642 2.91640305519104
1643 3.0391573905944824
1644 2.8610053062438965
1645 2.6197636127471924
1646 2.865178346633911
1647 2.785797595977783
1648 2.6039600372314453
1649 2.6370885372161865
1650 2.4372706413269043
1651 2.4675562381744385
1652 2.6497762203216553
1653 3.1219747066497803
1654 2.9070308208465576
1655 2.6320862770080566
1656 2.6784589290618896
1657 2.6595065593719482
1658 2.747962474822998
1659 2.7017927169799805
1660 2.781644821166992
1661 2.657250165939331
1662 3.1347012519836426
1663 2.8895814418792725
1664 2.7654762268066406
1665 2.866020679473877
1666 3.053784132003784
1667 2.863110303878784
1668 3.1486048698425293
1669 3.2752790451049805
1670 3.478257894515991
1671 3.439988136291504
1672 3.054617404937744
1673 3.1767971515655518
1674 3.4438905715942383
1675 3.197580337524414
1676 2.9462838172912598
1677 3.312803030014038
1678 3.5893049240112305
1679 3.615089178085327
1680 3.521427869796753
1681 3.3074326515197754
1682 3.5165674686431885
1683 3.1505701541900635
1684 2.933270215988159
1685 2.7965614795684814
1686 2.8370163440704346
1687 2.680891275405884
1688 2.295635223388672
1689 2.635037422180176
1690 2.4273462295532227
1691 2.239666223526001
1692 2.4473025798797607
1693 2.4781646728515625
1694 2.7422566413879395
1695 2.4721593856811523
1696 2.628999710083008
1697 3.0013954639434814
1698 3.087005376815796
1699 2.984203577041626
1700 2.702481985092163
1701 2.93669056892395
1702 2.8624842166900635
1703 3.1806070804595947
1704 3.222409248352051
1705 3.412160634994507
1706 3.1286842823028564
1707 3.258920431137085
1708 3.463170051574707
1709 3.126126766204834
1710 3.367753505706787
1711 3.3631136417388916
1712 3.036787271499634
1713 3.05271053314209
1714 2.774336576461792
1715 2.7830445766448975
1716 2.3186819553375244
1717 2.360283136367798
1718 2.2284159660339355
1719 2.6952402591705322
1720 2.6307077407836914
1721 2.897933006286621
1722 2.7650067806243896
1723 2.4908978939056396
1724 2.4331836700439453
1725 2.4985153675079346
1726 2.324620246887207
1727 2.3576080799102783
1728 2.1379261016845703
1729 2.2686190605163574
1730 2.4773004055023193
1731 2.8630661964416504
1732 2.613345146179199
1733 2.6469993591308594
1734 2.4443259239196777
1735 2.416656494140625
1736 2.5658416748046875
1737 2.6913087368011475
1738 2.4323534965515137
1739 2.7470314502716064
1740 2.5639238357543945
1741 2.499191999435425
1742 2.4811153411865234
1743 2.750915288925171
1744 2.566497564315796
1745 2.4317033290863037
1746 2.3966786861419678
1747 2.3641679286956787
1748 2.7369296550750732
1749 2.537250518798828
1750 2.695481300354004
1751 2.5172736644744873
1752 2.3328049182891846
1753 2.224534273147583
1754 2.2934093475341797
1755 2.422710657119751
1756 2.4345993995666504
1757 2.4111783504486084
1758 2.7524778842926025
1759 2.752025604248047
1760 3.0644071102142334
1761 3.069701671600342
1762 3.108036518096924
1763 2.743293046951294
1764 2.6067006587982178
1765 2.558408498764038
1766 2.509589195251465
1767 2.712176561355591
1768 2.4051759243011475
1769 2.5492141246795654
1770 2.589960813522339
1771 2.314879894256592
1772 2.5571327209472656
1773 2.6093907356262207
1774 2.390608787536621
1775 2.344511032104492
1776 2.5478525161743164
1777 2.795064926147461
1778 2.551311731338501
1779 2.6226747035980225
1780 2.704392433166504
1781 2.8571860790252686
1782 2.7139997482299805
1783 2.7253170013427734
1784 2.5331180095672607
1785 2.502973794937134
1786 2.4239749908447266
1787 2.6291306018829346
1788 2.74192476272583
1789 2.8198978900909424
1790 2.581017017364502
1791 2.573044538497925
1792 2.5198261737823486
1793 2.5683653354644775
1794 2.401125431060791
1795 2.454747200012207
1796 2.0233540534973145
1797 2.2731025218963623
1798 2.3495466709136963
1799 2.3983676433563232
1800 2.4011788368225098
1801 2.44185471534729
1802 2.5127294063568115
1803 2.3066160678863525
1804 2.070953369140625
1805 2.5177223682403564
1806 2.367351770401001
1807 2.667895555496216
1808 2.6559901237487793
1809 2.5441062450408936
1810 2.2890467643737793
1811 2.514561414718628
1812 2.485783100128174
1813 2.6568171977996826
1814 2.6423161029815674
1815 2.4056224822998047
1816 1.9865567684173584
1817 2.1070539951324463
1818 2.123257637023926
1819 2.3905463218688965
1820 2.406562089920044
1821 2.3165435791015625
1822 2.546936273574829
1823 2.6099345684051514
1824 2.4968597888946533
1825 2.4525368213653564
1826 2.4631893634796143
1827 2.245007276535034
1828 2.3591601848602295
1829 2.641096591949463
1830 2.8433353900909424
1831 2.894097328186035
1832 2.816737174987793
1833 3.125450372695923
1834 2.7226920127868652
1835 2.8156847953796387
1836 2.6595280170440674
1837 2.7217040061950684
1838 2.4867963790893555
1839 2.441481351852417
1840 2.244455337524414
1841 2.350576877593994
1842 2.0573325157165527
1843 2.1911308765411377
1844 2.0562195777893066
1845 2.422543525695801
1846 2.828925848007202
1847 2.795156955718994
1848 2.53824782371521
1849 2.2663912773132324
1850 2.3565845489501953
1851 2.3833425045013428
1852 2.7117908000946045
1853 2.9641480445861816
1854 2.83469820022583
1855 2.7309820652008057
1856 2.8053348064422607
1857 2.6836791038513184
1858 2.5926125049591064
1859 2.6222083568573
1860 2.606356382369995
1861 2.369302749633789
1862 2.210664749145508
1863 2.338123321533203
1864 2.2966296672821045
1865 2.2409472465515137
1866 2.3159127235412598
1867 2.260385274887085
1868 2.7266767024993896
1869 2.9665029048919678
1870 2.9020016193389893
1871 2.604992389678955
1872 2.6299331188201904
1873 2.6917309761047363
1874 2.6200199127197266
1875 2.4967544078826904
1876 2.44173526763916
1877 2.8833975791931152
1878 2.542722463607788
1879 2.41334867477417
1880 2.224900245666504
1881 2.5830953121185303
1882 2.20462703704834
1883 2.4266436100006104
1884 2.415513277053833
1885 2.431560754776001
1886 2.4096879959106445
1887 2.422882556915283
1888 2.360048532485962
1889 2.317995548248291
1890 2.3374080657958984
1891 2.412195920944214
1892 2.2630650997161865
1893 2.383836269378662
1894 2.204366445541382
1895 2.4933254718780518
1896 2.191760778427124
1897 2.1609013080596924
1898 2.126948118209839
1899 2.329357862472534
1900 2.258463144302368
1901 2.1442575454711914
1902 2.261474132537842
1903 2.452338457107544
1904 2.1715452671051025
1905 2.163991689682007
1906 2.339747667312622
1907 2.5130555629730225
1908 2.531325340270996
1909 2.658752918243408
1910 2.638915538787842
1911 2.6090247631073
1912 2.5468339920043945
1913 2.952855110168457
1914 2.6017568111419678
1915 2.4985783100128174
1916 2.5200908184051514
1917 2.4768309593200684
1918 3.097498655319214
1919 2.870605945587158
1920 2.6688601970672607
1921 2.6983296871185303
1922 2.4683356285095215
1923 2.2530105113983154
1924 2.3108150959014893
1925 2.2141635417938232
1926 2.520077705383301
1927 2.5492043495178223
1928 2.5812807083129883
1929 2.6719775199890137
1930 2.7686281204223633
1931 2.527433395385742
1932 2.726752758026123
1933 2.8249921798706055
1934 2.7879531383514404
1935 2.7037465572357178
1936 2.498073101043701
1937 2.7666027545928955
1938 2.8474857807159424
1939 3.076146364212036
1940 3.218094825744629
1941 2.9426562786102295
1942 3.141498327255249
1943 3.3535168170928955
1944 3.354020833969116
1945 2.995131492614746
1946 3.2841742038726807
1947 3.36820912361145
1948 3.49637508392334
1949 3.421933889389038
1950 3.386138439178467
1951 3.024935483932495
1952 3.117170810699463
1953 3.081149101257324
1954 3.227330446243286
1955 3.5548925399780273
1956 3.6687564849853516
1957 3.4005794525146484
1958 3.402026891708374
1959 3.4852802753448486
1960 3.324793577194214
1961 3.2933554649353027
1962 3.225267171859741
1963 3.1494486331939697
1964 2.9251139163970947
1965 3.1239848136901855
1966 3.317718029022217
1967 3.746009111404419
1968 3.742161273956299
1969 3.7007336616516113
1970 3.4782755374908447
1971 3.60610294342041
1972 3.569532871246338
1973 3.0890588760375977
1974 3.142340660095215
1975 3.092142105102539
1976 3.365377187728882
1977 3.6358799934387207
1978 3.5277488231658936
1979 3.6339638233184814
1980 3.416132926940918
1981 3.307046890258789
1982 3.410245656967163
1983 3.638991117477417
1984 4.169746398925781
1985 4.051634788513184
1986 4.117667198181152
1987 4.217564105987549
1988 3.8911736011505127
1989 4.15129280090332
1990 4.189629554748535
1991 4.372190475463867
1992 4.3659515380859375
1993 4.5035200119018555
1994 4.671395301818848
1995 4.94580078125
1996 5.099312782287598
1997 4.58121919631958
1998 4.187010765075684
1999 4.433412551879883
2000 4.000942230224609
2001 3.7022111415863037
2002 3.800563335418701
2003 3.7460744380950928
2004 3.3889408111572266
2005 3.466099500656128
2006 3.3234033584594727
2007 3.4527878761291504
2008 3.1181280612945557
2009 2.7404565811157227
2010 3.0477001667022705
2011 3.1411945819854736
2012 3.098262071609497
2013 3.15749454498291
2014 3.111597776412964
2015 3.646575689315796
2016 3.566293954849243
2017 3.4544808864593506
2018 3.540109157562256
2019 3.5120787620544434
2020 3.5855700969696045
2021 3.599924325942993
2022 3.305370569229126
2023 3.1612799167633057
2024 3.154615640640259
2025 3.1614837646484375
2026 2.9352803230285645
2027 3.2521488666534424
2028 3.4797308444976807
2029 3.575528144836426
2030 3.666153907775879
2031 3.535712480545044
2032 3.5032973289489746
2033 3.56231427192688
2034 3.496962070465088
2035 3.320054292678833
2036 3.3393771648406982
2037 3.255383253097534
2038 3.3339498043060303
2039 3.6383862495422363
2040 3.363405704498291
2041 3.2463326454162598
2042 3.2541942596435547
2043 2.95845365524292
2044 3.18684458732605
2045 3.166168451309204
2046 3.2075002193450928
2047 3.0458388328552246
2048 3.238100051879883
2049 3.2164106369018555
2050 3.332878589630127
2051 3.4009194374084473
2052 3.5368552207946777
2053 3.583627700805664
2054 3.4432005882263184
2055 3.5956993103027344
2056 3.5083529949188232
2057 3.358064651489258
2058 3.2589643001556396
2059 3.3561315536499023
2060 3.2938618659973145
2061 3.2960267066955566
2062 2.777752637863159
2063 2.8622148036956787
2064 2.7713096141815186
2065 2.6283035278320313
2066 2.5619876384735107
2067 2.506993055343628
2068 3.0637950897216797
2069 2.920065402984619
2070 3.0321457386016846
2071 3.004185676574707
2072 3.0424506664276123
2073 2.764834403991699
2074 2.961230993270874
2075 3.019757032394409
2076 2.924849271774292
2077 2.8232295513153076
2078 3.3694653511047363
2079 3.3377461433410645
2080 3.3465464115142822
2081 3.082493305206299
2082 3.6249752044677734
2083 3.3282649517059326
2084 3.4984679222106934
2085 3.4667649269104004
2086 3.630542516708374
2087 3.3104519844055176
2088 3.091279983520508
2089 3.280095100402832
2090 3.3118057250976563
2091 3.385958433151245
2092 3.0050394535064697
2093 3.194035530090332
2094 3.242802143096924
2095 3.083317995071411
2096 2.8279526233673096
2097 3.0542585849761963
2098 3.279872417449951
2099 2.8694591522216797
2100 3.038942575454712
2101 2.955946207046509
2102 3.1225509643554688
2103 3.3680012226104736
2104 3.379138708114624
2105 3.3349080085754395
2106 3.360219955444336
2107 3.4268112182617188
2108 3.5905473232269287
2109 3.8319406509399414
2110 3.704871416091919
2111 3.5751116275787354
2112 3.425114154815674
2113 3.3383662700653076
2114 3.369227170944214
2115 3.2141664028167725
2116 3.6017041206359863
2117 3.631946325302124
2118 3.865111827850342
2119 3.4294936656951904
2120 3.547065258026123
2121 3.4891018867492676
2122 3.6894984245300293
2123 3.551614999771118
2124 3.6688385009765625
2125 3.8161356449127197
2126 3.8541975021362305
2127 3.866119146347046
2128 4.2446699142456055
2129 4.052242279052734
2130 4.51796293258667
2131 4.697723388671875
2132 4.764902591705322
2133 4.630670070648193
2134 4.527201175689697
2135 4.170076370239258
2136 3.699089288711548
2137 3.610588312149048
2138 3.439277410507202
2139 3.71683406829834
2140 3.345846176147461
2141 3.3975493907928467
2142 3.519286632537842
2143 3.3007094860076904
2144 3.0745291709899902
2145 3.2542388439178467
2146 3.3149564266204834
2147 3.3676679134368896
2148 3.23327374458313
2149 3.182582378387451
2150 3.184257984161377
2151 3.398958921432495
2152 3.460458517074585
2153 3.784463405609131
2154 3.670903205871582
2155 3.2446653842926025
2156 3.276963233947754
2157 3.357656955718994
2158 3.301494836807251
2159 3.3232367038726807
2160 3.1721293926239014
2161 3.3246960639953613
2162 3.5083959102630615
2163 3.7542481422424316
2164 4.1742167472839355
2165 3.8368637561798096
2166 3.749262809753418
2167 3.526064872741699
2168 3.5958454608917236
2169 3.4293925762176514
2170 3.4982807636260986
2171 3.6046926975250244
2172 3.5680980682373047
2173 3.6930489540100098
2174 3.839449644088745
2175 3.6629369258880615
2176 3.5378808975219727
2177 3.639315366744995
2178 3.6153764724731445
2179 3.8281283378601074
2180 3.6116151809692383
2181 3.7973084449768066
2182 3.245631694793701
2183 3.2722911834716797
2184 3.7103326320648193
2185 3.8282527923583984
2186 3.4568822383880615
2187 3.622917652130127
2188 3.5167367458343506
2189 3.3521454334259033
2190 3.2727537155151367
2191 2.9728546142578125
2192 2.85796856880188
2193 2.9603970050811768
2194 3.17084002494812
2195 3.285728693008423
2196 3.480334520339966
2197 3.4257864952087402
2198 3.2297863960266113
2199 3.286137819290161
2200 3.2328426837921143
2201 3.235677480697632
2202 3.14292049407959
2203 3.419761896133423
2204 3.4129650592803955
2205 3.3553266525268555
2206 3.4066543579101563
2207 3.253493309020996
2208 3.0805559158325195
2209 2.982868194580078
2210 3.077580213546753
2211 3.0071256160736084
2212 2.782954454421997
2213 2.639178991317749
2214 2.87458872795105
2215 2.6969153881073
2216 2.7551772594451904
2217 2.941749334335327
2218 3.118126630783081
2219 3.0322821140289307
2220 3.373448371887207
2221 3.025564193725586
2222 2.9809653759002686
2223 2.9473700523376465
2224 2.79422926902771
2225 2.7934446334838867
2226 2.9224021434783936
2227 2.7805399894714355
2228 2.902909517288208
2229 2.488316059112549
2230 2.4061269760131836
2231 2.343534231185913
2232 2.6236889362335205
2233 2.786851167678833
2234 2.863602876663208
2235 3.013376474380493
2236 3.0864436626434326
2237 2.7591946125030518
2238 2.8828465938568115
2239 3.0022737979888916
2240 3.344588041305542
2241 3.083035707473755
2242 3.1063625812530518
2243 2.966249942779541
2244 3.1363332271575928
2245 3.2456703186035156
2246 3.1658713817596436
2247 3.206481456756592
2248 2.792572259902954
2249 2.6043403148651123
2250 2.438669204711914
2251 2.505176067352295
2252 2.511244535446167
2253 2.6358537673950195
2254 2.6658003330230713
2255 2.8818323612213135
2256 3.111268997192383
2257 2.667283773422241
2258 2.729809522628784
2259 2.680974245071411
2260 3.0645885467529297
2261 3.0125434398651123
2262 3.5407168865203857
2263 3.501105785369873
2264 3.3329315185546875
2265 3.3494174480438232
2266 3.013576030731201
2267 2.8557422161102295
2268 2.9880247116088867
2269 2.960109233856201
2270 2.9278883934020996
2271 3.253406524658203
2272 3.3485360145568848
2273 3.377495050430298
2274 2.947862386703491
2275 3.0216224193573
2276 2.9595229625701904
2277 2.9783108234405518
2278 3.104379892349243
2279 2.9765350818634033
2280 2.8703832626342773
2281 3.419884204864502
2282 3.371473550796509
2283 3.195427417755127
2284 3.3349454402923584
2285 3.575070858001709
2286 3.5540974140167236
2287 3.3483147621154785
2288 3.1563820838928223
2289 3.1204793453216553
2290 2.978008508682251
2291 3.0326335430145264
2292 3.185551404953003
2293 3.016324281692505
2294 3.175610303878784
2295 3.204185724258423
2296 3.2987959384918213
2297 3.7599148750305176
2298 3.576420307159424
2299 3.402493476867676
2300 3.2487637996673584
2301 3.1327412128448486
2302 3.197275400161743
2303 3.1838271617889404
2304 3.0100011825561523
2305 2.8978426456451416
2306 3.105689764022827
2307 3.2983498573303223
2308 3.086207389831543
2309 3.0451793670654297
2310 3.0205318927764893
2311 2.723757028579712
2312 3.0705056190490723
2313 2.999443531036377
2314 2.7342865467071533
2315 2.7502708435058594
2316 2.6412646770477295
2317 2.8700361251831055
2318 2.7365517616271973
2319 2.604170083999634
2320 2.560939073562622
2321 2.945178985595703
2322 3.008729934692383
2323 3.110001564025879
2324 3.204047203063965
2325 3.1267693042755127
2326 3.330199956893921
2327 2.981346845626831
2328 2.777463912963867
2329 2.696685791015625
2330 2.5103440284729004
2331 2.7620458602905273
2332 2.8183114528656006
2333 2.60909366607666
2334 2.566549301147461
2335 2.749964952468872
2336 2.6453659534454346
2337 2.574341297149658
2338 2.5406694412231445
2339 2.7268519401550293
2340 2.402644395828247
2341 2.400134801864624
2342 2.667003870010376
2343 2.8858511447906494
2344 2.717113733291626
2345 2.5232205390930176
2346 2.6436336040496826
2347 2.4374327659606934
2348 2.460728168487549
2349 2.838597536087036
2350 2.4927451610565186
2351 2.5975701808929443
2352 2.571376323699951
2353 2.6312074661254883
2354 2.5222487449645996
2355 2.414616107940674
2356 2.4743545055389404
2357 2.5922341346740723
2358 2.7572567462921143
2359 2.694335460662842
2360 2.5873799324035645
2361 2.6524128913879395
2362 2.5836400985717773
2363 2.6427979469299316
2364 2.5400922298431396
2365 2.4814951419830322
2366 2.3375580310821533
2367 2.450596809387207
2368 2.446260929107666
2369 2.4956719875335693
2370 2.7759482860565186
2371 2.920790910720825
2372 2.5880117416381836
2373 2.5256600379943848
2374 2.8431336879730225
2375 2.881957769393921
2376 2.6985700130462646
2377 2.758316993713379
2378 2.580137252807617
2379 2.7969725131988525
2380 2.976635456085205
2381 3.3675975799560547
2382 3.026181936264038
2383 2.5580146312713623
2384 2.6056976318359375
2385 2.4585185050964355
2386 2.19478440284729
2387 2.1946780681610107
2388 2.1322548389434814
2389 2.237916946411133
2390 2.1705574989318848
2391 2.335676908493042
2392 2.314269542694092
2393 2.4705026149749756
2394 2.064173460006714
2395 2.213172435760498
2396 2.1220896244049072
2397 2.3325791358947754
2398 2.3559372425079346
2399 2.356442928314209
2400 2.289055347442627
2401 2.2095789909362793
2402 2.3130979537963867
2403 2.4360015392303467
2404 2.457014799118042
2405 2.470353126525879
2406 2.4348819255828857
2407 2.3305461406707764
2408 2.2507803440093994
2409 2.460806369781494
2410 2.7206978797912598
2411 2.492523670196533
2412 3.238783597946167
2413 3.4484386444091797
2414 3.4052255153656006
2415 3.7597692012786865
2416 3.857347011566162
2417 3.7439119815826416
2418 3.541872024536133
2419 3.0698001384735107
2420 3.5618460178375244
2421 3.421468734741211
2422 3.426722764968872
2423 3.1528122425079346
2424 2.992870330810547
2425 2.475175380706787
2426 2.4400484561920166
2427 2.3170151710510254
2428 2.4765655994415283
2429 2.3997387886047363
2430 2.5345711708068848
2431 2.8142755031585693
2432 2.735912561416626
2433 2.7078492641448975
2434 2.859866142272949
2435 3.0161983966827393
2436 3.2705702781677246
2437 3.0853724479675293
2438 3.0942604541778564
2439 3.044816255569458
2440 2.9804956912994385
2441 3.1857106685638428
2442 3.6793429851531982
2443 3.8135507106781006
2444 3.959571361541748
2445 3.8923091888427734
2446 3.9407694339752197
2447 3.662907838821411
2448 3.5781898498535156
2449 3.1722230911254883
2450 3.602740526199341
2451 3.3735883235931396
2452 3.7732138633728027
2453 3.4850761890411377
2454 3.3693881034851074
2455 3.2032878398895264
2456 3.1692216396331787
2457 3.387028217315674
2458 3.277686834335327
2459 3.3466897010803223
2460 3.1228127479553223
2461 2.734815835952759
2462 2.9351298809051514
2463 3.078138589859009
2464 3.064211845397949
2465 3.2751052379608154
2466 3.4453887939453125
2467 3.1519625186920166
2468 2.829710006713867
2469 3.2895796298980713
2470 3.1341331005096436
2471 3.26116943359375
2472 3.524034023284912
2473 3.5323266983032227
2474 3.5780789852142334
2475 3.6998491287231445
2476 3.847134828567505
2477 3.6922836303710938
2478 4.007964134216309
2479 3.959623098373413
2480 3.7027673721313477
2481 3.626487970352173
2482 3.253018856048584
2483 3.299084186553955
2484 3.4868290424346924
2485 3.2532169818878174
2486 3.3278541564941406
2487 3.115691900253296
2488 2.897127866744995
2489 2.824800729751587
2490 3.1881961822509766
2491 3.123518943786621
2492 2.805598735809326
2493 3.0270206928253174
2494 3.3098185062408447
2495 3.1327109336853027
2496 3.1137568950653076
2497 3.0595614910125732
2498 2.9895668029785156
2499 3.198991060256958
2500 3.1100099086761475
2501 2.7040035724639893
2502 2.873936891555786
2503 2.8815512657165527
2504 3.1034255027770996
2505 3.1824302673339844
2506 2.983720064163208
2507 2.7130324840545654
2508 2.7301414012908936
2509 2.85787296295166
2510 2.51395583152771
2511 2.604102611541748
2512 2.7917282581329346
2513 3.0045931339263916
2514 3.2063686847686768
2515 3.092625379562378
2516 2.9828505516052246
2517 2.8389124870300293
2518 2.6213724613189697
2519 2.403540849685669
2520 2.39825701713562
2521 2.712616443634033
2522 2.84127140045166
2523 2.831728935241699
2524 2.538524627685547
2525 2.7901387214660645
2526 2.7233924865722656
2527 2.459900379180908
2528 2.6320762634277344
2529 2.545755386352539
2530 2.645434856414795
2531 2.6024887561798096
2532 2.7817423343658447
2533 2.8194103240966797
2534 2.9903805255889893
2535 2.7136733531951904
2536 2.6915841102600098
2537 2.786933422088623
2538 2.8841776847839355
2539 3.129112482070923
2540 3.1840169429779053
2541 3.164789915084839
2542 3.088954448699951
2543 3.3287529945373535
2544 3.4950761795043945
2545 3.695016384124756
2546 3.5820257663726807
2547 3.668898582458496
2548 3.5792696475982666
2549 3.619656801223755
2550 3.7028603553771973
2551 3.639009714126587
2552 3.4495887756347656
2553 3.580916404724121
2554 3.565309524536133
2555 3.4436097145080566
2556 3.593740224838257
2557 2.894327402114868
2558 2.985720634460449
2559 2.935570478439331
2560 3.0516512393951416
2561 2.811460256576538
2562 2.9382681846618652
2563 2.744774580001831
2564 2.9920473098754883
2565 3.0957212448120117
2566 2.867727518081665
2567 2.4353556632995605
2568 2.5550925731658936
2569 2.8902242183685303
2570 2.5742673873901367
2571 2.5410702228546143
2572 2.635740041732788
2573 2.5631260871887207
2574 2.6393017768859863
2575 2.9099647998809814
2576 2.908369779586792
2577 2.97404146194458
2578 3.0055434703826904
2579 2.98234486579895
2580 3.0486748218536377
2581 2.998176097869873
2582 2.907050371170044
2583 3.151378631591797
2584 3.1563408374786377
2585 3.0731024742126465
2586 3.2501845359802246
2587 3.1511104106903076
2588 3.105799436569214
2589 3.0355489253997803
2590 2.9776268005371094
2591 3.064558267593384
2592 3.5551869869232178
2593 3.2864317893981934
2594 2.946281909942627
2595 2.7348060607910156
2596 2.731203317642212
2597 3.075486660003662
2598 2.864201307296753
2599 2.814812183380127
2600 2.7269253730773926
2601 2.9015235900878906
2602 2.89302921295166
2603 3.2287261486053467
2604 2.977050304412842
2605 3.10886287689209
2606 3.3541147708892822
2607 3.308093547821045
2608 3.409440755844116
2609 3.1533257961273193
2610 2.9435107707977295
2611 2.98640775680542
2612 3.0772101879119873
2613 2.7202370166778564
2614 2.7324979305267334
2615 2.7228658199310303
2616 2.8360466957092285
2617 2.8445494174957275
2618 2.794022798538208
2619 2.723642110824585
2620 2.3328588008880615
2621 2.48441219329834
2622 2.339092969894409
2623 2.2910685539245605
2624 2.407425880432129
2625 2.333775281906128
2626 2.472567558288574
2627 2.2006635665893555
2628 2.5354812145233154
2629 2.7035465240478516
2630 2.467744827270508
2631 2.343877077102661
2632 2.6916258335113525
2633 2.8183467388153076
2634 3.1408369541168213
2635 2.9909238815307617
2636 3.0854687690734863
2637 3.016174793243408
2638 3.2582054138183594
2639 3.2558090686798096
2640 3.545217275619507
2641 3.478003978729248
2642 3.631061553955078
2643 3.5469553470611572
2644 3.359658718109131
2645 3.209787607192993
2646 3.2052879333496094
2647 3.1952967643737793
2648 2.8587582111358643
2649 2.9959049224853516
2650 2.8884904384613037
2651 2.900418519973755
2652 2.8727097511291504
2653 3.3745405673980713
2654 3.439798355102539
2655 3.005162000656128
2656 3.07476544380188
2657 2.9365055561065674
2658 3.0631637573242188
2659 3.264394521713257
2660 3.3669753074645996
2661 3.3651466369628906
2662 3.6047072410583496
2663 3.3540456295013428
2664 3.1978185176849365
2665 3.489408016204834
2666 3.2581872940063477
2667 3.240060329437256
2668 3.1949656009674072
2669 3.3248672485351563
2670 2.974600076675415
2671 2.9565114974975586
2672 2.7917566299438477
2673 2.9128520488739014
2674 2.6672556400299072
2675 3.0685715675354004
2676 3.149740219116211
2677 3.2975451946258545
2678 3.3796255588531494
2679 3.286923408508301
2680 3.2357723712921143
2681 3.485231876373291
2682 3.3794994354248047
2683 3.4550986289978027
2684 3.6186084747314453
2685 3.6466405391693115
2686 3.4472694396972656
2687 3.4037985801696777
2688 3.493222236633301
2689 3.3373324871063232
2690 3.3624961376190186
2691 3.0942723751068115
2692 2.994075298309326
2693 2.9295036792755127
2694 2.716083288192749
2695 2.8243207931518555
2696 2.949549674987793
2697 3.0207343101501465
2698 3.123995542526245
2699 3.3308656215667725
2700 3.486809492111206
2701 3.373485565185547
2702 3.417901039123535
2703 3.0734338760375977
2704 2.840106964111328
2705 2.9861950874328613
2706 3.1893668174743652
2707 2.9344537258148193
2708 3.1300036907196045
2709 3.0829997062683105
2710 3.222991466522217
2711 3.5266408920288086
2712 3.6376423835754395
2713 3.747019052505493
2714 3.6106159687042236
2715 3.241999864578247
2716 3.2488744258880615
2717 3.45086407661438
2718 3.424607276916504
2719 3.311992645263672
2720 3.3326356410980225
2721 3.7634785175323486
2722 3.910463333129883
2723 3.820436954498291
2724 3.6748287677764893
2725 3.6538169384002686
2726 3.105684995651245
2727 3.0204827785491943
2728 3.065328359603882
2729 3.236821413040161
2730 2.7627828121185303
2731 3.0411033630371094
2732 2.789478063583374
2733 2.6690099239349365
2734 2.8661134243011475
2735 2.661698818206787
2736 2.8253681659698486
2737 2.5866808891296387
2738 2.404902696609497
2739 2.4061291217803955
2740 2.4817845821380615
2741 2.572578191757202
2742 2.663320541381836
2743 3.0447428226470947
2744 2.8369827270507813
2745 2.4942948818206787
2746 2.3385443687438965
2747 2.2838549613952637
2748 2.443521499633789
2749 2.60347580909729
2750 2.4819247722625732
2751 2.689096212387085
2752 2.5814661979675293
2753 2.894487142562866
2754 2.8572797775268555
2755 2.501166582107544
2756 2.673234462738037
2757 2.496417284011841
2758 2.587697982788086
2759 2.814606189727783
2760 2.636892557144165
2761 2.9383788108825684
2762 3.200040102005005
2763 3.2424232959747314
2764 3.221919298171997
2765 3.425527572631836
2766 3.0722217559814453
2767 2.83467960357666
2768 2.885371208190918
2769 2.8874597549438477
2770 3.063436508178711
2771 2.5274016857147217
2772 2.7528679370880127
2773 2.789050340652466
2774 2.6799874305725098
2775 2.996776819229126
2776 2.6374964714050293
2777 2.4627978801727295
2778 2.570723295211792
2779 2.7295663356781006
2780 2.7314207553863525
2781 3.029503345489502
2782 3.184563636779785
2783 3.416790246963501
2784 3.3478407859802246
2785 3.310248374938965
2786 3.1978092193603516
2787 3.072173833847046
2788 2.9301624298095703
2789 2.984715700149536
2790 2.5711543560028076
2791 2.742826223373413
2792 2.776463031768799
2793 3.022641181945801
2794 2.623652219772339
2795 2.9724485874176025
2796 2.8966712951660156
2797 2.795217752456665
2798 2.9396982192993164
2799 3.1259686946868896
2800 3.0332250595092773
2801 3.0534372329711914
2802 3.2556240558624268
2803 2.9661991596221924
2804 3.0084049701690674
2805 3.0063109397888184
2806 2.7052195072174072
2807 2.903381109237671
2808 2.8627870082855225
2809 3.0931191444396973
2810 3.2000114917755127
2811 3.0902223587036133
2812 2.9984917640686035
2813 2.76922869682312
2814 2.975855827331543
2815 2.78023362159729
2816 2.4994328022003174
2817 2.6178154945373535
2818 2.3067500591278076
2819 2.225646495819092
2820 1.9188483953475952
2821 1.9196661710739136
2822 2.006524085998535
2823 1.7945348024368286
2824 1.9664723873138428
2825 1.9568864107131958
2826 2.3932693004608154
2827 2.0326998233795166
2828 2.108808994293213
2829 1.9411221742630005
2830 2.1205692291259766
2831 1.9230047464370728
2832 2.1551101207733154
2833 1.9285166263580322
2834 2.0848567485809326
2835 2.406156063079834
2836 2.174057722091675
2837 2.436335325241089
2838 2.249302864074707
2839 2.25053071975708
2840 2.389268159866333
2841 2.323359727859497
2842 2.3392958641052246
2843 2.4716672897338867
2844 2.7362310886383057
2845 2.6228678226470947
2846 2.304600477218628
2847 2.292914628982544
2848 1.9786150455474854
2849 2.0636308193206787
2850 1.9498225450515747
2851 1.947441816329956
2852 2.1100096702575684
2853 2.221374750137329
2854 2.3969810009002686
2855 2.562591552734375
2856 2.689119577407837
2857 2.4794468879699707
2858 2.4188902378082275
2859 2.5076894760131836
2860 2.2757935523986816
2861 2.374654531478882
2862 2.1324636936187744
2863 2.2146217823028564
2864 2.4009571075439453
2865 2.335456371307373
2866 2.5020434856414795
2867 2.6845576763153076
2868 2.2934648990631104
2869 2.2499263286590576
2870 2.1593806743621826
2871 2.017988681793213
2872 2.112311601638794
2873 2.2481071949005127
2874 2.406965732574463
2875 2.839799642562866
2876 2.523580312728882
2877 2.6229610443115234
2878 2.5922701358795166
2879 2.392052173614502
2880 2.542987823486328
2881 2.3521406650543213
2882 2.30787992477417
2883 2.328529119491577
2884 2.348787307739258
2885 2.4091711044311523
2886 2.5426442623138428
2887 2.3765273094177246
2888 2.345759630203247
2889 2.1501784324645996
2890 2.0792641639709473
2891 2.1749837398529053
2892 2.3399882316589355
2893 2.2521138191223145
2894 2.175230026245117
2895 2.297028064727783
2896 2.2739105224609375
2897 2.5378060340881348
2898 2.48049259185791
2899 2.3200883865356445
2900 2.4271998405456543
2901 2.2494635581970215
2902 2.1004457473754883
2903 2.2003660202026367
2904 2.2993202209472656
2905 2.369191884994507
2906 2.5772769451141357
2907 2.7479007244110107
2908 2.7872791290283203
2909 3.283228874206543
2910 3.4268126487731934
2911 3.3282299041748047
2912 3.168928861618042
2913 3.1391513347625732
2914 3.2689077854156494
2915 2.983078718185425
2916 2.844243288040161
2917 2.5329129695892334
2918 2.7337303161621094
2919 2.6241350173950195
2920 2.4543964862823486
2921 2.3717596530914307
2922 2.5689752101898193
2923 2.5570855140686035
2924 2.1162521839141846
2925 2.3005728721618652
2926 2.2327160835266113
2927 2.5295774936676025
2928 2.628121852874756
2929 2.779447317123413
2930 2.548189163208008
2931 2.26601243019104
2932 2.427215099334717
2933 2.2672390937805176
2934 2.3537869453430176
2935 2.419135332107544
2936 2.387293577194214
2937 2.254575490951538
2938 2.4283149242401123
2939 2.4499990940093994
2940 2.308117628097534
2941 2.384563446044922
2942 2.353105306625366
2943 2.3221089839935303
2944 2.230973720550537
2945 2.198718547821045
2946 2.027418613433838
2947 2.224092960357666
2948 2.1756222248077393
2949 2.273820400238037
2950 2.1879332065582275
2951 2.3056817054748535
2952 2.273185968399048
2953 2.2294270992279053
2954 2.555695056915283
2955 2.495598077774048
2956 2.543860673904419
2957 2.602034568786621
2958 2.723719596862793
2959 2.7463419437408447
2960 2.8008830547332764
2961 2.4979326725006104
2962 2.742567539215088
2963 2.4955966472625732
2964 2.2670552730560303
2965 2.1363987922668457
2966 2.067416191101074
2967 2.2320351600646973
2968 2.451395034790039
2969 2.3630781173706055
2970 2.5198423862457275
2971 2.3520591259002686
2972 2.2900824546813965
2973 2.411489248275757
2974 2.1373214721679688
2975 2.3510549068450928
2976 2.216157913208008
2977 2.278917074203491
2978 2.4376583099365234
2979 2.253913402557373
2980 2.388505697250366
2981 2.402043581008911
2982 2.271050214767456
2983 2.419668674468994
2984 2.5762946605682373
2985 2.166470527648926
2986 2.351919174194336
2987 2.387482166290283
2988 2.2569494247436523
2989 2.092801809310913
2990 2.2290611267089844
2991 2.10587477684021
2992 2.2462728023529053
2993 2.3966519832611084
2994 2.63466477394104
2995 2.8461644649505615
2996 2.8277692794799805
2997 2.781688928604126
2998 2.4743456840515137
2999 2.4558217525482178
3000 2.297121286392212
3001 2.497837543487549
3002 2.3175604343414307
3003 2.0689194202423096
3004 2.282081365585327
3005 2.169768810272217
3006 2.147082567214966
3007 2.393634080886841
3008 2.474235773086548
3009 2.4457881450653076
3010 2.7445638179779053
3011 2.594350814819336
3012 2.7817585468292236
3013 2.764535427093506
3014 2.7311160564422607
3015 3.018324613571167
3016 2.7360687255859375
3017 2.7687299251556396
3018 2.5812184810638428
3019 2.3525309562683105
3020 2.5523993968963623
3021 2.708345651626587
3022 2.823857069015503
3023 3.0234768390655518
3024 3.1025099754333496
3025 2.9777042865753174
3026 3.1292335987091064
3027 2.981703758239746
3028 2.819427013397217
3029 3.141623020172119
3030 2.6556921005249023
3031 2.5946481227874756
3032 2.367421865463257
3033 2.553879499435425
3034 2.5115015506744385
3035 2.5777828693389893
3036 2.412635087966919
3037 2.6063694953918457
3038 2.6341552734375
3039 2.3810880184173584
3040 2.322117328643799
3041 2.659074306488037
3042 2.954068422317505
3043 3.0501177310943604
3044 2.9881575107574463
3045 2.9436395168304443
3046 2.7565226554870605
3047 2.3331987857818604
3048 2.3924272060394287
3049 2.2893519401550293
3050 2.625779628753662
3051 2.5534470081329346
3052 2.6638829708099365
3053 2.6858649253845215
3054 2.7912189960479736
3055 2.2063612937927246
3056 2.2031302452087402
3057 2.405233383178711
3058 2.548720359802246
3059 2.5571062564849854
3060 2.218456745147705
3061 2.2497808933258057
3062 2.22476863861084
3063 2.3191463947296143
3064 2.464369058609009
3065 2.2359282970428467
3066 2.1863667964935303
3067 2.557384967803955
3068 2.4831907749176025
3069 2.845475196838379
3070 2.784284830093384
3071 3.091268301010132
3072 2.910194158554077
3073 2.9529192447662354
3074 2.9926490783691406
3075 2.760589838027954
3076 3.0170605182647705
3077 3.0607242584228516
3078 2.927602529525757
3079 2.855484962463379
3080 2.7318789958953857
3081 2.5966978073120117
3082 2.576361894607544
3083 2.9109442234039307
3084 2.6486992835998535
3085 2.5762455463409424
3086 2.2625768184661865
3087 2.3211684226989746
3088 2.106757640838623
3089 2.0495011806488037
3090 2.039302349090576
3091 2.1178789138793945
3092 1.995803713798523
3093 1.799154281616211
3094 1.8243175745010376
3095 1.9985244274139404
3096 2.209482431411743
3097 2.0969016551971436
3098 2.079878091812134
3099 2.145031452178955
3100 2.085939645767212
3101 2.417262554168701
3102 2.4414191246032715
3103 2.374753952026367
3104 2.603264093399048
3105 2.5239291191101074
3106 2.316610813140869
3107 2.6326513290405273
3108 2.673133611679077
3109 2.551191806793213
3110 2.714710235595703
3111 2.422534227371216
3112 2.4108283519744873
3113 2.388427257537842
3114 2.48220157623291
3115 2.880321502685547
3116 2.930365562438965
3117 3.2248687744140625
3118 3.162583827972412
3119 2.7809572219848633
3120 2.7398247718811035
3121 2.7619357109069824
3122 2.6359713077545166
3123 2.7121474742889404
3124 2.9734175205230713
3125 2.929006814956665
3126 2.7103185653686523
3127 2.692227363586426
3128 2.402050495147705
3129 2.2787652015686035
3130 2.542836904525757
3131 2.6760005950927734
3132 2.5012247562408447
3133 2.2484214305877686
3134 2.25140643119812
3135 2.2401819229125977
3136 2.4059274196624756
3137 2.4090566635131836
3138 2.825434446334839
3139 2.6706433296203613
3140 2.9354586601257324
3141 2.9209554195404053
3142 2.874154806137085
3143 3.767414093017578
3144 3.300503969192505
3145 3.164517402648926
3146 3.122237205505371
3147 3.2986507415771484
3148 3.0929253101348877
3149 3.201167583465576
3150 3.450809955596924
3151 3.2599871158599854
3152 3.6435775756835938
3153 3.7371346950531006
3154 4.124513149261475
3155 3.903826951980591
3156 3.8142714500427246
3157 3.4903881549835205
3158 3.4412572383880615
3159 3.2264046669006348
3160 3.290820598602295
3161 3.2543911933898926
3162 3.384885549545288
3163 2.9979333877563477
3164 2.849431276321411
3165 2.7548820972442627
3166 2.862166404724121
3167 2.900156021118164
3168 2.9830868244171143
3169 2.9358630180358887
3170 3.0512900352478027
3171 3.063340902328491
3172 3.127045154571533
3173 3.047487258911133
3174 3.193528652191162
3175 3.181879758834839
3176 3.263878345489502
3177 3.2136313915252686
3178 3.303464651107788
3179 3.508945941925049
3180 3.910489797592163
3181 3.971914768218994
3182 3.876692533493042
3183 4.103618144989014
3184 3.8331353664398193
3185 4.0343546867370605
3186 3.724074125289917
3187 3.2160487174987793
3188 3.11075758934021
3189 3.312831163406372
3190 3.063302755355835
3191 2.739511013031006
3192 2.548793077468872
3193 2.597620964050293
3194 2.503077745437622
3195 2.5071449279785156
3196 2.7593796253204346
3197 2.6721861362457275
3198 2.5791704654693604
3199 2.503403902053833
3200 2.272838830947876
3201 2.2725977897644043
3202 2.2473909854888916
3203 2.218982219696045
3204 2.579141855239868
3205 2.951667070388794
3206 2.659550428390503
3207 2.6321890354156494
3208 2.6801047325134277
3209 2.6559622287750244
3210 2.6345129013061523
3211 2.79292368888855
3212 3.0682878494262695
3213 2.845094919204712
3214 2.420468807220459
3215 2.4387810230255127
3216 2.0166139602661133
3217 2.231656312942505
3218 2.4365127086639404
3219 2.5207221508026123
3220 2.7846450805664063
3221 2.750204086303711
3222 2.790605306625366
3223 2.654500961303711
3224 2.6325066089630127
3225 3.0622780323028564
3226 3.405496120452881
3227 3.2006804943084717
3228 2.8390796184539795
3229 2.927265167236328
3230 3.027043581008911
3231 2.6493711471557617
3232 2.5693676471710205
3233 2.961508274078369
3234 3.2824127674102783
3235 3.2494585514068604
3236 3.4094603061676025
3237 3.3733832836151123
3238 3.160216808319092
3239 3.4770796298980713
3240 3.4485013484954834
3241 3.113354444503784
3242 3.3628482818603516
3243 3.313971519470215
3244 3.288360118865967
3245 3.1954104900360107
3246 3.0358471870422363
3247 3.108290195465088
3248 3.2768962383270264
3249 3.0467379093170166
3250 3.1104750633239746
3251 3.3885738849639893
3252 3.181077241897583
3253 3.0170106887817383
3254 3.1281814575195313
3255 3.394378900527954
3256 3.4171693325042725
3257 3.3148412704467773
3258 3.2347252368927
3259 3.1988296508789063
3260 3.355020761489868
3261 3.475402593612671
3262 3.6091532707214355
3263 3.8959922790527344
3264 3.8212971687316895
3265 3.5563576221466064
3266 3.6581180095672607
3267 3.988694667816162
3268 4.273409366607666
3269 3.9535276889801025
3270 3.755291700363159
3271 3.544161081314087
3272 3.7797436714172363
3273 3.725956678390503
3274 3.4665913581848145
3275 3.7929129600524902
3276 3.4374265670776367
3277 3.1475841999053955
3278 3.3716742992401123
3279 3.297468423843384
3280 3.3453516960144043
3281 3.1757514476776123
3282 3.0678608417510986
3283 2.9361283779144287
3284 3.201810598373413
3285 3.4441070556640625
3286 2.955652952194214
3287 3.104734182357788
3288 3.12300443649292
3289 2.9862067699432373
3290 3.155644178390503
3291 3.1820926666259766
3292 3.4772696495056152
3293 3.412140369415283
3294 3.2269768714904785
3295 2.960791826248169
3296 3.268439292907715
3297 2.979581594467163
3298 2.8189077377319336
3299 2.820693254470825
3300 2.67582368850708
3301 2.8907854557037354
3302 2.7666330337524414
3303 2.826303482055664
3304 2.98020339012146
3305 2.793159246444702
3306 2.656756639480591
3307 2.851642370223999
3308 2.9259159564971924
3309 2.9939422607421875
3310 2.9221599102020264
3311 2.7755682468414307
3312 2.730400800704956
3313 2.8366806507110596
3314 2.8881092071533203
3315 3.13087797164917
3316 2.979034423828125
3317 2.8701136112213135
3318 2.6847152709960938
3319 2.8452775478363037
3320 2.7860732078552246
3321 2.7273385524749756
3322 2.4713847637176514
3323 2.6511058807373047
3324 2.480159044265747
3325 2.6662354469299316
3326 2.6882593631744385
3327 2.7220728397369385
3328 2.8743512630462646
3329 2.9366378784179688
3330 2.7682409286499023
3331 3.001861810684204
3332 3.1934332847595215
3333 3.1048355102539063
3334 3.0075011253356934
3335 2.8493027687072754
3336 2.7557413578033447
3337 2.915292263031006
3338 3.3481338024139404
3339 3.457848072052002
3340 3.462470531463623
3341 3.3928492069244385
3342 3.210580825805664
3343 3.1825382709503174
3344 3.25233793258667
3345 2.920424222946167
3346 2.784332752227783
3347 2.829362154006958
3348 3.005889654159546
3349 2.880424737930298
3350 2.8312478065490723
3351 3.1851086616516113
3352 3.05930233001709
3353 2.8479490280151367
3354 2.778930187225342
3355 2.628774881362915
3356 2.4623310565948486
3357 2.572507381439209
3358 2.6755642890930176
3359 2.433509349822998
3360 2.6774277687072754
3361 2.6046934127807617
3362 2.5807933807373047
3363 2.4968340396881104
3364 2.7634453773498535
3365 2.4755332469940186
3366 2.6272237300872803
3367 2.6377689838409424
3368 2.617396116256714
3369 2.6613073348999023
3370 2.698366403579712
3371 2.7441978454589844
3372 2.6921820640563965
3373 2.7501556873321533
3374 2.671485185623169
3375 2.6956892013549805
3376 2.7938992977142334
3377 2.746788263320923
3378 2.881354808807373
3379 3.0785446166992188
3380 2.861314535140991
3381 2.6750359535217285
3382 2.6121773719787598
3383 2.497326612472534
3384 2.675879716873169
3385 2.4408555030822754
3386 2.494495391845703
3387 2.321075916290283
3388 2.4490678310394287
3389 2.272599935531616
3390 2.235305070877075
3391 2.5063509941101074
3392 2.3565824031829834
3393 2.070317506790161
3394 2.1339573860168457
3395 2.204227924346924
3396 2.347904920578003
3397 2.2891488075256348
3398 2.1032650470733643
3399 1.955841064453125
3400 2.1379709243774414
3401 1.9819942712783813
3402 1.99039888381958
3403 1.8791536092758179
3404 1.8995978832244873
3405 1.7085000276565552
3406 1.9667589664459229
3407 2.366898536682129
3408 2.0935425758361816
3409 2.4742493629455566
3410 2.1379849910736084
3411 2.201859474182129
3412 2.267486095428467
3413 2.1201589107513428
3414 2.6572492122650146
3415 2.510854721069336
3416 2.494239330291748
3417 2.5033044815063477
3418 2.5574636459350586
3419 2.5264298915863037
3420 2.464425563812256
3421 2.501701593399048
3422 2.225569486618042
3423 2.240752935409546
3424 2.1425232887268066
3425 2.22617506980896
3426 2.1345579624176025
3427 2.1129226684570313
3428 2.286102056503296
3429 2.5199341773986816
3430 2.5479536056518555
3431 2.522427558898926
3432 2.636030912399292
3433 2.8427255153656006
3434 2.686352491378784
3435 2.8094642162323
3436 2.387115955352783
3437 2.5833005905151367
3438 2.824941635131836
3439 2.68007230758667
3440 2.5796751976013184
3441 2.293356418609619
3442 2.5209879875183105
3443 2.401850938796997
3444 2.730708360671997
3445 2.450641632080078
3446 2.475980758666992
3447 2.54425048828125
3448 2.9995079040527344
3449 3.06681227684021
3450 2.8456954956054688
3451 2.8108267784118652
3452 2.7720131874084473
3453 2.6391968727111816
3454 2.9088144302368164
3455 3.1527321338653564
3456 3.1310534477233887
3457 2.7221269607543945
3458 2.5623130798339844
3459 2.7469303607940674
3460 2.599827766418457
3461 2.513906240463257
3462 2.7631449699401855
3463 2.9852259159088135
3464 3.4547383785247803
3465 3.051053047180176
3466 3.2328007221221924
3467 3.0629560947418213
3468 2.8345327377319336
3469 3.3544976711273193
3470 3.4075329303741455
3471 3.2210171222686768
3472 3.555326223373413
3473 3.077707529067993
3474 3.2902278900146484
3475 3.077834129333496
3476 3.2180070877075195
3477 2.9165894985198975
3478 2.951472282409668
3479 2.945446491241455
3480 2.8708314895629883
3481 2.9301156997680664
3482 2.769751787185669
3483 2.5124669075012207
3484 2.6485543251037598
3485 2.433908462524414
3486 2.398772716522217
3487 2.8484082221984863
3488 2.8807244300842285
3489 2.5696117877960205
3490 2.619227886199951
3491 2.941326379776001
3492 3.183004379272461
3493 3.016991138458252
3494 3.1717636585235596
3495 2.820366859436035
3496 2.989931583404541
3497 3.0094082355499268
3498 2.7311363220214844
3499 2.5466372966766357
3500 2.4697346687316895
3501 2.715881824493408
3502 3.054180383682251
3503 2.9017035961151123
3504 2.736668586730957
3505 2.572002649307251
3506 2.710754156112671
3507 2.5835421085357666
3508 2.685203790664673
3509 2.67427921295166
3510 2.642129898071289
3511 2.4669058322906494
3512 2.77133846282959
3513 2.66568660736084
3514 2.734764814376831
3515 2.8075597286224365
3516 2.441274881362915
3517 2.798551559448242
3518 3.05604887008667
3519 3.149925470352173
3520 3.082329511642456
3521 3.067793607711792
3522 2.6012847423553467
3523 2.838836908340454
3524 2.7042388916015625
3525 2.526949167251587
3526 2.7055325508117676
3527 2.630392551422119
3528 2.6850368976593018
3529 2.970198392868042
3530 3.1375436782836914
3531 3.2602405548095703
3532 2.657980442047119
3533 2.685529947280884
3534 2.7046456336975098
3535 2.776682138442993
3536 2.686638832092285
3537 2.860635995864868
3538 2.9999263286590576
3539 3.491990566253662
3540 3.398245334625244
3541 3.395639657974243
3542 3.4944121837615967
3543 3.16169810295105
3544 3.1729047298431396
3545 3.5056796073913574
3546 3.531339168548584
3547 3.8226547241210938
3548 3.886810541152954
3549 3.3703558444976807
3550 3.456662178039551
3551 3.3382351398468018
3552 3.425441026687622
3553 3.3953821659088135
3554 3.20487642288208
3555 3.6299428939819336
3556 3.1551716327667236
3557 2.9729092121124268
3558 2.7362172603607178
3559 3.1385951042175293
3560 2.9169039726257324
3561 2.7950663566589355
3562 2.5908772945404053
3563 2.73994517326355
3564 3.005568504333496
3565 3.2683277130126953
3566 3.1712381839752197
3567 2.6497087478637695
3568 2.4986040592193604
3569 2.6851704120635986
3570 2.6806511878967285
3571 2.5410544872283936
3572 2.6555683612823486
3573 2.6298024654388428
3574 2.4429516792297363
3575 2.4613921642303467
3576 2.4785890579223633
3577 2.453197717666626
3578 2.468881607055664
3579 2.7145957946777344
3580 2.3604037761688232
3581 2.6969423294067383
3582 2.7727861404418945
3583 2.785862684249878
3584 2.9608166217803955
3585 2.773317813873291
3586 2.6907598972320557
3587 2.709068775177002
3588 2.6768574714660645
3589 2.7993619441986084
3590 2.875978469848633
3591 2.7567625045776367
3592 2.8680620193481445
3593 2.6726536750793457
3594 2.5886893272399902
3595 2.5636789798736572
3596 2.5134286880493164
3597 2.4875760078430176
3598 2.6876275539398193
3599 2.794334888458252
3600 2.5215256214141846
3601 2.658562183380127
3602 2.429443836212158
3603 2.3288025856018066
3604 2.570779800415039
3605 2.6609342098236084
3606 2.7385141849517822
3607 2.5999245643615723
3608 2.726879596710205
3609 2.5685393810272217
3610 2.4947988986968994
3611 2.611621141433716
3612 2.48808217048645
3613 2.591298818588257
3614 2.7203445434570313
3615 2.648109197616577
3616 2.5462429523468018
3617 2.6327555179595947
3618 2.4385251998901367
3619 2.418433666229248
3620 2.3415603637695313
3621 2.436929702758789
3622 2.431858539581299
3623 2.4110326766967773
3624 2.156134843826294
3625 2.350888729095459
3626 2.5865519046783447
3627 2.8332176208496094
3628 2.8224501609802246
3629 3.070737600326538
3630 3.358626365661621
3631 3.074796676635742
3632 2.879779100418091
3633 2.8357157707214355
3634 2.851077079772949
3635 2.629687547683716
3636 3.018676519393921
3637 2.9955852031707764
3638 2.973548173904419
3639 2.977799654006958
3640 3.303762912750244
3641 3.0908663272857666
3642 2.727417230606079
3643 2.7167816162109375
3644 2.880251407623291
3645 2.904412031173706
3646 2.9793801307678223
3647 3.1299960613250732
3648 2.9430184364318848
3649 2.937994956970215
3650 3.1326687335968018
3651 2.9158859252929688
3652 2.7904446125030518
3653 2.802177667617798
3654 3.2210347652435303
3655 3.3628592491149902
3656 3.2756404876708984
3657 3.028653383255005
3658 2.819242477416992
3659 2.5495831966400146
3660 2.5580198764801025
3661 2.4179511070251465
3662 2.6902146339416504
3663 2.3766889572143555
3664 2.400115489959717
3665 2.053828477859497
3666 2.023514986038208
3667 1.999121904373169
3668 2.0853662490844727
3669 2.365046501159668
3670 2.413226366043091
3671 2.4910433292388916
3672 2.5098142623901367
3673 2.6789984703063965
3674 2.8692567348480225
3675 2.615978717803955
3676 2.6894190311431885
3677 3.108180046081543
3678 2.8676798343658447
3679 2.643735408782959
3680 2.810037612915039
3681 2.903097152709961
3682 2.928967237472534
3683 3.1092567443847656
3684 2.7619569301605225
3685 2.763925313949585
3686 2.551408529281616
3687 2.432476758956909
3688 2.3740451335906982
3689 2.286484956741333
3690 2.4166083335876465
3691 2.4262917041778564
3692 2.4812607765197754
3693 2.7048842906951904
3694 3.0269808769226074
3695 2.869016408920288
3696 2.776249647140503
3697 2.7022624015808105
3698 2.974255323410034
3699 2.669902801513672
3700 2.7515828609466553
3701 2.464437246322632
3702 2.3360631465911865
3703 2.3661952018737793
3704 2.3222522735595703
3705 2.3992881774902344
3706 2.5030925273895264
3707 2.5108442306518555
3708 2.456173896789551
3709 2.3020665645599365
3710 2.1666107177734375
3711 2.4869189262390137
3712 2.3124566078186035
3713 2.1814510822296143
3714 2.2081828117370605
3715 2.5505616664886475
3716 2.2076919078826904
3717 2.3511669635772705
3718 2.40364146232605
3719 2.491255521774292
3720 2.5861475467681885
3721 2.3872196674346924
3722 2.3068625926971436
3723 2.406571388244629
3724 2.634387731552124
3725 2.5457677841186523
3726 2.258082151412964
3727 2.36367130279541
3728 2.3662116527557373
3729 2.4178783893585205
3730 2.5844337940216064
3731 2.5579721927642822
3732 2.500311851501465
3733 2.2845613956451416
3734 2.5314383506774902
3735 2.5751492977142334
3736 2.628624200820923
3737 2.536384105682373
3738 2.5662832260131836
3739 2.4138360023498535
3740 2.6615474224090576
3741 2.696833372116089
3742 2.467255115509033
3743 2.3906667232513428
3744 2.5526304244995117
3745 2.2735557556152344
3746 2.4543087482452393
3747 2.446608066558838
3748 2.1989290714263916
3749 2.2440924644470215
3750 2.442276954650879
3751 2.4333364963531494
3752 2.428346872329712
3753 2.2431745529174805
3754 2.354264497756958
3755 2.435751438140869
3756 2.2955169677734375
3757 2.2825493812561035
3758 2.165057897567749
3759 2.270887851715088
3760 2.356250762939453
3761 2.3790476322174072
3762 2.789459228515625
3763 2.597172498703003
3764 2.6166322231292725
3765 2.6828103065490723
3766 2.453779935836792
3767 2.3571736812591553
3768 2.638085126876831
3769 2.457582950592041
3770 2.283449411392212
3771 2.3450920581817627
3772 2.4615495204925537
3773 2.578160524368286
3774 2.7527143955230713
3775 2.9052789211273193
3776 2.812633752822876
3777 2.544552803039551
3778 2.7675721645355225
3779 2.5020313262939453
3780 2.6258537769317627
3781 2.6271893978118896
3782 2.5783135890960693
3783 2.5219266414642334
3784 2.3921914100646973
3785 2.4852898120880127
3786 2.4410171508789063
3787 2.2411653995513916
3788 2.318675994873047
3789 2.352628469467163
3790 2.6648025512695313
3791 3.011291980743408
3792 2.8402318954467773
3793 2.7431514263153076
3794 2.7452056407928467
3795 3.0546693801879883
3796 3.0155789852142334
3797 2.8677878379821777
3798 2.6982407569885254
3799 2.6327152252197266
3800 2.6147143840789795
3801 2.5746359825134277
3802 2.593038558959961
3803 2.746335744857788
3804 2.5274815559387207
3805 2.3500008583068848
3806 2.373035192489624
3807 2.323667526245117
3808 2.39520525932312
3809 2.3800129890441895
3810 2.382575035095215
3811 2.4305808544158936
3812 2.2794740200042725
3813 2.290799617767334
3814 2.6544950008392334
3815 2.5787158012390137
3816 2.1170921325683594
3817 2.38079833984375
3818 2.4951884746551514
3819 2.6295666694641113
3820 2.530627965927124
3821 2.509181022644043
3822 2.9319019317626953
3823 2.769406795501709
3824 2.9282000064849854
3825 2.7516868114471436
3826 2.9917852878570557
3827 2.915257215499878
3828 2.6074421405792236
3829 2.4758658409118652
3830 2.562563896179199
3831 2.7443032264709473
3832 2.4680302143096924
3833 2.8709652423858643
3834 2.7267749309539795
3835 2.6537680625915527
3836 2.704345464706421
3837 2.428006887435913
3838 2.5932438373565674
3839 2.6010453701019287
3840 2.802105665206909
3841 2.497236490249634
3842 2.984389305114746
3843 2.733746290206909
3844 2.5701167583465576
3845 2.40462064743042
3846 2.3716509342193604
3847 2.507481336593628
3848 2.1977951526641846
3849 2.267425775527954
3850 2.3850364685058594
3851 2.5720415115356445
3852 2.5017871856689453
3853 2.7689764499664307
3854 2.84719181060791
3855 2.6440508365631104
3856 2.728090763092041
3857 2.6060409545898438
3858 2.4809296131134033
3859 2.746659755706787
3860 2.5879223346710205
3861 2.431398391723633
3862 2.6103718280792236
3863 2.4245493412017822
3864 2.236407518386841
3865 2.594092607498169
3866 2.352949857711792
3867 2.2823894023895264
3868 2.1561429500579834
3869 2.38277006149292
3870 2.548039674758911
3871 2.516277551651001
3872 2.8646128177642822
3873 3.413146495819092
3874 3.5628442764282227
3875 3.0348596572875977
3876 3.008305549621582
3877 3.0229332447052
3878 3.1028316020965576
3879 3.0495855808258057
3880 2.9016966819763184
3881 2.8471715450286865
3882 2.6433660984039307
3883 2.6605889797210693
3884 2.3351407051086426
3885 2.714888095855713
3886 2.518005609512329
3887 2.5068507194519043
3888 2.6030869483947754
3889 2.510099172592163
3890 2.3700501918792725
3891 2.541018009185791
3892 2.280427932739258
3893 2.369004964828491
3894 2.550358772277832
3895 2.610117197036743
3896 2.4534337520599365
3897 2.6040892601013184
3898 2.437171459197998
3899 2.575850248336792
3900 2.3216984272003174
3901 2.2713592052459717
3902 2.5579347610473633
3903 2.4942240715026855
3904 2.6782493591308594
3905 2.669996500015259
3906 2.6375796794891357
3907 2.6859776973724365
3908 2.776049852371216
3909 2.7116811275482178
3910 2.7101166248321533
3911 2.58876895904541
3912 2.7053680419921875
3913 2.7961513996124268
3914 2.8071048259735107
3915 2.683915138244629
3916 2.706305980682373
3917 2.9358153343200684
3918 2.6582353115081787
3919 2.4960291385650635
3920 2.3911848068237305
3921 2.4226787090301514
3922 2.475234031677246
3923 2.5130062103271484
3924 2.4113097190856934
3925 2.5935750007629395
3926 2.5092709064483643
3927 2.37066650390625
3928 2.7878217697143555
3929 2.9095945358276367
3930 2.594693183898926
3931 2.4571402072906494
3932 2.326679229736328
3933 2.746145248413086
3934 2.48471999168396
3935 2.731252431869507
3936 2.6748578548431396
3937 2.4045722484588623
3938 2.4720075130462646
3939 2.420313835144043
3940 2.4100708961486816
3941 2.432886838912964
3942 2.4680607318878174
3943 2.551192283630371
3944 2.625633478164673
3945 2.459123134613037
3946 2.3004937171936035
3947 2.2933692932128906
3948 2.4182796478271484
3949 2.4387335777282715
3950 2.322543144226074
3951 2.3932981491088867
3952 2.884758710861206
3953 2.545311212539673
3954 2.6057660579681396
3955 2.621934413909912
3956 2.6501834392547607
3957 2.645169258117676
3958 2.7332606315612793
3959 2.656647205352783
3960 2.836376905441284
3961 2.700749397277832
3962 2.5546693801879883
3963 2.807920217514038
3964 3.1138412952423096
3965 3.0125672817230225
3966 3.0567901134490967
3967 2.9358558654785156
3968 2.899738311767578
3969 2.8376309871673584
3970 3.3784868717193604
3971 3.3432602882385254
3972 3.3767318725585938
3973 3.211745023727417
3974 3.5593087673187256
3975 3.863039970397949
3976 3.8141369819641113
3977 3.9541616439819336
3978 4.09291934967041
3979 4.047678470611572
3980 4.278377532958984
3981 4.071846008300781
3982 4.000370025634766
3983 4.185032844543457
3984 4.0011091232299805
3985 3.6428115367889404
3986 3.8911285400390625
3987 3.772519826889038
3988 3.580406904220581
3989 3.054201126098633
3990 2.815274477005005
3991 2.3512625694274902
3992 2.165513277053833
3993 2.2027785778045654
3994 2.2783713340759277
3995 2.892592191696167
3996 3.0227653980255127
3997 2.87288761138916
3998 3.017899751663208
3999 3.338240385055542
