# Frame Protein_DNA_total_backbone_RMSD_Angstrom
0 0.0
1 1.286813735961914
2 1.2740036249160767
3 1.829471230506897
4 1.9457852840423584
5 1.8375669717788696
6 1.9878005981445313
7 2.2305924892425537
8 2.2821879386901855
9 2.162278175354004
10 2.230938196182251
11 1.6905851364135742
12 1.606555700302124
13 1.7280645370483398
14 1.754146695137024
15 1.8865927457809448
16 1.8535139560699463
17 1.9257526397705078
18 2.150139093399048
19 1.930651068687439
20 1.8682326078414917
21 2.0138869285583496
22 1.7585136890411377
23 2.364518880844116
24 2.62473464012146
25 2.3154473304748535
26 2.3193631172180176
27 2.4069619178771973
28 2.3365700244903564
29 2.481527090072632
30 2.4965624809265137
31 2.544694662094116
32 2.8976500034332275
33 3.1159839630126953
34 3.4071078300476074
35 3.2899112701416016
36 3.1884849071502686
37 3.510538339614868
38 3.1921873092651367
39 2.6540098190307617
40 2.502566337585449
41 2.401289463043213
42 2.4582366943359375
43 2.5590031147003174
44 2.455674409866333
45 2.664975881576538
46 2.8267641067504883
47 2.577988624572754
48 2.6687533855438232
49 2.5431652069091797
50 2.4181394577026367
51 2.6201720237731934
52 2.543508291244507
53 2.6346652507781982
54 3.0604116916656494
55 3.3090267181396484
56 2.9696526527404785
57 3.188929557800293
58 3.064929485321045
59 3.215334415435791
60 3.2064146995544434
61 3.287774085998535
62 3.1611180305480957
63 3.5158793926239014
64 3.2059264183044434
65 3.136248826980591
66 3.154536724090576
67 2.589148998260498
68 2.5476951599121094
69 2.1607730388641357
70 2.412874221801758
71 2.5136072635650635
72 2.2299344539642334
73 2.1481821537017822
74 2.2493152618408203
75 2.5320656299591064
76 2.5534508228302
77 2.480593204498291
78 2.6674628257751465
79 2.351006031036377
80 2.4854037761688232
81 2.549931764602661
82 2.2962863445281982
83 2.160188674926758
84 2.2553822994232178
85 2.5717825889587402
86 2.535182476043701
87 3.0059046745300293
88 2.9385316371917725
89 3.0368216037750244
90 2.8808913230895996
91 2.920834541320801
92 3.051464796066284
93 2.7945003509521484
94 2.5076658725738525
95 2.7806191444396973
96 2.6951589584350586
97 2.6371960639953613
98 2.765787124633789
99 2.9535152912139893
100 2.528181552886963
101 2.6786768436431885
102 2.6175732612609863
103 2.8814260959625244
104 2.7709038257598877
105 2.7678565979003906
106 2.694721221923828
107 2.772812604904175
108 2.4600467681884766
109 2.284817695617676
110 2.509476900100708
111 2.402317523956299
112 2.6249570846557617
113 2.728247880935669
114 2.907531261444092
115 2.726375102996826
116 2.7464025020599365
117 2.9819023609161377
118 2.840474843978882
119 3.239384889602661
120 2.9316184520721436
121 2.8001298904418945
122 2.928035259246826
123 3.4545722007751465
124 3.3669421672821045
125 2.9727418422698975
126 2.893329381942749
127 2.998462200164795
128 3.2876174449920654
129 2.981511116027832
130 2.965146780014038
131 2.677060127258301
132 2.6081044673919678
133 2.869868040084839
134 2.925985336303711
135 2.703500747680664
136 2.9293932914733887
137 2.8668437004089355
138 2.6509597301483154
139 2.7294108867645264
140 2.4658761024475098
141 2.336225748062134
142 2.4432225227355957
143 2.550977945327759
144 2.709456443786621
145 2.5561134815216064
146 2.4009013175964355
147 2.4203500747680664
148 2.3466532230377197
149 2.329881429672241
150 2.4600346088409424
151 2.460062026977539
152 2.3966102600097656
153 2.507493019104004
154 2.5543289184570313
155 2.5801496505737305
156 2.563894271850586
157 2.4832510948181152
158 2.472231864929199
159 2.66231632232666
160 2.784742832183838
161 2.699207067489624
162 2.9302947521209717
163 2.9644079208374023
164 2.6699318885803223
165 3.1662485599517822
166 3.299539566040039
167 3.18969464302063
168 3.185263156890869
169 3.3161461353302
170 2.997069835662842
171 3.035325527191162
172 3.2800309658050537
173 3.1320037841796875
174 3.278087615966797
175 2.9260196685791016
176 2.7228267192840576
177 3.1279828548431396
178 3.8869307041168213
179 3.3344295024871826
180 3.111503839492798
181 2.7693872451782227
182 2.8664724826812744
183 2.8731815814971924
184 2.949829339981079
185 3.3442070484161377
186 3.365546464920044
187 3.1364428997039795
188 2.840350389480591
189 2.8891637325286865
190 2.8425872325897217
191 2.49068021774292
192 2.5131232738494873
193 2.5452773571014404
194 2.687835216522217
195 2.7708547115325928
196 2.8795905113220215
197 3.124682903289795
198 2.8871264457702637
199 2.7416694164276123
200 2.739898920059204
201 2.436497449874878
202 2.8581066131591797
203 2.5402650833129883
204 2.7853000164031982
205 3.0959253311157227
206 3.065394639968872
207 2.8084702491760254
208 3.077009677886963
209 3.483482599258423
210 3.143922805786133
211 2.6730921268463135
212 2.166686534881592
213 2.0800294876098633
214 1.9281179904937744
215 1.9334813356399536
216 1.9513109922409058
217 1.9414817094802856
218 1.8831290006637573
219 1.821744680404663
220 2.1810462474823
221 2.2181429862976074
222 2.389394521713257
223 2.2655770778656006
224 2.1352767944335938
225 2.3018600940704346
226 2.3473193645477295
227 2.217386245727539
228 2.206949234008789
229 2.635272979736328
230 2.6732306480407715
231 2.834810733795166
232 2.9747092723846436
233 3.1160571575164795
234 2.4755401611328125
235 2.727639675140381
236 2.49802303314209
237 2.524430990219116
238 2.377742290496826
239 2.698084831237793
240 2.2975850105285645
241 2.4657881259918213
242 2.4472427368164063
243 2.479158401489258
244 2.6080613136291504
245 2.442068338394165
246 2.540412187576294
247 2.5690619945526123
248 2.3958542346954346
249 2.3363192081451416
250 2.383148193359375
251 2.6078953742980957
252 2.7055251598358154
253 2.6289689540863037
254 2.8076581954956055
255 2.5500471591949463
256 2.357431173324585
257 2.7910830974578857
258 2.691298484802246
259 2.6259045600891113
260 2.4695281982421875
261 2.505828380584717
262 2.5348503589630127
263 2.4815070629119873
264 2.4994494915008545
265 2.296515464782715
266 2.210578680038452
267 2.311830997467041
268 2.262263774871826
269 2.2497949600219727
270 2.2576467990875244
271 2.391347885131836
272 2.51967453956604
273 2.2247653007507324
274 2.1098361015319824
275 2.2457497119903564
276 2.328571319580078
277 2.3728199005126953
278 2.5870919227600098
279 2.30389666557312
280 2.4666333198547363
281 2.384290933609009
282 2.458237409591675
283 2.51511287689209
284 2.659729480743408
285 2.875174045562744
286 2.745037317276001
287 3.1052839756011963
288 3.002516746520996
289 3.288785934448242
290 3.2705905437469482
291 3.156263828277588
292 3.2678658962249756
293 3.3063857555389404
294 3.0019795894622803
295 2.757488965988159
296 2.9340972900390625
297 2.953076124191284
298 2.8933064937591553
299 2.651057720184326
300 2.8736138343811035
301 2.805384397506714
302 2.5643880367279053
303 2.4241268634796143
304 2.3639702796936035
305 2.0991785526275635
306 2.3365139961242676
307 2.5233654975891113
308 2.6414692401885986
309 2.407365083694458
310 1.982528805732727
311 2.187016248703003
312 2.126742362976074
313 2.2197988033294678
314 2.088780403137207
315 2.2876546382904053
316 2.353323221206665
317 2.4168622493743896
318 2.4837701320648193
319 2.4703316688537598
320 2.572042226791382
321 2.71854305267334
322 2.455268144607544
323 2.4759793281555176
324 2.136154890060425
325 2.4050822257995605
326 2.5319948196411133
327 2.5343244075775146
328 2.1303186416625977
329 2.2268319129943848
330 2.544607639312744
331 2.5854132175445557
332 2.675177574157715
333 2.8319923877716064
334 3.3049206733703613
335 3.1934006214141846
336 3.210407257080078
337 3.0618975162506104
338 2.8936028480529785
339 2.6485822200775146
340 2.707179069519043
341 3.1238763332366943
342 2.8288090229034424
343 2.706817865371704
344 2.441573143005371
345 2.0621895790100098
346 2.157790422439575
347 2.57473087310791
348 2.6646406650543213
349 2.91469669342041
350 3.060708522796631
351 2.8282792568206787
352 2.8981802463531494
353 2.891780376434326
354 2.797429323196411
355 2.9459073543548584
356 3.0681183338165283
357 3.306013584136963
358 3.282726526260376
359 2.900784730911255
360 2.815986394882202
361 3.0513811111450195
362 2.615933656692505
363 2.3174312114715576
364 2.7421586513519287
365 2.7216920852661133
366 2.6303789615631104
367 2.864917039871216
368 2.9360601902008057
369 3.124396800994873
370 3.115091323852539
371 3.046224594116211
372 3.0029945373535156
373 2.7875874042510986
374 2.950984239578247
375 2.6724393367767334
376 2.615877866744995
377 2.379978656768799
378 2.3592803478240967
379 2.4415433406829834
380 2.6049108505249023
381 2.5062973499298096
382 2.27274227142334
383 2.479722023010254
384 2.4409821033477783
385 2.21580171585083
386 2.404653310775757
387 2.156369209289551
388 2.1873161792755127
389 2.2376978397369385
390 2.3093035221099854
391 2.475587844848633
392 2.347783088684082
393 2.7439112663269043
394 2.5728681087493896
395 2.683583974838257
396 2.5046253204345703
397 2.467423439025879
398 2.612403154373169
399 2.4874632358551025
400 2.7139596939086914
401 2.6854050159454346
402 2.589918613433838
403 2.5723416805267334
404 2.768407106399536
405 2.772104024887085
406 2.793081760406494
407 2.561450719833374
408 2.4304897785186768
409 2.0735373497009277
410 2.4523377418518066
411 2.8413496017456055
412 2.734323740005493
413 2.912702798843384
414 2.786957025527954
415 2.517963171005249
416 2.6767585277557373
417 2.47690486907959
418 2.1722168922424316
419 2.1131625175476074
420 2.3353939056396484
421 2.502234697341919
422 2.7269768714904785
423 2.8215086460113525
424 2.6686575412750244
425 2.7217459678649902
426 2.693965196609497
427 2.4808454513549805
428 2.359879970550537
429 2.619166135787964
430 2.6411163806915283
431 2.539088487625122
432 2.396319627761841
433 2.428039073944092
434 2.246943950653076
435 2.1429920196533203
436 2.5485470294952393
437 2.7958035469055176
438 3.0444858074188232
439 2.822277307510376
440 3.1820757389068604
441 3.076716423034668
442 3.1345934867858887
443 3.0585227012634277
444 2.9230451583862305
445 2.939910650253296
446 3.2159202098846436
447 3.099637269973755
448 3.3576974868774414
449 3.397394895553589
450 3.074187755584717
451 2.993119716644287
452 2.980339288711548
453 2.794609308242798
454 2.884660482406616
455 2.7708451747894287
456 2.779552698135376
457 2.788405179977417
458 3.2178750038146973
459 2.9323503971099854
460 2.6930246353149414
461 2.5331084728240967
462 2.8452253341674805
463 2.6353983879089355
464 2.497770071029663
465 3.0032262802124023
466 3.107412576675415
467 2.9531960487365723
468 2.562079429626465
469 2.4180071353912354
470 2.5165364742279053
471 2.329216957092285
472 2.5323326587677
473 2.4164600372314453
474 2.673671245574951
475 2.416260004043579
476 2.352200984954834
477 2.6388187408447266
478 2.6452152729034424
479 2.701122283935547
480 2.721813917160034
481 2.980372667312622
482 2.622999906539917
483 2.628457546234131
484 2.6153464317321777
485 2.4649033546447754
486 2.231963634490967
487 2.4777841567993164
488 2.4653282165527344
489 2.4650492668151855
490 2.7801454067230225
491 2.7109832763671875
492 2.3170366287231445
493 2.6277592182159424
494 2.3614282608032227
495 2.6954283714294434
496 2.4070122241973877
497 2.4217522144317627
498 2.292916774749756
499 2.367339849472046
500 2.2893905639648438
501 2.5315511226654053
502 2.561363458633423
503 2.7698323726654053
504 2.505953073501587
505 2.5278337001800537
506 2.632509469985962
507 2.3178107738494873
508 2.4252281188964844
509 2.3334269523620605
510 2.4678781032562256
511 2.242612361907959
512 2.0404646396636963
513 2.1493639945983887
514 1.9877954721450806
515 2.099332809448242
516 2.294984817504883
517 2.464024066925049
518 2.1623291969299316
519 2.0558176040649414
520 2.2420027256011963
521 2.56068754196167
522 2.6688826084136963
523 2.6975927352905273
524 2.1381783485412598
525 2.0905370712280273
526 2.1580536365509033
527 2.127774477005005
528 2.4581589698791504
529 2.3260200023651123
530 2.161039113998413
531 2.45871901512146
532 2.571030616760254
533 2.430016279220581
534 2.9354212284088135
535 2.880206823348999
536 2.8896334171295166
537 2.777850389480591
538 2.8132505416870117
539 2.6586928367614746
540 2.735348701477051
541 2.941073417663574
542 2.6536896228790283
543 2.783790111541748
544 2.3193674087524414
545 2.4332022666931152
546 2.1301605701446533
547 2.1992337703704834
548 2.286935806274414
549 2.2752156257629395
550 2.3011181354522705
551 2.6039602756500244
552 2.66499924659729
553 2.5009286403656006
554 2.416977643966675
555 2.571906805038452
556 2.7884857654571533
557 2.985691785812378
558 3.162051200866699
559 2.8847813606262207
560 2.8063464164733887
561 2.8080475330352783
562 2.544809579849243
563 2.547769069671631
564 2.526318073272705
565 2.547240734100342
566 2.4448463916778564
567 2.5942389965057373
568 2.2362420558929443
569 1.9933568239212036
570 2.0805749893188477
571 2.201632022857666
572 1.890880823135376
573 2.060833692550659
574 2.2657339572906494
575 2.2465150356292725
576 1.9234929084777832
577 2.0803284645080566
578 2.124021291732788
579 1.9890648126602173
580 2.258833646774292
581 2.404388189315796
582 2.543484926223755
583 2.6814754009246826
584 2.313310146331787
585 2.3585262298583984
586 2.25455904006958
587 2.144739866256714
588 1.984536051750183
589 1.9807453155517578
590 2.167417287826538
591 2.0753331184387207
592 2.076340913772583
593 2.061107873916626
594 2.0943198204040527
595 2.2336039543151855
596 2.298921823501587
597 2.294360399246216
598 2.373838186264038
599 2.2832300662994385
600 2.4968976974487305
601 2.3404433727264404
602 2.2253847122192383
603 2.38612699508667
604 2.3781321048736572
605 2.3938820362091064
606 2.1869723796844482
607 2.1529107093811035
608 2.200511932373047
609 2.3021020889282227
610 2.2550487518310547
611 2.3918344974517822
612 2.473562002182007
613 2.4151244163513184
614 2.2194643020629883
615 2.1986279487609863
616 2.2499101161956787
617 2.3024072647094727
618 2.065052032470703
619 2.028237819671631
620 2.314666271209717
621 2.267002820968628
622 2.393540620803833
623 2.3276827335357666
624 2.4859657287597656
625 2.540632963180542
626 2.7243688106536865
627 2.581515312194824
628 2.7134451866149902
629 2.795189619064331
630 3.0890541076660156
631 2.9251065254211426
632 3.0529849529266357
633 2.995999574661255
634 2.759950637817383
635 2.685912847518921
636 2.844085931777954
637 2.3822696208953857
638 2.7814600467681885
639 2.759636640548706
640 2.407951831817627
641 2.439664125442505
642 2.4166147708892822
643 2.465855836868286
644 2.485680341720581
645 2.1177618503570557
646 2.1868221759796143
647 2.116929769515991
648 2.2704555988311768
649 2.2151968479156494
650 2.5243568420410156
651 2.562124013900757
652 2.3838448524475098
653 2.294356107711792
654 2.2141082286834717
655 2.18633770942688
656 2.070556163787842
657 2.145169496536255
658 2.0863616466522217
659 1.95038640499115
660 1.9045822620391846
661 1.9376556873321533
662 2.0309035778045654
663 2.369472026824951
664 2.097874402999878
665 2.0214765071868896
666 2.217205762863159
667 2.1485965251922607
668 2.290768623352051
669 2.0704703330993652
670 2.114088296890259
671 2.272723436355591
672 2.377190589904785
673 2.536686658859253
674 2.586888074874878
675 2.6916306018829346
676 2.508742094039917
677 2.313009738922119
678 2.426894426345825
679 2.753549814224243
680 2.6842939853668213
681 2.3157429695129395
682 2.5232491493225098
683 2.571697235107422
684 2.603177785873413
685 2.5761094093322754
686 2.7270991802215576
687 3.1518101692199707
688 3.096445083618164
689 3.243807554244995
690 3.255018949508667
691 3.099928379058838
692 3.0369982719421387
693 2.730088949203491
694 2.647937536239624
695 2.6549594402313232
696 3.155988931655884
697 3.1160645484924316
698 3.066067934036255
699 3.010810375213623
700 3.143897533416748
701 2.841521978378296
702 2.7909953594207764
703 2.5150558948516846
704 2.3750483989715576
705 2.447324514389038
706 2.443157911300659
707 2.371593952178955
708 2.3134613037109375
709 2.2263176441192627
710 2.5669102668762207
711 2.5784926414489746
712 2.5468010902404785
713 2.432342767715454
714 2.4567744731903076
715 2.699613094329834
716 2.9589760303497314
717 2.9488613605499268
718 2.9007394313812256
719 3.5318145751953125
720 3.149733543395996
721 2.8002583980560303
722 2.740817070007324
723 2.5933077335357666
724 2.3483035564422607
725 2.3831169605255127
726 2.647136926651001
727 2.801180124282837
728 2.611030101776123
729 2.690054416656494
730 2.7541756629943848
731 2.686607599258423
732 2.5139596462249756
733 2.594727039337158
734 2.1929049491882324
735 2.38663649559021
736 2.3646206855773926
737 2.416219711303711
738 2.4707822799682617
739 2.331279754638672
740 2.3902690410614014
741 2.254878282546997
742 2.382694959640503
743 2.3133511543273926
744 2.205658197402954
745 2.359327793121338
746 2.177473306655884
747 2.386864423751831
748 2.126171350479126
749 2.199833393096924
750 2.573044538497925
751 2.2347710132598877
752 2.04101824760437
753 2.3967630863189697
754 2.5733842849731445
755 2.4557723999023438
756 2.6260766983032227
757 2.5543811321258545
758 2.3360681533813477
759 2.2726235389709473
760 2.175320863723755
761 2.1462607383728027
762 2.1075308322906494
763 2.1825637817382813
764 2.166412115097046
765 2.008383274078369
766 2.1658341884613037
767 1.9149836301803589
768 2.1996192932128906
769 2.1672732830047607
770 2.293217897415161
771 2.098973512649536
772 2.027745485305786
773 1.8553909063339233
774 2.0148229598999023
775 2.0611751079559326
776 2.010336399078369
777 2.19008469581604
778 2.3344671726226807
779 2.368817090988159
780 2.586456298828125
781 2.4478023052215576
782 2.415278434753418
783 2.611771821975708
784 2.7626914978027344
785 2.827901840209961
786 2.989563226699829
787 2.608262777328491
788 2.456434488296509
789 2.498711109161377
790 2.288330078125
791 2.155364751815796
792 2.276902198791504
793 2.1860036849975586
794 2.3372535705566406
795 2.213743209838867
796 2.098468542098999
797 2.204084634780884
798 2.3957314491271973
799 2.3436145782470703
800 2.4841668605804443
801 2.5658183097839355
802 2.81416654586792
803 2.7073609828948975
804 2.8017377853393555
805 2.8510212898254395
806 3.1097757816314697
807 2.863356590270996
808 2.911576747894287
809 3.0355241298675537
810 3.0632522106170654
811 2.9631266593933105
812 2.9912428855895996
813 3.0105226039886475
814 2.9761509895324707
815 2.822770833969116
816 2.694272994995117
817 2.8694920539855957
818 2.738691806793213
819 2.6955010890960693
820 2.606017827987671
821 2.605884313583374
822 2.5385541915893555
823 2.7995829582214355
824 2.5526983737945557
825 2.5556747913360596
826 2.603355646133423
827 2.6195836067199707
828 2.4819841384887695
829 2.5221176147460938
830 2.5554726123809814
831 2.42891263961792
832 2.5313308238983154
833 2.7558116912841797
834 2.5270016193389893
835 2.596686840057373
836 2.617492914199829
837 2.556436538696289
838 2.533724308013916
839 2.602004289627075
840 2.8207192420959473
841 2.9392011165618896
842 2.503047227859497
843 2.692115306854248
844 2.483938455581665
845 2.4122166633605957
846 2.6262094974517822
847 2.7181363105773926
848 2.5990278720855713
849 2.578326940536499
850 2.6134395599365234
851 2.967907190322876
852 2.9199914932250977
853 2.898061990737915
854 2.7369015216827393
855 2.802964210510254
856 2.7295408248901367
857 2.6573710441589355
858 2.8259637355804443
859 2.6486637592315674
860 2.776982545852661
861 2.9303138256073
862 2.7392096519470215
863 2.776578426361084
864 2.555814266204834
865 2.407900810241699
866 2.611422538757324
867 2.873523235321045
868 2.6435885429382324
869 2.5911924839019775
870 2.466163396835327
871 2.524472236633301
872 2.509119749069214
873 2.5349597930908203
874 2.2778987884521484
875 2.2702229022979736
876 2.5916616916656494
877 2.555194854736328
878 2.717344284057617
879 2.6663780212402344
880 2.7294652462005615
881 2.637967824935913
882 2.5774412155151367
883 2.5208940505981445
884 2.555800199508667
885 2.638075590133667
886 2.4980740547180176
887 2.4475975036621094
888 2.631042003631592
889 2.85587739944458
890 2.4690093994140625
891 2.429445505142212
892 2.465799570083618
893 2.4494056701660156
894 2.4822804927825928
895 2.6996617317199707
896 2.4870805740356445
897 2.6589322090148926
898 2.5908310413360596
899 2.6909868717193604
900 2.790867805480957
901 2.5512635707855225
902 2.464134454727173
903 2.2144932746887207
904 2.1170246601104736
905 2.4168455600738525
906 2.361118793487549
907 2.180452346801758
908 2.5081732273101807
909 2.5298471450805664
910 2.307734966278076
911 2.3345043659210205
912 2.249377489089966
913 2.2867372035980225
914 2.0855484008789063
915 2.0304012298583984
916 2.2254929542541504
917 2.6570498943328857
918 2.3339781761169434
919 2.4160549640655518
920 2.491013288497925
921 2.5219109058380127
922 2.2482268810272217
923 2.456939458847046
924 2.563694953918457
925 3.0454862117767334
926 2.628861665725708
927 2.7883474826812744
928 3.1149024963378906
929 3.3341541290283203
930 2.9824585914611816
931 3.151578903198242
932 3.063960552215576
933 3.267819404602051
934 3.210097074508667
935 3.3306708335876465
936 3.2564949989318848
937 3.2357819080352783
938 3.2901203632354736
939 3.245850086212158
940 3.553069591522217
941 3.1893794536590576
942 2.8498268127441406
943 2.7139997482299805
944 2.587935447692871
945 2.8973398208618164
946 2.9783122539520264
947 3.0651421546936035
948 3.4566893577575684
949 3.460482597351074
950 3.355161666870117
951 3.5369973182678223
952 2.800727367401123
953 3.017915725708008
954 3.002824306488037
955 2.805790662765503
956 2.5230438709259033
957 2.5965793132781982
958 2.3811142444610596
959 2.0535061359405518
960 2.3531172275543213
961 2.413823127746582
962 2.941091299057007
963 2.6313388347625732
964 2.6050734519958496
965 2.994285821914673
966 2.5127382278442383
967 2.425618886947632
968 2.2888195514678955
969 2.2541258335113525
970 2.2144055366516113
971 2.233107566833496
972 2.0627596378326416
973 2.2688097953796387
974 2.363602638244629
975 2.283594846725464
976 2.243011951446533
977 2.185426950454712
978 2.485478639602661
979 2.59641695022583
980 2.5667731761932373
981 2.640289545059204
982 2.427924633026123
983 2.3189167976379395
984 2.418178081512451
985 2.6696150302886963
986 2.4913699626922607
987 2.8844361305236816
988 3.042240858078003
989 3.1413440704345703
990 2.5391287803649902
991 2.52722430229187
992 2.651685953140259
993 2.515042781829834
994 2.561225175857544
995 2.6780526638031006
996 2.651444911956787
997 2.531491756439209
998 2.3719770908355713
999 2.5289552211761475
1000 2.6695313453674316
1001 3.0401735305786133
1002 2.9611635208129883
1003 2.6744608879089355
1004 2.4248130321502686
1005 2.588624954223633
1006 2.5028913021087646
1007 2.6209471225738525
1008 2.390937328338623
1009 2.2547109127044678
1010 2.3339316844940186
1011 2.1980669498443604
1012 2.1139352321624756
1013 2.328580141067505
1014 2.391200065612793
1015 2.359140634536743
1016 2.3505654335021973
1017 2.4871060848236084
1018 2.3149616718292236
1019 2.182305335998535
1020 2.6171650886535645
1021 2.2651031017303467
1022 2.3292276859283447
1023 2.5098624229431152
1024 2.335618495941162
1025 1.9924112558364868
1026 2.1533520221710205
1027 2.202659845352173
1028 2.309049129486084
1029 2.655991554260254
1030 2.8442578315734863
1031 2.8057825565338135
1032 2.7997279167175293
1033 2.787949800491333
1034 2.746796131134033
1035 2.731128692626953
1036 2.8039140701293945
1037 2.548003673553467
1038 2.1932594776153564
1039 2.283827781677246
1040 2.36187481880188
1041 2.384425401687622
1042 2.323723316192627
1043 2.3108551502227783
1044 2.2105765342712402
1045 2.476482629776001
1046 2.285067319869995
1047 2.5698039531707764
1048 2.2327475547790527
1049 2.2100272178649902
1050 2.3358216285705566
1051 2.6550872325897217
1052 2.231290578842163
1053 2.5783841609954834
1054 2.5030219554901123
1055 2.544149160385132
1056 2.252012252807617
1057 2.37872314453125
1058 2.370404005050659
1059 2.2554609775543213
1060 2.407013177871704
1061 2.73525333404541
1062 3.0356695652008057
1063 2.8778750896453857
1064 2.68550181388855
1065 2.8303849697113037
1066 2.9235031604766846
1067 2.8791208267211914
1068 2.7347283363342285
1069 2.280466079711914
1070 2.363372564315796
1071 2.215158700942993
1072 2.343200206756592
1073 2.2339162826538086
1074 2.1331536769866943
1075 2.2762396335601807
1076 2.538792133331299
1077 2.1641831398010254
1078 2.295661449432373
1079 2.2365317344665527
1080 2.5128660202026367
1081 2.7509114742279053
1082 2.864628791809082
1083 2.993009567260742
1084 2.792886972427368
1085 3.0048038959503174
1086 2.78690242767334
1087 2.862370729446411
1088 3.0028176307678223
1089 2.9299421310424805
1090 2.9609322547912598
1091 3.036006450653076
1092 3.1753218173980713
1093 3.307204484939575
1094 3.029594898223877
1095 2.990591049194336
1096 2.9648025035858154
1097 2.781132459640503
1098 2.8029026985168457
1099 3.1319849491119385
1100 3.2960116863250732
1101 3.4265761375427246
1102 3.1826367378234863
1103 3.0102436542510986
1104 3.538524627685547
1105 3.5917177200317383
1106 3.3612558841705322
1107 3.1895387172698975
1108 3.168963670730591
1109 3.055807113647461
1110 3.1684956550598145
1111 2.8336477279663086
1112 2.845494270324707
1113 2.9239110946655273
1114 2.9548749923706055
1115 2.846809148788452
1116 2.848780393600464
1117 2.965794801712036
1118 2.9600024223327637
1119 2.71362042427063
1120 2.9221339225769043
1121 3.044832229614258
1122 3.2622270584106445
1123 3.464181661605835
1124 3.366532802581787
1125 3.2653753757476807
1126 3.108834743499756
1127 3.167128562927246
1128 3.1795833110809326
1129 2.9635941982269287
1130 3.055375099182129
1131 2.8689768314361572
1132 2.8468332290649414
1133 2.9272897243499756
1134 3.0639050006866455
1135 2.9903416633605957
1136 2.9875802993774414
1137 2.899984121322632
1138 3.0983781814575195
1139 2.9046080112457275
1140 2.8064756393432617
1141 3.136092185974121
1142 3.1985578536987305
1143 3.1309890747070313
1144 2.826233148574829
1145 2.8643434047698975
1146 2.881040334701538
1147 2.963542938232422
1148 3.1603968143463135
1149 3.197355031967163
1150 3.0875043869018555
1151 2.902549982070923
1152 3.007378339767456
1153 3.158160448074341
1154 3.1367273330688477
1155 2.854135751724243
1156 3.0748345851898193
1157 2.678163766860962
1158 2.783493995666504
1159 2.6549370288848877
1160 2.756643772125244
1161 2.734222412109375
1162 2.5461549758911133
1163 2.7461493015289307
1164 2.9341516494750977
1165 2.899223804473877
1166 2.957573413848877
1167 2.823359966278076
1168 2.736793041229248
1169 2.9072821140289307
1170 2.926173448562622
1171 2.8618760108947754
1172 2.7760307788848877
1173 2.489637613296509
1174 2.6115775108337402
1175 2.6049723625183105
1176 2.5511364936828613
1177 2.6750028133392334
1178 2.5458626747131348
1179 2.6863090991973877
1180 2.409533977508545
1181 2.4607558250427246
1182 2.9286961555480957
1183 2.9538683891296387
1184 2.7105553150177
1185 3.0612659454345703
1186 3.208200216293335
1187 3.3064939975738525
1188 3.267071008682251
1189 3.1561968326568604
1190 3.243112087249756
1191 2.9649229049682617
1192 2.852193832397461
1193 3.0582704544067383
1194 2.916673421859741
1195 2.771951913833618
1196 2.764887571334839
1197 2.7460100650787354
1198 2.614795207977295
1199 2.566086530685425
1200 2.5539391040802
1201 2.5959596633911133
1202 2.752142906188965
1203 2.740154266357422
1204 2.542703628540039
1205 2.699254035949707
1206 2.8254714012145996
1207 2.9880309104919434
1208 2.752822160720825
1209 2.65523624420166
1210 2.61506986618042
1211 2.5283608436584473
1212 2.5077574253082275
1213 2.491145610809326
1214 2.447526454925537
1215 2.5656776428222656
1216 2.536776065826416
1217 2.6817517280578613
1218 2.356581211090088
1219 2.450493335723877
1220 2.512098789215088
1221 2.4893131256103516
1222 2.336756944656372
1223 2.2921578884124756
1224 2.3104968070983887
1225 2.403686046600342
1226 2.3353281021118164
1227 2.404348611831665
1228 2.1323084831237793
1229 2.4180612564086914
1230 2.1468300819396973
1231 2.307015895843506
1232 2.2975594997406006
1233 2.258861541748047
1234 2.2232666015625
1235 2.5336129665374756
1236 2.238645553588867
1237 2.2705836296081543
1238 2.669323205947876
1239 2.5283937454223633
1240 2.507570266723633
1241 2.4602086544036865
1242 2.56510329246521
1243 2.5399539470672607
1244 2.594423294067383
1245 2.7608509063720703
1246 2.6951379776000977
1247 2.509032964706421
1248 2.5391712188720703
1249 2.651850938796997
1250 2.634206771850586
1251 2.6268270015716553
1252 2.4564125537872314
1253 2.6213812828063965
1254 2.476146697998047
1255 2.5567994117736816
1256 2.563636064529419
1257 2.8010950088500977
1258 2.67173171043396
1259 2.7542967796325684
1260 2.6449224948883057
1261 2.6462340354919434
1262 2.457914352416992
1263 2.6168015003204346
1264 2.754934549331665
1265 3.0610227584838867
1266 2.8958070278167725
1267 3.0104057788848877
1268 2.6458396911621094
1269 2.606252670288086
1270 2.684380292892456
1271 2.4794790744781494
1272 2.4823265075683594
1273 2.40842604637146
1274 2.4285266399383545
1275 2.484821081161499
1276 2.275700330734253
1277 2.575413227081299
1278 2.439481019973755
1279 2.6604511737823486
1280 2.4633522033691406
1281 2.468012809753418
1282 2.241062641143799
1283 2.6901021003723145
1284 2.819483995437622
1285 2.7048115730285645
1286 2.4134225845336914
1287 2.5633015632629395
1288 2.539689779281616
1289 2.7513065338134766
1290 2.7625691890716553
1291 3.000986337661743
1292 2.847339153289795
1293 2.987684965133667
1294 2.8561654090881348
1295 2.8312466144561768
1296 2.883016586303711
1297 2.869201898574829
1298 2.9456348419189453
1299 2.890104293823242
1300 2.993290901184082
1301 2.8957841396331787
1302 2.9650580883026123
1303 3.1785731315612793
1304 3.290534019470215
1305 2.9780216217041016
1306 3.042879343032837
1307 3.305797815322876
1308 3.20882248878479
1309 2.7820146083831787
1310 2.8574090003967285
1311 3.1073431968688965
1312 3.347491979598999
1313 3.396911859512329
1314 3.226898431777954
1315 2.8631534576416016
1316 2.8296873569488525
1317 3.068962574005127
1318 3.1541922092437744
1319 3.100109815597534
1320 3.052191972732544
1321 3.021080732345581
1322 2.9318549633026123
1323 2.8065567016601563
1324 3.0391407012939453
1325 3.377990484237671
1326 2.9330625534057617
1327 2.9119412899017334
1328 2.9945058822631836
1329 2.6959385871887207
1330 2.6660103797912598
1331 2.73128080368042
1332 2.720001459121704
1333 2.901962995529175
1334 3.0387251377105713
1335 2.7566051483154297
1336 2.8347020149230957
1337 2.7694990634918213
1338 2.59599232673645
1339 2.6781117916107178
1340 2.8213248252868652
1341 3.125343084335327
1342 3.145014524459839
1343 3.344238519668579
1344 3.140474319458008
1345 3.0924651622772217
1346 2.931589126586914
1347 2.8004512786865234
1348 2.60672926902771
1349 2.8704161643981934
1350 3.1946442127227783
1351 3.1579537391662598
1352 3.268789291381836
1353 3.2659428119659424
1354 3.340708017349243
1355 3.2562415599823
1356 3.0265016555786133
1357 3.059849977493286
1358 3.273810863494873
1359 3.288745880126953
1360 2.84706711769104
1361 2.9726171493530273
1362 2.989367961883545
1363 3.0568528175354004
1364 3.400167465209961
1365 3.522007703781128
1366 3.1955957412719727
1367 3.010084629058838
1368 3.218801498413086
1369 3.137437105178833
1370 3.217860698699951
1371 3.2607638835906982
1372 3.134570360183716
1373 3.221101999282837
1374 3.378328323364258
1375 3.1491281986236572
1376 2.9959750175476074
1377 2.831327438354492
1378 2.5618820190429688
1379 2.701040267944336
1380 2.7782177925109863
1381 2.5256967544555664
1382 2.5413591861724854
1383 2.424731731414795
1384 2.663304567337036
1385 2.4695494174957275
1386 2.4039626121520996
1387 2.427241086959839
1388 2.7332825660705566
1389 2.6954333782196045
1390 2.926938772201538
1391 3.1315345764160156
1392 2.6762993335723877
1393 2.6889026165008545
1394 2.9368834495544434
1395 2.8714869022369385
1396 2.9939963817596436
1397 2.9108855724334717
1398 2.878972053527832
1399 2.6484482288360596
1400 2.6712887287139893
1401 2.592216968536377
1402 2.7344985008239746
1403 2.8762457370758057
1404 2.7422657012939453
1405 2.798886775970459
1406 2.7622644901275635
1407 2.5901129245758057
1408 2.7000858783721924
1409 2.4373435974121094
1410 2.645127534866333
1411 2.441702127456665
1412 2.4868435859680176
1413 2.5352137088775635
1414 2.575608730316162
1415 2.6294167041778564
1416 2.700779914855957
1417 2.9042043685913086
1418 2.825643539428711
1419 2.633547782897949
1420 2.704371213912964
1421 2.7033274173736572
1422 2.6055474281311035
1423 2.9980874061584473
1424 2.943361520767212
1425 2.8926515579223633
1426 2.9534237384796143
1427 3.1848514080047607
1428 3.094467878341675
1429 2.8951544761657715
1430 2.7153801918029785
1431 2.9218852519989014
1432 2.8935346603393555
1433 2.9703123569488525
1434 2.812649726867676
1435 2.534895181655884
1436 2.5009236335754395
1437 2.4189858436584473
1438 2.55668044090271
1439 2.4231412410736084
1440 2.5349130630493164
1441 2.696282148361206
1442 2.7068309783935547
1443 2.787416934967041
1444 2.700885772705078
1445 2.776745080947876
1446 2.267364740371704
1447 2.405284881591797
1448 2.3787949085235596
1449 2.2348246574401855
1450 2.311250925064087
1451 2.4364967346191406
1452 2.419222354888916
1453 2.5218865871429443
1454 2.4131033420562744
1455 2.693927526473999
1456 2.5167644023895264
1457 2.581644296646118
1458 2.4560022354125977
1459 2.589303493499756
1460 2.5694828033447266
1461 2.458211898803711
1462 2.737095594406128
1463 2.4722793102264404
1464 2.3553264141082764
1465 2.535433530807495
1466 2.552589178085327
1467 2.6162021160125732
1468 2.7564826011657715
1469 2.5616064071655273
1470 2.3703184127807617
1471 2.2258522510528564
1472 2.112849235534668
1473 2.115771770477295
1474 2.3380649089813232
1475 2.2728400230407715
1476 2.3167669773101807
1477 2.621051073074341
1478 2.455146551132202
1479 2.413968086242676
1480 2.268880844116211
1481 2.506716251373291
1482 2.31931471824646
1483 2.546741247177124
1484 2.59476375579834
1485 2.5925748348236084
1486 2.5794661045074463
1487 2.388402223587036
1488 2.356987953186035
1489 2.4589993953704834
1490 2.320254325866699
1491 2.37565016746521
1492 2.297206401824951
1493 2.4558048248291016
1494 2.3847248554229736
1495 2.265378713607788
1496 2.094686269760132
1497 2.233900308609009
1498 2.2297213077545166
1499 2.1034650802612305
1500 2.498167037963867
1501 2.7415366172790527
1502 2.5666651725769043
1503 2.4404702186584473
1504 2.3815224170684814
1505 2.3799924850463867
1506 2.4819629192352295
1507 2.4470646381378174
1508 2.742643117904663
1509 2.470667600631714
1510 2.433457136154175
1511 2.392397880554199
1512 2.7344188690185547
1513 2.6778244972229004
1514 2.8950862884521484
1515 2.694711685180664
1516 2.5699946880340576
1517 2.5513076782226563
1518 2.4467153549194336
1519 2.2476961612701416
1520 2.286154270172119
1521 2.3239502906799316
1522 2.1744000911712646
1523 2.185285806655884
1524 2.285787582397461
1525 2.5228636264801025
1526 2.4488766193389893
1527 2.324753761291504
1528 2.5550594329833984
1529 2.6279661655426025
1530 2.6590404510498047
1531 2.558866500854492
1532 2.5476155281066895
1533 2.5976245403289795
1534 2.5774242877960205
1535 2.7660648822784424
1536 2.9983022212982178
1537 2.8941919803619385
1538 3.5668671131134033
1539 3.1434192657470703
1540 3.1434431076049805
1541 3.0592739582061768
1542 2.9057374000549316
1543 2.6845083236694336
1544 2.5573415756225586
1545 2.697251558303833
1546 2.5151290893554688
1547 2.4129648208618164
1548 2.521000623703003
1549 2.517366886138916
1550 2.5030391216278076
1551 2.626920461654663
1552 2.586930274963379
1553 2.70520281791687
1554 2.759704351425171
1555 3.056164264678955
1556 2.9620139598846436
1557 3.1610217094421387
1558 3.3634777069091797
1559 3.445962429046631
1560 3.108060836791992
1561 2.7929224967956543
1562 3.2346596717834473
1563 2.8792803287506104
1564 3.0064258575439453
1565 2.9694933891296387
1566 2.7996129989624023
1567 2.962402820587158
1568 2.984346389770508
1569 2.8219971656799316
1570 3.1108298301696777
1571 3.159576416015625
1572 3.2923827171325684
1573 3.0803637504577637
1574 2.859273910522461
1575 2.6362743377685547
1576 2.6493401527404785
1577 2.370055913925171
1578 2.7740135192871094
1579 2.760376214981079
1580 2.9804556369781494
1581 2.891753673553467
1582 2.8557305335998535
1583 2.978666067123413
1584 2.5164928436279297
1585 2.6278655529022217
1586 2.5831377506256104
1587 2.418287515640259
1588 2.801670789718628
1589 2.61397647857666
1590 3.203217029571533
1591 3.221897602081299
1592 3.20595383644104
1593 2.8898603916168213
1594 2.5736582279205322
1595 2.405808448791504
1596 2.5398659706115723
1597 2.3389015197753906
1598 2.6136646270751953
1599 2.618119716644287
1600 2.7637600898742676
1601 2.735285997390747
1602 2.5593504905700684
1603 2.5619516372680664
1604 2.614959478378296
1605 2.5611772537231445
1606 2.496201992034912
1607 2.6726815700531006
1608 2.3348946571350098
1609 2.521963357925415
1610 2.694410800933838
1611 2.8308019638061523
1612 2.7645559310913086
1613 2.643153667449951
1614 2.6608965396881104
1615 2.732462167739868
1616 2.454808473587036
1617 2.2603843212127686
1618 2.2319397926330566
1619 2.513953447341919
1620 2.451408624649048
1621 2.624798059463501
1622 2.433789014816284
1623 2.7682292461395264
1624 2.4618170261383057
1625 2.4813103675842285
1626 2.3557190895080566
1627 2.4404544830322266
1628 2.7193503379821777
1629 2.671642780303955
1630 2.4811534881591797
1631 2.52768611907959
1632 2.444525957107544
1633 2.6326045989990234
1634 2.5656254291534424
1635 2.5672781467437744
1636 2.3765385150909424
1637 2.54110050201416
1638 2.352393388748169
1639 2.6755897998809814
1640 2.3166303634643555
1641 2.466559886932373
1642 2.340394973754883
1643 2.380074977874756
1644 2.3376002311706543
1645 2.235682725906372
1646 2.410041570663452
1647 2.565138339996338
1648 2.421818494796753
1649 2.4120025634765625
1650 2.393805980682373
1651 2.789254903793335
1652 2.650843620300293
1653 2.4288156032562256
1654 2.471616506576538
1655 2.5407259464263916
1656 2.6605803966522217
1657 2.442948341369629
1658 2.437507152557373
1659 2.3012185096740723
1660 2.4848673343658447
1661 2.316525459289551
1662 2.6141576766967773
1663 2.9526312351226807
1664 2.886500835418701
1665 3.0159738063812256
1666 2.7413227558135986
1667 3.0464720726013184
1668 3.271690845489502
1669 2.963426351547241
1670 2.989147424697876
1671 2.8901500701904297
1672 3.0649948120117188
1673 3.244863748550415
1674 3.1224205493927
1675 2.938994884490967
1676 2.6044113636016846
1677 2.604367256164551
1678 2.7436516284942627
1679 3.057112693786621
1680 2.8884003162384033
1681 2.879427671432495
1682 2.9304871559143066
1683 3.1098551750183105
1684 3.002807855606079
1685 2.7574799060821533
1686 3.0078580379486084
1687 3.2082746028900146
1688 3.0103893280029297
1689 3.027615785598755
1690 2.8868019580841064
1691 2.773524045944214
1692 2.7348687648773193
1693 2.77371883392334
1694 2.934307098388672
1695 2.8271849155426025
1696 2.569134473800659
1697 2.7512359619140625
1698 2.739206314086914
1699 2.674675703048706
1700 2.5921311378479004
1701 2.536494255065918
1702 2.6477530002593994
1703 2.697829484939575
1704 2.5962915420532227
1705 2.757599353790283
1706 2.7633488178253174
1707 2.7643961906433105
1708 3.01059889793396
1709 3.229191303253174
1710 3.134418249130249
1711 3.046938896179199
1712 3.078181505203247
1713 2.7365052700042725
1714 3.2474639415740967
1715 3.1501731872558594
1716 3.0483245849609375
1717 3.0546741485595703
1718 3.0185704231262207
1719 3.057614326477051
1720 3.0080649852752686
1721 2.8990087509155273
1722 2.9783847332000732
1723 3.0480403900146484
1724 3.1475307941436768
1725 3.0930585861206055
1726 3.3495516777038574
1727 3.711726665496826
1728 3.0545334815979004
1729 3.2894387245178223
1730 3.366032123565674
1731 3.381740093231201
1732 3.117948532104492
1733 2.7600457668304443
1734 2.982375383377075
1735 3.142516613006592
1736 3.3308475017547607
1737 3.2120511531829834
1738 3.0841736793518066
1739 3.022531032562256
1740 3.43904185295105
1741 3.3214781284332275
1742 3.3918590545654297
1743 3.5446250438690186
1744 3.396649122238159
1745 3.5087625980377197
1746 3.4198968410491943
1747 3.4867360591888428
1748 3.5492749214172363
1749 3.635528087615967
1750 3.544299840927124
1751 3.5524306297302246
1752 3.648693561553955
1753 3.378632068634033
1754 3.492464065551758
1755 3.6299874782562256
1756 3.5597329139709473
1757 3.2792158126831055
1758 3.382293701171875
1759 3.3752832412719727
1760 3.587918758392334
1761 3.5273327827453613
1762 3.4489822387695313
1763 3.479764223098755
1764 3.671095371246338
1765 3.6576969623565674
1766 3.889064073562622
1767 3.644770383834839
1768 3.5552830696105957
1769 3.7990775108337402
1770 3.581352710723877
1771 3.4212448596954346
1772 3.494529962539673
1773 3.462489604949951
1774 3.221590518951416
1775 3.2691566944122314
1776 3.6414318084716797
1777 3.337700128555298
1778 3.312260150909424
1779 3.064295768737793
1780 3.1516871452331543
1781 3.105064630508423
1782 3.3421566486358643
1783 3.567086696624756
1784 3.1106717586517334
1785 3.1376724243164063
1786 2.9950153827667236
1787 3.1255381107330322
1788 2.9459104537963867
1789 2.923196315765381
1790 3.094499349594116
1791 3.088503360748291
1792 3.285905599594116
1793 3.2242140769958496
1794 3.1202690601348877
1795 3.0963406562805176
1796 2.9835128784179688
1797 3.229191780090332
1798 2.956343650817871
1799 2.841010808944702
1800 3.1390297412872314
1801 2.7776620388031006
1802 2.971100091934204
1803 3.294978618621826
1804 3.3562989234924316
1805 3.259671211242676
1806 2.946816921234131
1807 2.850224018096924
1808 2.8399555683135986
1809 3.3092310428619385
1810 3.153928756713867
1811 3.0482547283172607
1812 2.79636812210083
1813 2.9472756385803223
1814 3.1620237827301025
1815 3.224113702774048
1816 3.250696897506714
1817 3.2805867195129395
1818 3.8164796829223633
1819 3.638179063796997
1820 3.80800199508667
1821 3.8338170051574707
1822 3.6699445247650146
1823 3.53963565826416
1824 3.8742730617523193
1825 3.407644510269165
1826 3.5388216972351074
1827 3.6000730991363525
1828 3.312947988510132
1829 3.579596519470215
1830 3.4740493297576904
1831 3.355682373046875
1832 3.6999638080596924
1833 3.663836717605591
1834 4.001127243041992
1835 3.988987445831299
1836 3.7980854511260986
1837 3.959134340286255
1838 4.1954803466796875
1839 4.396785259246826
1840 4.252424240112305
1841 3.650568723678589
1842 3.922903537750244
1843 3.67840313911438
1844 3.3474209308624268
1845 3.481626272201538
1846 3.4511148929595947
1847 3.5970754623413086
1848 3.348583698272705
1849 3.50372052192688
1850 3.749877452850342
1851 3.6038661003112793
1852 3.668185234069824
1853 3.500323534011841
1854 3.542379379272461
1855 3.5186424255371094
1856 3.507093906402588
1857 3.362544298171997
1858 3.6388142108917236
1859 3.957376003265381
1860 3.6849987506866455
1861 3.7549052238464355
1862 3.5131263732910156
1863 3.486668586730957
1864 3.291860580444336
1865 3.197723865509033
1866 3.349304676055908
1867 3.5797910690307617
1868 3.6190781593322754
1869 3.8388757705688477
1870 3.7719202041625977
1871 3.6772828102111816
1872 3.686887502670288
1873 3.6443135738372803
1874 4.0000481605529785
1875 3.8161699771881104
1876 3.358734130859375
1877 3.0300095081329346
1878 2.9688761234283447
1879 3.068592071533203
1880 3.2684762477874756
1881 3.1775572299957275
1882 3.4976842403411865
1883 3.423387289047241
1884 3.1232690811157227
1885 2.8183693885803223
1886 2.9247231483459473
1887 2.9226605892181396
1888 2.733487844467163
1889 3.0184314250946045
1890 3.1143698692321777
1891 3.2233691215515137
1892 3.109574317932129
1893 3.229074001312256
1894 3.2507870197296143
1895 3.3188014030456543
1896 3.254931688308716
1897 3.4318668842315674
1898 3.128216028213501
1899 3.171523094177246
1900 3.166801929473877
1901 3.369969129562378
1902 3.214534282684326
1903 2.981710433959961
1904 3.0151407718658447
1905 3.14760160446167
1906 3.070096969604492
1907 3.0804924964904785
1908 3.0694992542266846
1909 3.119476318359375
1910 3.2554869651794434
1911 3.1722891330718994
1912 3.321876287460327
1913 3.0516891479492188
1914 3.2281341552734375
1915 3.2070915699005127
1916 3.543166399002075
1917 3.4612812995910645
1918 3.4432857036590576
1919 3.2464053630828857
1920 3.6069653034210205
1921 3.3063576221466064
1922 3.299931287765503
1923 3.080505132675171
1924 3.0673329830169678
1925 2.9375288486480713
1926 3.1924824714660645
1927 2.8478405475616455
1928 3.1502647399902344
1929 2.9847724437713623
1930 2.886786937713623
1931 3.124385118484497
1932 2.843092679977417
1933 2.898932933807373
1934 2.8695645332336426
1935 2.721170663833618
1936 2.8894951343536377
1937 2.98319411277771
1938 3.082136631011963
1939 3.0794425010681152
1940 2.946096181869507
1941 2.8974761962890625
1942 2.7727859020233154
1943 2.794977903366089
1944 2.9151315689086914
1945 2.896695852279663
1946 2.915621757507324
1947 2.973851442337036
1948 3.011922597885132
1949 3.1697051525115967
1950 3.2246224880218506
1951 3.1581597328186035
1952 3.348705530166626
1953 3.1107029914855957
1954 2.919184684753418
1955 3.278670072555542
1956 3.5235586166381836
1957 3.150865077972412
1958 3.1678006649017334
1959 3.1082494258880615
1960 3.032309055328369
1961 3.099750518798828
1962 3.0509772300720215
1963 3.106907606124878
1964 2.8383522033691406
1965 2.894150733947754
1966 3.149862289428711
1967 3.2700700759887695
1968 3.327199697494507
1969 2.9554760456085205
1970 3.190138816833496
1971 2.7989330291748047
1972 2.6817870140075684
1973 2.628682851791382
1974 2.6229665279388428
1975 2.739184617996216
1976 2.5250658988952637
1977 2.4274866580963135
1978 2.9914908409118652
1979 2.760509729385376
1980 2.786241292953491
1981 2.8173987865448
1982 3.04815673828125
1983 2.9826982021331787
1984 3.0903079509735107
1985 2.9296066761016846
1986 2.9028875827789307
1987 3.073678731918335
1988 2.9995157718658447
1989 2.8532798290252686
1990 2.8880934715270996
1991 2.9361732006073
1992 3.0672168731689453
1993 3.1276402473449707
1994 3.1259262561798096
1995 3.1123828887939453
1996 2.977680206298828
1997 3.056537389755249
1998 3.175534725189209
1999 2.967412233352661
2000 3.084413766860962
2001 2.960718870162964
2002 2.87286376953125
2003 2.7620108127593994
2004 2.7080960273742676
2005 2.7661502361297607
2006 2.695172071456909
2007 2.8232483863830566
2008 2.692093849182129
2009 2.5441226959228516
2010 2.6277098655700684
2011 2.7268130779266357
2012 2.70699143409729
2013 2.5366342067718506
2014 2.5889036655426025
2015 2.7001218795776367
2016 2.7716877460479736
2017 2.9383461475372314
2018 2.5488171577453613
2019 2.736870288848877
2020 3.0249316692352295
2021 2.913992404937744
2022 2.8668265342712402
2023 2.921818256378174
2024 2.9898667335510254
2025 3.180572509765625
2026 3.31734037399292
2027 2.9637856483459473
2028 2.848762035369873
2029 2.9225878715515137
2030 2.9810421466827393
2031 2.959564685821533
2032 2.9408483505249023
2033 2.8729350566864014
2034 2.9051904678344727
2035 2.815824508666992
2036 3.1848301887512207
2037 3.1665799617767334
2038 3.2132582664489746
2039 2.977191209793091
2040 3.4271934032440186
2041 3.2583160400390625
2042 3.062711477279663
2043 3.184361219406128
2044 3.063671827316284
2045 3.0733933448791504
2046 3.0623862743377686
2047 2.818467855453491
2048 2.9843592643737793
2049 3.1878957748413086
2050 3.1390819549560547
2051 2.928331136703491
2052 3.14554500579834
2053 3.036116600036621
2054 3.100461006164551
2055 3.0983364582061768
2056 2.7357823848724365
2057 2.8692774772644043
2058 3.0920021533966064
2059 3.0356616973876953
2060 3.2067296504974365
2061 3.024202823638916
2062 3.152979850769043
2063 3.1764094829559326
2064 3.1065618991851807
2065 3.2793772220611572
2066 3.2474474906921387
2067 3.0608882904052734
2068 3.140941619873047
2069 3.0659289360046387
2070 2.964369058609009
2071 3.053407907485962
2072 3.095764398574829
2073 3.040426015853882
2074 3.1856038570404053
2075 3.1805176734924316
2076 3.358132839202881
2077 3.2420172691345215
2078 3.202741861343384
2079 3.2798211574554443
2080 3.129779815673828
2081 3.2471864223480225
2082 3.124802350997925
2083 3.114717960357666
2084 3.030548334121704
2085 3.136720657348633
2086 3.1830694675445557
2087 3.215961217880249
2088 3.1872456073760986
2089 3.194934129714966
2090 3.3354480266571045
2091 3.3918397426605225
2092 3.212695837020874
2093 3.229802370071411
2094 3.4151508808135986
2095 3.2727184295654297
2096 3.3081352710723877
2097 2.924131393432617
2098 2.9949405193328857
2099 3.137864112854004
2100 3.320324420928955
2101 3.3480968475341797
2102 3.3465070724487305
2103 3.3355631828308105
2104 3.3562657833099365
2105 3.3142142295837402
2106 3.3137309551239014
2107 3.2229549884796143
2108 3.185741662979126
2109 3.3433189392089844
2110 3.116755723953247
2111 3.1997172832489014
2112 3.120354175567627
2113 3.0093581676483154
2114 2.983731508255005
2115 3.0093536376953125
2116 3.1665475368499756
2117 2.730685234069824
2118 2.913032054901123
2119 3.0665745735168457
2120 3.0834128856658936
2121 3.189671277999878
2122 3.2771947383880615
2123 3.185312509536743
2124 2.9607911109924316
2125 3.2262041568756104
2126 2.891343116760254
2127 3.011993646621704
2128 2.908369302749634
2129 2.8859827518463135
2130 2.9441263675689697
2131 2.9066879749298096
2132 2.6362085342407227
2133 2.730849266052246
2134 2.761265516281128
2135 2.9003145694732666
2136 2.8565101623535156
2137 2.792532205581665
2138 2.6622886657714844
2139 2.6729073524475098
2140 2.6921942234039307
2141 3.0265111923217773
2142 2.917741060256958
2143 2.886119842529297
2144 2.877092123031616
2145 2.864391326904297
2146 3.0803768634796143
2147 3.0219616889953613
2148 2.6605076789855957
2149 2.8118526935577393
2150 2.9226160049438477
2151 2.917412281036377
2152 2.9141504764556885
2153 3.0275135040283203
2154 2.9304096698760986
2155 3.0844719409942627
2156 3.1712722778320313
2157 3.310258150100708
2158 3.600853204727173
2159 3.6666693687438965
2160 3.6787219047546387
2161 3.502685546875
2162 3.3152711391448975
2163 3.3631198406219482
2164 3.542742967605591
2165 3.51114821434021
2166 3.5587680339813232
2167 3.416163682937622
2168 3.465582847595215
2169 3.375988721847534
2170 3.3786256313323975
2171 3.1974689960479736
2172 3.246823787689209
2173 3.437021255493164
2174 3.1665427684783936
2175 3.2789039611816406
2176 3.0738584995269775
2177 3.0215160846710205
2178 2.9467923641204834
2179 3.2802207469940186
2180 3.176881790161133
2181 3.220794439315796
2182 3.243727445602417
2183 3.3911962509155273
2184 3.2617061138153076
2185 3.115847587585449
2186 3.1964690685272217
2187 3.1849684715270996
2188 2.8840830326080322
2189 2.946565628051758
2190 2.9821064472198486
2191 3.139932155609131
2192 3.078727960586548
2193 2.9718949794769287
2194 3.2848169803619385
2195 3.3716065883636475
2196 3.2038159370422363
2197 3.0996994972229004
2198 3.160890817642212
2199 3.227301597595215
2200 3.190640926361084
2201 2.9904026985168457
2202 3.3460693359375
2203 3.0317533016204834
2204 3.011125326156616
2205 3.155144453048706
2206 3.0439906120300293
2207 3.4340310096740723
2208 3.1186907291412354
2209 3.2492618560791016
2210 3.1062331199645996
2211 3.0181519985198975
2212 2.876185178756714
2213 2.9987220764160156
2214 2.804436206817627
2215 2.7405667304992676
2216 2.995563268661499
2217 3.207202911376953
2218 2.9597580432891846
2219 2.7891571521759033
2220 2.8682029247283936
2221 3.091587543487549
2222 3.2004377841949463
2223 2.7981395721435547
2224 2.8828959465026855
2225 3.0467207431793213
2226 2.8219175338745117
2227 2.7357709407806396
2228 2.8448541164398193
2229 2.6334245204925537
2230 2.6487815380096436
2231 2.6724488735198975
2232 3.0271944999694824
2233 3.079023599624634
2234 2.867443323135376
2235 2.981196403503418
2236 2.996523380279541
2237 2.985752820968628
2238 2.640158176422119
2239 2.88390851020813
2240 2.7546768188476563
2241 2.88213849067688
2242 2.772249937057495
2243 2.7517783641815186
2244 2.450246572494507
2245 2.691650390625
2246 2.6565957069396973
2247 3.0328118801116943
2248 3.370184898376465
2249 3.277686595916748
2250 3.128608465194702
2251 3.0749595165252686
2252 3.07479190826416
2253 3.150815963745117
2254 2.9114460945129395
2255 2.63360857963562
2256 2.733353614807129
2257 2.8134398460388184
2258 2.763934373855591
2259 2.7189624309539795
2260 2.7624495029449463
2261 2.5749399662017822
2262 2.678792953491211
2263 2.785228729248047
2264 2.8017354011535645
2265 2.664034843444824
2266 2.907335042953491
2267 3.149783134460449
2268 3.1514055728912354
2269 3.4134328365325928
2270 3.3636634349823
2271 3.2560806274414063
2272 3.0178468227386475
2273 3.1604528427124023
2274 3.1956002712249756
2275 3.211235284805298
2276 3.617377758026123
2277 3.5046117305755615
2278 3.5210039615631104
2279 3.6742653846740723
2280 3.2732086181640625
2281 3.357990264892578
2282 3.287996530532837
2283 3.2587180137634277
2284 3.2995901107788086
2285 3.138209581375122
2286 3.2599895000457764
2287 3.2691454887390137
2288 3.1664397716522217
2289 3.1821367740631104
2290 3.2036867141723633
2291 3.0149753093719482
2292 3.090784788131714
2293 3.153738021850586
2294 3.256108522415161
2295 3.104433536529541
2296 3.221525192260742
2297 3.191190242767334
2298 2.8975398540496826
2299 3.0306434631347656
2300 3.096278429031372
2301 3.229673385620117
2302 3.1492836475372314
2303 2.957573413848877
2304 3.1164631843566895
2305 3.2074639797210693
2306 3.1801390647888184
2307 2.932098865509033
2308 3.171210527420044
2309 3.1611742973327637
2310 2.862469434738159
2311 2.99068021774292
2312 2.815777540206909
2313 3.2893145084381104
2314 3.207885265350342
2315 3.2587058544158936
2316 3.1555628776550293
2317 3.1900253295898438
2318 3.354128360748291
2319 3.360945463180542
2320 3.502737283706665
2321 3.3324804306030273
2322 3.23382568359375
2323 3.0831470489501953
2324 3.0969667434692383
2325 3.2279415130615234
2326 3.1002471446990967
2327 3.148916721343994
2328 2.9931833744049072
2329 3.1475517749786377
2330 3.0757009983062744
2331 3.29168963432312
2332 2.888791799545288
2333 3.0775270462036133
2334 2.9814462661743164
2335 2.8598241806030273
2336 3.0157735347747803
2337 2.8488688468933105
2338 3.0561411380767822
2339 3.2529544830322266
2340 2.9275784492492676
2341 3.001990556716919
2342 2.6975619792938232
2343 2.805957317352295
2344 3.0494191646575928
2345 3.0957813262939453
2346 3.0159122943878174
2347 2.881932020187378
2348 2.873286724090576
2349 2.865135669708252
2350 2.6769447326660156
2351 2.609849452972412
2352 2.522736072540283
2353 2.7481658458709717
2354 2.664219379425049
2355 2.721970796585083
2356 2.5935301780700684
2357 2.6364123821258545
2358 2.9326255321502686
2359 2.901846408843994
2360 2.872898578643799
2361 3.119408369064331
2362 2.905445098876953
2363 2.481696844100952
2364 2.581468105316162
2365 2.4167168140411377
2366 2.3891491889953613
2367 2.4234468936920166
2368 2.586977958679199
2369 2.783400535583496
2370 2.8432137966156006
2371 3.180471181869507
2372 2.919753074645996
2373 2.9051082134246826
2374 2.7446043491363525
2375 2.9095325469970703
2376 2.9863228797912598
2377 3.026387929916382
2378 3.1663122177124023
2379 2.841494083404541
2380 2.9439594745635986
2381 2.8051438331604004
2382 2.758239507675171
2383 2.6334121227264404
2384 2.8974673748016357
2385 2.977971315383911
2386 2.9128310680389404
2387 2.911526918411255
2388 2.8145644664764404
2389 2.753563165664673
2390 2.7352705001831055
2391 2.8999412059783936
2392 2.9758663177490234
2393 2.7336227893829346
2394 2.861936092376709
2395 2.840130567550659
2396 3.2703495025634766
2397 3.1312057971954346
2398 2.9794530868530273
2399 2.6443567276000977
2400 2.660372734069824
2401 2.579888105392456
2402 2.476224660873413
2403 3.0766427516937256
2404 2.9218549728393555
2405 2.649296522140503
2406 2.7978122234344482
2407 2.755471706390381
2408 2.765532970428467
2409 2.746856451034546
2410 2.835996627807617
2411 2.835570812225342
2412 2.6816234588623047
2413 2.5328500270843506
2414 2.8134796619415283
2415 2.7589571475982666
2416 2.8440370559692383
2417 2.9102089405059814
2418 2.7152466773986816
2419 3.056126356124878
2420 3.0433197021484375
2421 2.6311886310577393
2422 2.6015396118164063
2423 2.7934396266937256
2424 2.98625111579895
2425 2.755894184112549
2426 3.110111713409424
2427 2.8300845623016357
2428 2.778500556945801
2429 2.8337960243225098
2430 2.81636905670166
2431 2.608401298522949
2432 2.6876492500305176
2433 2.7792630195617676
2434 2.706281900405884
2435 2.914405107498169
2436 2.9097368717193604
2437 2.9380135536193848
2438 2.7709062099456787
2439 2.9968276023864746
2440 2.797733783721924
2441 3.079301118850708
2442 2.895451545715332
2443 2.6554765701293945
2444 2.8797876834869385
2445 3.0344929695129395
2446 2.7910633087158203
2447 3.042144298553467
2448 2.7674434185028076
2449 3.0956146717071533
2450 3.225292682647705
2451 2.4701831340789795
2452 2.518784761428833
2453 2.5427637100219727
2454 2.7273356914520264
2455 2.45350980758667
2456 2.395925283432007
2457 2.69936466217041
2458 2.5556411743164063
2459 2.6993534564971924
2460 2.5272140502929688
2461 2.688666343688965
2462 2.5528643131256104
2463 2.88065767288208
2464 2.9406473636627197
2465 2.6787784099578857
2466 2.8165364265441895
2467 2.6145899295806885
2468 2.9984076023101807
2469 2.6361992359161377
2470 2.732454776763916
2471 2.9580752849578857
2472 2.8396048545837402
2473 2.830956220626831
2474 2.6832950115203857
2475 2.712087869644165
2476 2.9315385818481445
2477 2.664954900741577
2478 2.622694969177246
2479 2.8256208896636963
2480 2.717355489730835
2481 2.8826799392700195
2482 3.014286756515503
2483 2.889641523361206
2484 2.575345039367676
2485 2.6241140365600586
2486 2.6940622329711914
2487 2.4891746044158936
2488 2.858494758605957
2489 2.839245319366455
2490 2.585818290710449
2491 2.597156524658203
2492 2.790255069732666
2493 2.85239577293396
2494 2.7192184925079346
2495 3.0478129386901855
2496 2.8531508445739746
2497 2.893953561782837
2498 2.540912389755249
2499 2.5677330493927
2500 2.6409549713134766
2501 2.5068910121917725
2502 2.4189155101776123
2503 2.561340093612671
2504 2.706223487854004
2505 2.6796505451202393
2506 2.669356107711792
2507 2.735844850540161
2508 2.90325665473938
2509 3.1372032165527344
2510 2.7722251415252686
2511 2.5715415477752686
2512 2.814164161682129
2513 2.6618764400482178
2514 2.649737596511841
2515 2.715318202972412
2516 2.600294589996338
2517 2.876640796661377
2518 2.9140117168426514
2519 2.8176376819610596
2520 2.7719266414642334
2521 2.8209095001220703
2522 2.8147878646850586
2523 2.693972110748291
2524 2.779428243637085
2525 3.1563875675201416
2526 3.1175413131713867
2527 3.0133748054504395
2528 2.9729626178741455
2529 2.7593727111816406
2530 3.0501515865325928
2531 3.179363489151001
2532 3.1337361335754395
2533 3.126721143722534
2534 2.8899829387664795
2535 2.986250400543213
2536 3.0776455402374268
2537 3.0842299461364746
2538 3.0030133724212646
2539 3.096569538116455
2540 3.0014564990997314
2541 2.698953866958618
2542 2.954502582550049
2543 3.0653696060180664
2544 3.208354949951172
2545 3.2845706939697266
2546 3.2797157764434814
2547 3.298668622970581
2548 2.9999284744262695
2549 3.029362440109253
2550 2.7379212379455566
2551 2.6986682415008545
2552 2.7694554328918457
2553 2.8134689331054688
2554 2.8095293045043945
2555 2.926319122314453
2556 2.75425124168396
2557 2.783155679702759
2558 2.8411319255828857
2559 2.834256649017334
2560 2.9050679206848145
2561 2.8234500885009766
2562 2.6309046745300293
2563 2.6135120391845703
2564 2.5417630672454834
2565 2.5926661491394043
2566 2.58651065826416
2567 2.84148907661438
2568 2.879878282546997
2569 2.874546766281128
2570 2.8969244956970215
2571 2.681558132171631
2572 2.5588161945343018
2573 2.9373044967651367
2574 2.858752489089966
2575 2.7427210807800293
2576 2.629232406616211
2577 2.538996696472168
2578 2.59376859664917
2579 2.577720880508423
2580 2.6431548595428467
2581 2.6462903022766113
2582 2.385143518447876
2583 2.3488128185272217
2584 2.3076488971710205
2585 2.4027090072631836
2586 2.4792282581329346
2587 2.4558815956115723
2588 2.3588151931762695
2589 2.2912209033966064
2590 2.5166244506835938
2591 2.434576988220215
2592 2.471446990966797
2593 2.7981104850769043
2594 3.1112465858459473
2595 3.0564358234405518
2596 2.688804864883423
2597 2.680983543395996
2598 2.68670654296875
2599 3.0577189922332764
2600 3.1136083602905273
2601 3.007974863052368
2602 2.7880492210388184
2603 2.9677958488464355
2604 2.6080944538116455
2605 2.8051843643188477
2606 2.636432647705078
2607 2.5457303524017334
2608 2.39945125579834
2609 2.83976149559021
2610 2.650272846221924
2611 2.626067876815796
2612 3.2282233238220215
2613 3.004498243331909
2614 2.9466214179992676
2615 2.8988707065582275
2616 3.1035475730895996
2617 3.0889453887939453
2618 2.88889741897583
2619 2.674886703491211
2620 2.5102107524871826
2621 2.4516334533691406
2622 2.6215577125549316
2623 2.6305153369903564
2624 2.5715456008911133
2625 2.5731074810028076
2626 2.753598928451538
2627 2.6783485412597656
2628 2.7359416484832764
2629 2.6289708614349365
2630 2.737593173980713
2631 2.5334954261779785
2632 2.7590208053588867
2633 2.688988447189331
2634 2.7915661334991455
2635 2.813732862472534
2636 2.7235515117645264
2637 2.855713367462158
2638 2.726093292236328
2639 2.678849935531616
2640 2.4446191787719727
2641 2.5414252281188965
2642 2.4853875637054443
2643 2.525740623474121
2644 2.5540685653686523
2645 2.710643768310547
2646 2.377626895904541
2647 2.425053358078003
2648 2.53845477104187
2649 2.782261371612549
2650 2.733905792236328
2651 2.5475282669067383
2652 2.552184581756592
2653 2.6102750301361084
2654 2.469421625137329
2655 2.3424832820892334
2656 2.399745464324951
2657 2.5414481163024902
2658 2.8039562702178955
2659 2.676381826400757
2660 2.6370186805725098
2661 2.7773053646087646
2662 2.723438262939453
2663 2.6943647861480713
2664 2.8665125370025635
2665 2.7195661067962646
2666 2.7348110675811768
2667 2.7980458736419678
2668 2.989863395690918
2669 2.772655725479126
2670 2.8159751892089844
2671 2.9297451972961426
2672 2.8071608543395996
2673 2.844236373901367
2674 3.295137882232666
2675 3.2761173248291016
2676 3.3280889987945557
2677 3.1981592178344727
2678 2.8928868770599365
2679 2.8242485523223877
2680 2.899386167526245
2681 3.030956506729126
2682 2.7004780769348145
2683 2.980454683303833
2684 2.821075677871704
2685 2.867553949356079
2686 3.0461859703063965
2687 2.743431329727173
2688 2.641589879989624
2689 2.589442014694214
2690 2.762732982635498
2691 2.828068256378174
2692 2.7178595066070557
2693 3.026689291000366
2694 2.8623058795928955
2695 2.9274346828460693
2696 2.9357147216796875
2697 3.017587900161743
2698 3.056593656539917
2699 3.03252911567688
2700 3.110633611679077
2701 3.31164288520813
2702 2.999864339828491
2703 2.8977854251861572
2704 2.760124444961548
2705 2.6458399295806885
2706 2.583460569381714
2707 2.840205669403076
2708 3.276275873184204
2709 3.049997568130493
2710 3.2547430992126465
2711 3.178368091583252
2712 3.4155571460723877
2713 3.041797399520874
2714 2.7176554203033447
2715 2.8034143447875977
2716 2.639458179473877
2717 2.538609027862549
2718 2.909719944000244
2719 3.013909101486206
2720 2.8353822231292725
2721 2.8635175228118896
2722 2.893622875213623
2723 2.7666563987731934
2724 3.0582659244537354
2725 3.1203815937042236
2726 2.974684953689575
2727 2.85349440574646
2728 2.830888271331787
2729 2.8689041137695313
2730 2.595629930496216
2731 2.9180490970611572
2732 2.86745023727417
2733 2.585731267929077
2734 2.578294038772583
2735 2.5799810886383057
2736 2.39501953125
2737 2.697760581970215
2738 2.6991665363311768
2739 2.8027069568634033
2740 3.1363911628723145
2741 2.882624387741089
2742 2.774043321609497
2743 2.838547945022583
2744 2.8693363666534424
2745 2.8392415046691895
2746 2.733741044998169
2747 3.0219154357910156
2748 2.8621938228607178
2749 2.592479944229126
2750 2.562180280685425
2751 2.6195545196533203
2752 2.7824251651763916
2753 2.79117751121521
2754 2.738046407699585
2755 3.0269110202789307
2756 3.1666877269744873
2757 2.986628293991089
2758 2.564626693725586
2759 2.7063002586364746
2760 2.936192274093628
2761 2.878967761993408
2762 2.8061156272888184
2763 2.650249719619751
2764 2.647477626800537
2765 2.8273777961730957
2766 2.63512921333313
2767 2.849825620651245
2768 2.953835964202881
2769 3.037914752960205
2770 3.0863258838653564
2771 3.2757837772369385
2772 3.331181287765503
2773 3.421100378036499
2774 3.3881983757019043
2775 3.3820266723632813
2776 3.355109214782715
2777 3.52524471282959
2778 3.4980783462524414
2779 3.3769681453704834
2780 3.054466724395752
2781 3.214600086212158
2782 3.2448346614837646
2783 3.1967594623565674
2784 3.0126876831054688
2785 2.956538200378418
2786 2.838791847229004
2787 3.024519920349121
2788 3.2114834785461426
2789 2.9292845726013184
2790 3.0110952854156494
2791 3.2207751274108887
2792 3.0493290424346924
2793 2.9763834476470947
2794 2.6941659450531006
2795 2.975229024887085
2796 2.8466391563415527
2797 2.8068735599517822
2798 2.853132724761963
2799 3.1239333152770996
2800 3.0976390838623047
2801 2.7943058013916016
2802 2.6826837062835693
2803 2.6792428493499756
2804 2.7151081562042236
2805 2.8750832080841064
2806 2.7060940265655518
2807 2.7806344032287598
2808 2.7484867572784424
2809 2.723057270050049
2810 2.622520685195923
2811 2.7818164825439453
2812 2.754063129425049
2813 2.80039644241333
2814 2.8176112174987793
2815 2.699632167816162
2816 2.5987751483917236
2817 2.4134278297424316
2818 2.4972891807556152
2819 2.2418081760406494
2820 2.2987406253814697
2821 2.27601957321167
2822 2.332185983657837
2823 2.3249549865722656
2824 2.4078125953674316
2825 2.6673638820648193
2826 2.942401170730591
2827 2.887413501739502
2828 3.0109853744506836
2829 2.7904064655303955
2830 2.9778215885162354
2831 2.7331347465515137
2832 3.1678738594055176
2833 3.1069130897521973
2834 3.314556121826172
2835 3.1519064903259277
2836 2.954246997833252
2837 3.181633234024048
2838 3.1831696033477783
2839 3.1038904190063477
2840 3.132664203643799
2841 3.012305498123169
2842 2.9650635719299316
2843 3.216135263442993
2844 3.1290931701660156
2845 3.0114426612854004
2846 3.180487632751465
2847 3.1398699283599854
2848 3.4643614292144775
2849 3.297992706298828
2850 3.3338465690612793
2851 3.3588738441467285
2852 3.4843783378601074
2853 3.145735502243042
2854 3.3482818603515625
2855 3.0843989849090576
2856 3.100140333175659
2857 2.9104843139648438
2858 2.7106680870056152
2859 2.7868528366088867
2860 2.8112363815307617
2861 2.6497890949249268
2862 2.7941932678222656
2863 2.8954272270202637
2864 2.732710361480713
2865 2.580294609069824
2866 2.5543363094329834
2867 2.808622360229492
2868 2.798250675201416
2869 2.5284204483032227
2870 2.721503734588623
2871 2.9842629432678223
2872 2.8776822090148926
2873 2.936765670776367
2874 2.7901298999786377
2875 2.5262551307678223
2876 2.685508966445923
2877 2.534130573272705
2878 2.4790005683898926
2879 2.5631730556488037
2880 2.5517776012420654
2881 2.5228686332702637
2882 2.503957986831665
2883 2.4917261600494385
2884 2.5641772747039795
2885 2.4894375801086426
2886 2.5257790088653564
2887 2.512788772583008
2888 2.633237600326538
2889 2.7348148822784424
2890 2.694105386734009
2891 2.739097833633423
2892 2.8260269165039063
2893 2.549893379211426
2894 3.064551830291748
2895 3.0120885372161865
2896 3.1162948608398438
2897 2.825740337371826
2898 2.7811641693115234
2899 2.4972238540649414
2900 2.592592477798462
2901 2.814621686935425
2902 2.713259696960449
2903 2.8162038326263428
2904 2.926363945007324
2905 2.8161191940307617
2906 2.704641103744507
2907 2.814023971557617
2908 2.677053928375244
2909 2.714406728744507
2910 2.5764195919036865
2911 2.5957000255584717
2912 2.7258167266845703
2913 2.739501476287842
2914 2.510510206222534
2915 2.513228178024292
2916 2.451090097427368
2917 2.435067892074585
2918 2.607266426086426
2919 2.4938876628875732
2920 2.6680188179016113
2921 2.505181312561035
2922 2.56303071975708
2923 2.5174708366394043
2924 2.614588499069214
2925 2.750192165374756
2926 2.537567138671875
2927 2.7003581523895264
2928 2.664799690246582
2929 2.881690263748169
2930 2.636274814605713
2931 2.56300687789917
2932 2.576265335083008
2933 2.6114072799682617
2934 2.7205429077148438
2935 2.568251848220825
2936 2.6059319972991943
2937 2.146362066268921
2938 2.180161952972412
2939 2.27932071685791
2940 2.550924062728882
2941 2.325115203857422
2942 2.467881441116333
2943 2.3780393600463867
2944 2.3161938190460205
2945 2.5290257930755615
2946 2.4900147914886475
2947 2.5771656036376953
2948 2.271599769592285
2949 2.7564823627471924
2950 2.6793622970581055
2951 2.7761659622192383
2952 2.836080312728882
2953 2.4624712467193604
2954 2.5493807792663574
2955 2.7356088161468506
2956 2.7685694694519043
2957 2.8090972900390625
2958 2.6131668090820313
2959 2.4756476879119873
2960 2.5012266635894775
2961 2.590684652328491
2962 2.735344886779785
2963 2.652226448059082
2964 2.9082705974578857
2965 2.9641497135162354
2966 2.8822736740112305
2967 2.5855941772460938
2968 2.705578088760376
2969 2.764770030975342
2970 2.611082077026367
2971 2.667283535003662
2972 2.521995782852173
2973 2.776644468307495
2974 2.7298085689544678
2975 2.8490679264068604
2976 3.165666103363037
2977 3.162121534347534
2978 3.228511333465576
2979 3.214421033859253
2980 3.1658945083618164
2981 2.9356849193573
2982 2.9994750022888184
2983 2.93581485748291
2984 2.7206292152404785
2985 2.9771037101745605
2986 2.83803391456604
2987 2.761216878890991
2988 2.603527069091797
2989 2.7135226726531982
2990 2.688427448272705
2991 2.7400903701782227
2992 2.6231589317321777
2993 2.593435525894165
2994 2.6162381172180176
2995 2.7390999794006348
2996 2.8319008350372314
2997 3.0672061443328857
2998 2.9521031379699707
2999 3.0545883178710938
3000 3.504857063293457
3001 3.411808490753174
3002 3.385587215423584
3003 3.2855823040008545
3004 3.2823739051818848
3005 3.3598904609680176
3006 3.002636432647705
3007 3.1866817474365234
3008 3.083487033843994
3009 3.091942071914673
3010 2.981696844100952
3011 3.180077314376831
3012 3.1305787563323975
3013 3.0104501247406006
3014 2.8977835178375244
3015 2.653996229171753
3016 2.932000160217285
3017 2.9644250869750977
3018 3.1213555335998535
3019 3.0239241123199463
3020 2.750624895095825
3021 2.733327627182007
3022 2.652378559112549
3023 2.7149274349212646
3024 2.905329704284668
3025 2.931772470474243
3026 3.0995635986328125
3027 2.9167799949645996
3028 2.732743501663208
3029 2.9274842739105225
3030 2.9655046463012695
3031 2.95017671585083
3032 3.2570371627807617
3033 3.1604740619659424
3034 3.048086404800415
3035 3.2615532875061035
3036 3.0039424896240234
3037 2.9212021827697754
3038 2.8783888816833496
3039 2.892918586730957
3040 3.2215771675109863
3041 3.1016621589660645
3042 3.090956449508667
3043 3.233105421066284
3044 3.4738640785217285
3045 3.128896951675415
3046 3.2714011669158936
3047 3.0764126777648926
3048 3.107459545135498
3049 3.207817554473877
3050 2.883906841278076
3051 3.040431261062622
3052 3.1379427909851074
3053 2.9575021266937256
3054 3.1146960258483887
3055 2.7091047763824463
3056 2.820993185043335
3057 2.8698503971099854
3058 2.7028579711914063
3059 2.843067169189453
3060 2.778507947921753
3061 2.758228302001953
3062 3.058100700378418
3063 3.1045000553131104
3064 2.7583389282226563
3065 2.7103466987609863
3066 2.929229736328125
3067 2.986527919769287
3068 2.9334421157836914
3069 2.887791633605957
3070 2.6351115703582764
3071 2.9005041122436523
3072 2.6272101402282715
3073 2.6278574466705322
3074 2.7293734550476074
3075 2.7000157833099365
3076 2.625195264816284
3077 2.687325954437256
3078 2.721237897872925
3079 2.7904298305511475
3080 2.8594112396240234
3081 2.9230797290802
3082 2.6303539276123047
3083 2.6522347927093506
3084 2.787659168243408
3085 2.9767215251922607
3086 3.0706751346588135
3087 2.9119250774383545
3088 2.8809585571289063
3089 3.1564412117004395
3090 3.004640579223633
3091 2.7381844520568848
3092 2.7652132511138916
3093 2.7578811645507813
3094 2.8187479972839355
3095 2.505345344543457
3096 2.5711448192596436
3097 2.827025890350342
3098 2.906100034713745
3099 2.733689546585083
3100 2.742936849594116
3101 2.6070802211761475
3102 2.5576155185699463
3103 2.709989309310913
3104 2.3876953125
3105 2.513937473297119
3106 2.491177558898926
3107 2.67738676071167
3108 2.8329555988311768
3109 2.929562568664551
3110 2.641702651977539
3111 2.589141607284546
3112 2.890377998352051
3113 2.7344937324523926
3114 2.75582218170166
3115 2.910898447036743
3116 2.90248703956604
3117 2.9233295917510986
3118 2.9035580158233643
3119 2.8230600357055664
3120 2.7342422008514404
3121 2.6182126998901367
3122 2.603573799133301
3123 2.457662582397461
3124 2.632737874984741
3125 2.635514497756958
3126 2.4692070484161377
3127 2.582202911376953
3128 2.6640725135803223
3129 2.5303092002868652
3130 2.603800058364868
3131 2.9073903560638428
3132 2.4878969192504883
3133 2.6171319484710693
3134 2.4574978351593018
3135 2.665898561477661
3136 2.672952651977539
3137 2.6549997329711914
3138 2.7051753997802734
3139 2.366180419921875
3140 2.4355804920196533
3141 2.324641466140747
3142 2.5962345600128174
3143 2.580977201461792
3144 2.6954474449157715
3145 2.8289005756378174
3146 2.8233067989349365
3147 2.7222254276275635
3148 2.7301454544067383
3149 2.4690847396850586
3150 2.868687391281128
3151 3.0155882835388184
3152 3.061163902282715
3153 3.0811519622802734
3154 2.807380199432373
3155 2.5870368480682373
3156 2.8170549869537354
3157 2.9699690341949463
3158 2.8841943740844727
3159 2.795774459838867
3160 2.802978992462158
3161 2.7499382495880127
3162 2.7403311729431152
3163 2.624166250228882
3164 2.737825632095337
3165 2.762509822845459
3166 2.9352669715881348
3167 2.8774807453155518
3168 2.632869005203247
3169 2.581437587738037
3170 2.8779656887054443
3171 2.8470206260681152
3172 3.0112318992614746
3173 2.8891067504882813
3174 2.9652693271636963
3175 2.991448402404785
3176 3.1529078483581543
3177 2.6866297721862793
3178 2.7611327171325684
3179 2.9406650066375732
3180 2.7025909423828125
3181 2.7060530185699463
3182 2.968289852142334
3183 2.922236204147339
3184 2.60719895362854
3185 2.707073926925659
3186 2.747828960418701
3187 2.8818016052246094
3188 2.7525594234466553
3189 2.4796862602233887
3190 2.5097570419311523
3191 2.5278968811035156
3192 2.636361837387085
3193 2.591763496398926
3194 2.6708898544311523
3195 2.7750253677368164
3196 2.922820568084717
3197 2.8774850368499756
3198 2.8253512382507324
3199 2.6479055881500244
3200 2.8537437915802
3201 2.917551279067993
3202 2.962073564529419
3203 2.809957504272461
3204 2.9143247604370117
3205 2.801586866378784
3206 2.7187271118164063
3207 2.609135389328003
3208 2.515366315841675
3209 2.436800003051758
3210 2.672241449356079
3211 2.6453847885131836
3212 2.5433902740478516
3213 2.5622360706329346
3214 2.6060221195220947
3215 2.860203742980957
3216 2.7381174564361572
3217 2.61993145942688
3218 2.8216381072998047
3219 2.8026301860809326
3220 2.7610440254211426
3221 2.5521440505981445
3222 2.5625360012054443
3223 2.6896519660949707
3224 2.9418346881866455
3225 2.709465503692627
3226 2.8922135829925537
3227 3.1821887493133545
3228 2.99761700630188
3229 3.178288221359253
3230 3.446604013442993
3231 3.578382968902588
3232 3.603647232055664
3233 3.441176652908325
3234 3.084773063659668
3235 3.0250306129455566
3236 2.8181583881378174
3237 2.962271213531494
3238 2.9188997745513916
3239 2.7339389324188232
3240 2.8118896484375
3241 3.141857862472534
3242 3.1145830154418945
3243 2.968644380569458
3244 3.0316991806030273
3245 2.922217845916748
3246 3.2130093574523926
3247 3.294074296951294
3248 2.9840826988220215
3249 2.735203981399536
3250 2.556514024734497
3251 2.809565782546997
3252 2.751124382019043
3253 2.777357578277588
3254 2.888584852218628
3255 2.5951523780822754
3256 2.577544927597046
3257 2.774362325668335
3258 2.894878387451172
3259 2.8901331424713135
3260 2.698840856552124
3261 3.0536320209503174
3262 2.829904556274414
3263 2.7262837886810303
3264 2.657942533493042
3265 2.924650192260742
3266 2.998598098754883
3267 2.973978042602539
3268 2.786756753921509
3269 2.662144660949707
3270 2.659425973892212
3271 2.885586977005005
3272 2.6223056316375732
3273 2.675229787826538
3274 2.8184115886688232
3275 2.946516752243042
3276 2.616788864135742
3277 2.6831107139587402
3278 2.7441234588623047
3279 2.7672903537750244
3280 3.059166669845581
3281 3.2113518714904785
3282 3.1785287857055664
3283 2.7220230102539063
3284 2.8531837463378906
3285 2.6044182777404785
3286 2.7269492149353027
3287 2.6641292572021484
3288 2.4886326789855957
3289 2.6032116413116455
3290 2.7725179195404053
3291 2.6516594886779785
3292 2.820129156112671
3293 2.8800647258758545
3294 2.7514357566833496
3295 2.8044025897979736
3296 2.8475542068481445
3297 2.8949127197265625
3298 3.0152440071105957
3299 2.8688650131225586
3300 2.764585494995117
3301 2.789106607437134
3302 2.8660542964935303
3303 2.9517390727996826
3304 3.058831214904785
3305 3.058025360107422
3306 3.054616689682007
3307 3.0960073471069336
3308 3.3430473804473877
3309 3.0814430713653564
3310 2.964923143386841
3311 3.134704113006592
3312 3.214966297149658
3313 3.1429805755615234
3314 2.6913352012634277
3315 2.6440787315368652
3316 2.7738025188446045
3317 2.6827831268310547
3318 2.731663942337036
3319 2.9763805866241455
3320 2.6639628410339355
3321 2.752952814102173
3322 2.765122652053833
3323 2.802398681640625
3324 3.0272574424743652
3325 2.9017558097839355
3326 2.6984779834747314
3327 2.896836042404175
3328 3.0336647033691406
3329 2.7823479175567627
3330 2.8579518795013428
3331 3.251417636871338
3332 2.9274795055389404
3333 2.948927402496338
3334 3.085282564163208
3335 3.0326216220855713
3336 3.245817184448242
3337 3.3500733375549316
3338 3.1574525833129883
3339 3.181265115737915
3340 2.990422487258911
3341 2.9192893505096436
3342 2.7481911182403564
3343 3.0050909519195557
3344 3.3251760005950928
3345 3.3884479999542236
3346 3.4511818885803223
3347 3.0469858646392822
3348 3.0183844566345215
3349 3.2096877098083496
3350 3.022414207458496
3351 3.2298147678375244
3352 3.307323694229126
3353 3.5035855770111084
3354 3.2631938457489014
3355 3.5238935947418213
3356 3.613865375518799
3357 3.4050936698913574
3358 3.2158031463623047
3359 3.33398699760437
3360 3.3338449001312256
3361 3.6622326374053955
3362 3.7071573734283447
3363 3.72109055519104
3364 3.668677806854248
3365 3.491133213043213
3366 3.3898370265960693
3367 3.1403250694274902
3368 3.4372103214263916
3369 3.321739673614502
3370 3.1544864177703857
3371 2.9641590118408203
3372 2.9848508834838867
3373 3.27860164642334
3374 3.339877128601074
3375 3.6150360107421875
3376 3.5249953269958496
3377 3.1930994987487793
3378 3.1923999786376953
3379 3.285123348236084
3380 3.575538158416748
3381 3.3844759464263916
3382 3.400991678237915
3383 3.6183767318725586
3384 3.7988076210021973
3385 3.5114517211914063
3386 3.228015184402466
3387 3.4767978191375732
3388 3.321012258529663
3389 3.1703593730926514
3390 3.1706347465515137
3391 3.2327818870544434
3392 3.517486333847046
3393 3.0831563472747803
3394 2.99411678314209
3395 3.24461030960083
3396 3.137721538543701
3397 3.284060478210449
3398 3.3724658489227295
3399 3.4759445190429688
3400 3.416421413421631
3401 3.448406934738159
3402 3.2683143615722656
3403 2.9576516151428223
3404 3.0315258502960205
3405 2.9755218029022217
3406 3.0576674938201904
3407 3.0282084941864014
3408 2.9909508228302
3409 3.0456950664520264
3410 3.2644271850585938
3411 3.1299691200256348
3412 2.969554901123047
3413 2.9554779529571533
3414 2.670742988586426
3415 3.0278093814849854
3416 3.2658658027648926
3417 3.211336612701416
3418 2.945852279663086
3419 2.9533653259277344
3420 3.0048301219940186
3421 2.9352002143859863
3422 2.937436819076538
3423 3.0227208137512207
3424 3.0944135189056396
3425 2.992532968521118
3426 3.0867671966552734
3427 3.340970277786255
3428 3.162633180618286
3429 2.845679759979248
3430 2.8453173637390137
3431 2.9902865886688232
3432 2.8919014930725098
3433 2.925686836242676
3434 2.7832953929901123
3435 2.8803837299346924
3436 3.1261050701141357
3437 2.8647220134735107
3438 3.2387278079986572
3439 3.0434858798980713
3440 3.041069984436035
3441 3.178779363632202
3442 3.1318445205688477
3443 3.2234580516815186
3444 3.161386489868164
3445 3.1556591987609863
3446 2.9623892307281494
3447 3.04549241065979
3448 3.0642409324645996
3449 2.82383394241333
3450 2.848989725112915
3451 3.106893301010132
3452 2.8676557540893555
3453 2.8925063610076904
3454 2.87966251373291
3455 2.958682060241699
3456 3.088505983352661
3457 2.951953172683716
3458 3.2156453132629395
3459 3.0938947200775146
3460 3.1031227111816406
3461 3.5579423904418945
3462 3.1726410388946533
3463 3.26523756980896
3464 3.0729410648345947
3465 3.225484609603882
3466 3.10272216796875
3467 2.8889095783233643
3468 3.0769264698028564
3469 3.0176827907562256
3470 3.0565202236175537
3471 3.2124202251434326
3472 3.3690619468688965
3473 3.427706241607666
3474 3.533900737762451
3475 3.292571783065796
3476 3.043146848678589
3477 3.0542635917663574
3478 3.1856064796447754
3479 2.9772655963897705
3480 2.906257152557373
3481 3.096977710723877
3482 3.3280322551727295
3483 3.205416440963745
3484 3.0327329635620117
3485 3.039191722869873
3486 2.98209547996521
3487 3.066685438156128
3488 3.006855010986328
3489 2.9899375438690186
3490 3.069173812866211
3491 2.9673011302948
3492 2.9286694526672363
3493 2.9429588317871094
3494 3.2929604053497314
3495 3.303621292114258
3496 3.1926116943359375
3497 2.984994411468506
3498 3.031923770904541
3499 2.956728935241699
3500 3.0193920135498047
3501 2.867581844329834
3502 2.955206871032715
3503 3.186717987060547
3504 3.3347420692443848
3505 3.0329349040985107
3506 2.914262056350708
3507 3.015807867050171
3508 3.2033228874206543
3509 3.2266244888305664
3510 3.1710093021392822
3511 3.3488872051239014
3512 2.922891616821289
3513 3.026319742202759
3514 3.3276710510253906
3515 3.179021120071411
3516 3.165540933609009
3517 2.9261624813079834
3518 2.8567700386047363
3519 2.816429615020752
3520 3.045717239379883
3521 2.9521095752716064
3522 3.013660192489624
3523 3.2475643157958984
3524 3.3349647521972656
3525 3.1150946617126465
3526 2.9629712104797363
3527 3.174372911453247
3528 3.214991807937622
3529 3.3535516262054443
3530 3.100916624069214
3531 3.1839654445648193
3532 3.1374988555908203
3533 3.1041927337646484
3534 3.0116143226623535
3535 2.840677261352539
3536 2.6620500087738037
3537 2.834153890609741
3538 2.8998842239379883
3539 2.681814670562744
3540 2.803924083709717
3541 2.7843494415283203
3542 2.8128998279571533
3543 2.973970890045166
3544 2.7745094299316406
3545 3.0454165935516357
3546 2.963456153869629
3547 3.0969202518463135
3548 3.0657029151916504
3549 3.0362837314605713
3550 2.9661266803741455
3551 2.87796950340271
3552 2.8632898330688477
3553 2.733668804168701
3554 2.883570909500122
3555 3.036118745803833
3556 3.1744518280029297
3557 3.4290988445281982
3558 3.3863232135772705
3559 3.2169957160949707
3560 2.994778871536255
3561 3.047591209411621
3562 3.1058638095855713
3563 3.116792678833008
3564 3.27584171295166
3565 3.1152448654174805
3566 3.216367483139038
3567 3.122338056564331
3568 3.028181314468384
3569 2.8954219818115234
3570 2.9884586334228516
3571 2.9253580570220947
3572 2.851270914077759
3573 2.6698999404907227
3574 2.99815034866333
3575 3.0740363597869873
3576 2.9640450477600098
3577 3.1051013469696045
3578 2.9903292655944824
3579 3.074101686477661
3580 2.997807502746582
3581 2.7951951026916504
3582 2.8762073516845703
3583 2.770852565765381
3584 2.6889030933380127
3585 2.7337217330932617
3586 2.63297176361084
3587 2.4388961791992188
3588 2.6912732124328613
3589 2.8285162448883057
3590 2.8073387145996094
3591 2.652599573135376
3592 2.7591824531555176
3593 2.6560168266296387
3594 2.6164700984954834
3595 2.9049458503723145
3596 2.664665460586548
3597 2.5104901790618896
3598 2.5985755920410156
3599 2.7015204429626465
3600 2.9293813705444336
3601 2.931898593902588
3602 2.8756940364837646
3603 3.1254546642303467
3604 3.077967405319214
3605 3.412585973739624
3606 3.248579502105713
3607 3.303295373916626
3608 3.1564881801605225
3609 3.2662346363067627
3610 3.0239405632019043
3611 2.7607057094573975
3612 2.837228775024414
3613 2.8262903690338135
3614 2.663153886795044
3615 2.6248579025268555
3616 2.5051798820495605
3617 2.5110971927642822
3618 2.7183754444122314
3619 2.911836624145508
3620 2.8688454627990723
3621 3.225013494491577
3622 3.2740659713745117
3623 3.070739984512329
3624 3.313443899154663
3625 3.420924186706543
3626 3.316622257232666
3627 3.4380266666412354
3628 3.282210111618042
3629 3.3161978721618652
3630 3.5930612087249756
3631 3.44230318069458
3632 3.591674566268921
3633 3.463317394256592
3634 3.0614259243011475
3635 2.9674267768859863
3636 3.167980909347534
3637 3.139756441116333
3638 3.094252347946167
3639 3.005673408508301
3640 3.1082167625427246
3641 2.965555429458618
3642 2.993671178817749
3643 2.993140697479248
3644 2.919724702835083
3645 3.0506186485290527
3646 2.9389054775238037
3647 2.9930176734924316
3648 2.6802947521209717
3649 2.917787551879883
3650 2.908054828643799
3651 2.8719801902770996
3652 3.2631149291992188
3653 3.232285976409912
3654 3.3772671222686768
3655 3.2830650806427
3656 3.353463649749756
3657 3.353498935699463
3658 3.4749648571014404
3659 3.267869472503662
3660 3.320899724960327
3661 3.3355727195739746
3662 3.298819065093994
3663 2.938965320587158
3664 3.0494213104248047
3665 3.2439398765563965
3666 2.98410701751709
3667 2.962484359741211
3668 2.963550090789795
3669 3.0625522136688232
3670 3.3063714504241943
3671 3.3452930450439453
3672 3.3428523540496826
3673 4.135597229003906
3674 4.242147445678711
3675 4.086166858673096
3676 3.9247679710388184
3677 3.9925570487976074
3678 3.6774611473083496
3679 3.4694178104400635
3680 3.637258291244507
3681 3.49371600151062
3682 3.3378746509552
3683 3.180929183959961
3684 3.2723581790924072
3685 3.3329274654388428
3686 3.1832995414733887
3687 3.376358985900879
3688 3.244659185409546
3689 3.687253475189209
3690 3.55490779876709
3691 3.4486002922058105
3692 3.5051193237304688
3693 3.490309953689575
3694 3.4169442653656006
3695 3.6586039066314697
3696 3.4711413383483887
3697 3.4942049980163574
3698 3.2260677814483643
3699 3.2163472175598145
3700 3.4909186363220215
3701 3.532290458679199
3702 3.7039191722869873
3703 3.2251052856445313
3704 2.93106746673584
3705 3.253009080886841
3706 3.3656935691833496
3707 3.0976483821868896
3708 2.7362709045410156
3709 2.7175452709198
3710 2.775850534439087
3711 2.547534227371216
3712 2.4526054859161377
3713 2.5241353511810303
3714 2.6307027339935303
3715 2.6265110969543457
3716 2.683712959289551
3717 2.741565465927124
3718 2.798187017440796
3719 3.001588821411133
3720 3.010103940963745
3721 3.2825469970703125
3722 3.3889312744140625
3723 3.5419492721557617
3724 3.273801565170288
3725 3.0126116275787354
3726 3.095301866531372
3727 2.9390950202941895
3728 2.7485806941986084
3729 2.7073984146118164
3730 2.5052690505981445
3731 2.5484366416931152
3732 2.548658609390259
3733 2.606057643890381
3734 2.689751625061035
3735 2.6192495822906494
3736 2.968597888946533
3737 3.11088490486145
3738 3.049440860748291
3739 3.166415214538574
3740 3.2519779205322266
3741 3.1491944789886475
3742 3.5512351989746094
3743 3.157520055770874
3744 3.0893449783325195
3745 2.9366705417633057
3746 3.0517752170562744
3747 3.5535194873809814
3748 3.504601240158081
3749 3.4047296047210693
3750 3.2559356689453125
3751 3.328979253768921
3752 3.0834009647369385
3753 3.0210630893707275
3754 3.0399985313415527
3755 2.854182720184326
3756 3.2566206455230713
3757 2.9910695552825928
3758 2.8820598125457764
3759 2.9631621837615967
3760 3.0802085399627686
3761 2.820875883102417
3762 3.016148567199707
3763 2.653696060180664
3764 2.6223464012145996
3765 2.442312717437744
3766 2.605713367462158
3767 2.559191942214966
3768 2.6906909942626953
3769 2.4407219886779785
3770 2.8510453701019287
3771 3.2543342113494873
3772 3.196528196334839
3773 3.3460280895233154
3774 3.2482690811157227
3775 3.030759572982788
3776 2.950664758682251
3777 2.921531915664673
3778 2.7171623706817627
3779 2.878389358520508
3780 3.0830612182617188
3781 2.4586682319641113
3782 2.5071821212768555
3783 2.5802507400512695
3784 2.505073308944702
3785 2.6692233085632324
3786 2.603440523147583
3787 2.780963182449341
3788 2.863612413406372
3789 2.9852259159088135
3790 2.8419036865234375
3791 2.9794554710388184
3792 2.663496494293213
3793 2.7669694423675537
3794 2.810777187347412
3795 2.900851011276245
3796 2.8338510990142822
3797 2.9445762634277344
3798 2.7807226181030273
3799 2.804187059402466
3800 2.901197671890259
3801 3.033776044845581
3802 3.0430729389190674
3803 2.8768794536590576
3804 2.8986141681671143
3805 2.7362756729125977
3806 2.718996286392212
3807 2.49565052986145
3808 2.3939449787139893
3809 2.384164333343506
3810 2.4001917839050293
3811 2.5739216804504395
3812 2.4728057384490967
3813 2.3566694259643555
3814 2.4388670921325684
3815 2.5502536296844482
3816 2.7700541019439697
3817 2.757864236831665
3818 2.7204413414001465
3819 2.6050517559051514
3820 2.6506433486938477
3821 2.4068496227264404
3822 2.5714564323425293
3823 2.558192014694214
3824 2.478017568588257
3825 2.629493474960327
3826 2.434372663497925
3827 2.577904224395752
3828 2.5111196041107178
3829 2.42984938621521
3830 2.5273683071136475
3831 2.415832281112671
3832 2.4640166759490967
3833 2.5094218254089355
3834 2.609445095062256
3835 2.6531670093536377
3836 2.6730761528015137
3837 2.7653205394744873
3838 2.6666600704193115
3839 2.578345537185669
3840 2.612736463546753
3841 2.50313138961792
3842 2.5153205394744873
3843 2.626967668533325
3844 2.451341390609741
3845 2.554992198944092
3846 2.576791524887085
3847 2.6533560752868652
3848 2.5916342735290527
3849 2.575704336166382
3850 2.4995977878570557
3851 2.491530656814575
3852 2.646118402481079
3853 2.559358835220337
3854 2.5499284267425537
3855 2.664301633834839
3856 2.5598206520080566
3857 2.5810742378234863
3858 2.5734338760375977
3859 2.6958467960357666
3860 2.5585057735443115
3861 2.5915095806121826
3862 2.5058207511901855
3863 2.586975574493408
3864 2.5549569129943848
3865 2.626768112182617
3866 2.560346841812134
3867 2.529885768890381
3868 2.6877920627593994
3869 2.44389009475708
3870 2.544302463531494
3871 2.6384942531585693
3872 2.547487258911133
3873 2.84073543548584
3874 2.8305153846740723
3875 2.6890945434570313
3876 2.6844873428344727
3877 2.4026238918304443
3878 2.377601385116577
3879 2.4024131298065186
3880 2.318164348602295
3881 2.3471274375915527
3882 2.4148194789886475
3883 2.3746118545532227
3884 2.512700319290161
3885 2.5978517532348633
3886 2.759550094604492
3887 2.7299306392669678
3888 2.8245506286621094
3889 2.638033151626587
3890 2.592771053314209
3891 2.5492820739746094
3892 2.5420312881469727
3893 2.4823241233825684
3894 2.168931722640991
3895 2.4243690967559814
3896 2.456043004989624
3897 2.442949056625366
3898 2.480445384979248
3899 2.451713800430298
3900 2.4321353435516357
3901 2.52040433883667
3902 2.58207106590271
3903 2.5627212524414063
3904 2.603410243988037
3905 2.2787766456604004
3906 2.4153785705566406
3907 2.679015636444092
3908 2.5859334468841553
3909 2.9649429321289063
3910 2.8302054405212402
3911 2.8520283699035645
3912 2.565053939819336
3913 2.7910757064819336
3914 3.022237539291382
3915 2.759953022003174
3916 2.731058359146118
3917 2.6154305934906006
3918 2.6488165855407715
3919 2.7346315383911133
3920 2.685394763946533
3921 2.6713476181030273
3922 2.5018985271453857
3923 2.5051472187042236
3924 2.621220827102661
3925 2.675121545791626
3926 2.844567060470581
3927 2.7724766731262207
3928 3.1068801879882813
3929 2.9064931869506836
3930 2.999657392501831
3931 3.1781747341156006
3932 3.4812355041503906
3933 3.4715216159820557
3934 3.3105759620666504
3935 3.1766555309295654
3936 3.55596661567688
3937 3.678837537765503
3938 3.1567678451538086
3939 3.148113489151001
3940 2.9478816986083984
3941 2.8696556091308594
3942 3.0443153381347656
3943 2.8911707401275635
3944 2.9843878746032715
3945 3.00011944770813
3946 2.982043504714966
3947 3.161454439163208
3948 3.22001051902771
3949 2.862112045288086
3950 2.712938070297241
3951 2.9044711589813232
3952 2.759511947631836
3953 2.781278133392334
3954 2.528028726577759
3955 2.4846835136413574
3956 2.422355890274048
3957 2.51522159576416
3958 2.5237014293670654
3959 2.6093201637268066
3960 2.5499093532562256
3961 2.3452372550964355
3962 2.6403968334198
3963 2.6242244243621826
3964 2.4279940128326416
3965 2.3668291568756104
3966 2.512075185775757
3967 2.796064615249634
3968 2.704383373260498
3969 2.5632221698760986
3970 2.615882635116577
3971 2.547994375228882
3972 2.5999960899353027
3973 2.5570104122161865
3974 2.533041477203369
3975 2.3239574432373047
3976 2.376171588897705
3977 2.2987422943115234
3978 2.6061770915985107
3979 2.706998109817505
3980 2.6873538494110107
3981 2.7894225120544434
3982 2.71382999420166
3983 2.8762636184692383
3984 2.748591899871826
3985 2.970742702484131
3986 2.695127487182617
3987 2.836714506149292
3988 2.5147647857666016
3989 2.62813138961792
3990 2.8723843097686768
3991 2.944078207015991
3992 2.7251760959625244
3993 3.0195207595825195
3994 2.9213268756866455
3995 2.966296434402466
3996 2.7350006103515625
3997 2.8018124103546143
3998 2.8729658126831055
3999 2.8591389656066895
