# Frame Protein_DNA_total_backbone_RMSD_Angstrom
0 0.0
1 1.051400899887085
2 1.563273310661316
3 1.5918763875961304
4 1.669333577156067
5 1.9522945880889893
6 2.206188201904297
7 1.7847700119018555
8 1.3360248804092407
9 1.4548348188400269
10 1.404615044593811
11 1.9284167289733887
12 1.9663801193237305
13 2.203932285308838
14 2.6798877716064453
15 2.202928304672241
16 1.7108347415924072
17 2.0815091133117676
18 1.9601590633392334
19 1.8086328506469727
20 2.146608591079712
21 2.1050829887390137
22 2.175102472305298
23 2.3061978816986084
24 2.496598243713379
25 2.258229970932007
26 2.2714145183563232
27 2.4847731590270996
28 2.3509345054626465
29 2.5394704341888428
30 2.614739179611206
31 2.966198682785034
32 2.3014986515045166
33 2.3884828090667725
34 2.513596296310425
35 2.3582427501678467
36 2.8511440753936768
37 2.9007530212402344
38 3.2329726219177246
39 2.876307249069214
40 2.9830121994018555
41 2.9913997650146484
42 3.131138801574707
43 2.915053367614746
44 3.194756269454956
45 3.0718536376953125
46 3.180708169937134
47 3.2099719047546387
48 3.2446160316467285
49 3.3573803901672363
50 3.6275546550750732
51 3.91055965423584
52 3.88124680519104
53 3.74764084815979
54 4.114270210266113
55 3.722287178039551
56 3.5236172676086426
57 3.258219003677368
58 3.343576669692993
59 3.193570613861084
60 3.313960313796997
61 3.4196698665618896
62 3.6317837238311768
63 3.874934196472168
64 3.547194004058838
65 3.3250014781951904
66 3.7392709255218506
67 3.7091867923736572
68 3.545015573501587
69 3.438847541809082
70 3.3074758052825928
71 2.9904870986938477
72 3.746457099914551
73 3.779458522796631
74 3.388230085372925
75 3.1775624752044678
76 3.0998337268829346
77 2.651538848876953
78 2.702010154724121
79 2.817370891571045
80 2.6183464527130127
81 2.9296276569366455
82 2.9265146255493164
83 3.2110044956207275
84 3.153716564178467
85 3.3685195446014404
86 3.1662559509277344
87 3.090301990509033
88 2.956787109375
89 2.4459142684936523
90 2.2073702812194824
91 2.307424545288086
92 2.3154423236846924
93 2.280200958251953
94 2.1624135971069336
95 2.2123749256134033
96 2.3273794651031494
97 2.3705949783325195
98 2.023136854171753
99 2.232983350753784
100 2.371163845062256
101 2.614222764968872
102 2.451092481613159
103 2.5060675144195557
104 2.2258286476135254
105 2.6124427318573
106 2.3587024211883545
107 2.4290332794189453
108 2.702148675918579
109 3.15932559967041
110 3.213989496231079
111 2.9564549922943115
112 2.630347728729248
113 2.590519428253174
114 2.5618066787719727
115 3.2517380714416504
116 3.2195143699645996
117 2.9272611141204834
118 2.588097333908081
119 2.9521799087524414
120 2.9959709644317627
121 3.354830026626587
122 3.2358570098876953
123 3.1713390350341797
124 3.087063789367676
125 3.284759521484375
126 3.1075611114501953
127 3.0621211528778076
128 3.0552897453308105
129 3.0267083644866943
130 3.0935397148132324
131 3.2020010948181152
132 3.924999952316284
133 3.7451014518737793
134 3.736285448074341
135 3.731863498687744
136 4.011244297027588
137 3.9166884422302246
138 3.8787155151367188
139 4.186049938201904
140 4.119788646697998
141 4.409473419189453
142 4.1817193031311035
143 4.496273994445801
144 4.153045177459717
145 4.5212321281433105
146 4.816577911376953
147 4.232077598571777
148 4.226781368255615
149 4.399627208709717
150 4.2963151931762695
151 4.3122992515563965
152 4.6906890869140625
153 4.4415483474731445
154 4.509451866149902
155 4.343630313873291
156 4.265081882476807
157 4.651025772094727
158 4.465092182159424
159 4.211777687072754
160 3.961580991744995
161 3.8513762950897217
162 3.679398536682129
163 3.518155813217163
164 3.5269007682800293
165 3.5181691646575928
166 3.1090750694274902
167 3.0803897380828857
168 3.205782413482666
169 3.503314256668091
170 3.6028826236724854
171 3.3101227283477783
172 3.246488094329834
173 3.204139471054077
174 3.4368743896484375
175 3.4593374729156494
176 3.319474458694458
177 3.306627035140991
178 3.313112497329712
179 3.308452606201172
180 3.309677839279175
181 3.1465842723846436
182 2.8844480514526367
183 3.01328706741333
184 3.136950731277466
185 3.0160670280456543
186 3.017972469329834
187 3.1621816158294678
188 3.087904930114746
189 3.2238261699676514
190 3.52215313911438
191 3.4209883213043213
192 3.1384994983673096
193 2.9641306400299072
194 3.0205562114715576
195 3.074514389038086
196 2.968148946762085
197 3.2665886878967285
198 3.353921413421631
199 3.624807834625244
200 3.733562707901001
201 3.5853617191314697
202 3.47188401222229
203 3.003502607345581
204 2.9101927280426025
205 3.475955009460449
206 3.297530174255371
207 3.0481138229370117
208 2.78822660446167
209 2.8444201946258545
210 3.0129973888397217
211 2.9325408935546875
212 2.9764797687530518
213 2.716068744659424
214 2.7021186351776123
215 2.6077992916107178
216 2.44411039352417
217 2.7862207889556885
218 2.685698986053467
219 2.6875414848327637
220 2.8045809268951416
221 2.7379539012908936
222 2.8959829807281494
223 3.101696491241455
224 3.3103644847869873
225 3.7934956550598145
226 4.034524440765381
227 3.8319482803344727
228 3.607992649078369
229 3.431124687194824
230 3.4627230167388916
231 3.290130615234375
232 2.8939950466156006
233 3.0154340267181396
234 3.036741018295288
235 2.9717957973480225
236 2.7928683757781982
237 2.984508752822876
238 3.035973310470581
239 3.146329402923584
240 3.2719149589538574
241 2.837125062942505
242 2.805870532989502
243 2.865739583969116
244 3.083167791366577
245 3.1568360328674316
246 2.7734246253967285
247 2.68459415435791
248 2.6606459617614746
249 2.383739709854126
250 2.392099380493164
251 2.589205265045166
252 2.486517906188965
253 2.5857925415039063
254 2.7743985652923584
255 2.6862800121307373
256 2.236649751663208
257 2.213219165802002
258 2.6940414905548096
259 2.9153921604156494
260 2.943355083465576
261 2.8259456157684326
262 3.231936454772949
263 2.8716492652893066
264 2.820833683013916
265 2.81009840965271
266 2.987926483154297
267 2.9116222858428955
268 2.6762614250183105
269 2.9325335025787354
270 2.832223415374756
271 2.5123202800750732
272 2.7977705001831055
273 2.247783899307251
274 2.4381039142608643
275 2.497389316558838
276 3.0197250843048096
277 3.2188682556152344
278 3.104161262512207
279 3.0803380012512207
280 2.746251106262207
281 2.8015003204345703
282 3.173664093017578
283 3.296576499938965
284 3.2490108013153076
285 3.3679940700531006
286 3.1202964782714844
287 3.378753900527954
288 3.232569932937622
289 3.2424018383026123
290 3.084272623062134
291 3.003450393676758
292 3.165189027786255
293 3.294574737548828
294 3.4878900051116943
295 3.4301857948303223
296 3.4199745655059814
297 3.4409875869750977
298 3.276979446411133
299 3.0839850902557373
300 3.4460697174072266
301 3.3366785049438477
302 3.369089365005493
303 3.6234018802642822
304 3.49918270111084
305 3.629580020904541
306 3.355445623397827
307 3.052537441253662
308 2.6799910068511963
309 2.306107759475708
310 2.694827079772949
311 2.464510202407837
312 2.413130044937134
313 2.5821926593780518
314 2.806088924407959
315 3.0587105751037598
316 2.974820852279663
317 3.1407887935638428
318 3.0579288005828857
319 3.0299839973449707
320 3.03247332572937
321 2.5048844814300537
322 2.4807231426239014
323 3.0874836444854736
324 3.0340754985809326
325 2.733474016189575
326 2.8710734844207764
327 3.397873878479004
328 3.6600797176361084
329 3.721848964691162
330 3.894993543624878
331 4.121073246002197
332 4.191585540771484
333 4.191107273101807
334 4.127728462219238
335 4.129275321960449
336 3.968592882156372
337 4.221307277679443
338 4.157639980316162
339 4.000370979309082
340 3.7708067893981934
341 3.404279947280884
342 3.989689588546753
343 3.810467481613159
344 3.907881259918213
345 3.6795361042022705
346 3.532496213912964
347 3.514521598815918
348 3.2986857891082764
349 3.4567694664001465
350 3.4270474910736084
351 3.76289439201355
352 3.4512672424316406
353 3.258017063140869
354 2.718066930770874
355 2.7282752990722656
356 2.9025065898895264
357 2.9932191371917725
358 2.9017117023468018
359 2.735767126083374
360 2.668818712234497
361 3.0801901817321777
362 2.85129714012146
363 3.027334690093994
364 3.024606466293335
365 3.1231441497802734
366 3.249774694442749
367 2.860673427581787
368 3.1281914710998535
369 3.0103442668914795
370 3.1405746936798096
371 2.643422842025757
372 2.870522975921631
373 2.7263665199279785
374 2.958115816116333
375 2.799255132675171
376 2.2055201530456543
377 2.3015589714050293
378 2.2428550720214844
379 2.4060792922973633
380 2.4683218002319336
381 3.014007568359375
382 3.0522780418395996
383 3.1018807888031006
384 2.7542598247528076
385 3.041367769241333
386 2.9900014400482178
387 2.7463624477386475
388 2.7997918128967285
389 2.919299364089966
390 3.029031276702881
391 2.983152151107788
392 2.769632339477539
393 2.6040985584259033
394 2.7138619422912598
395 2.217276096343994
396 2.461637258529663
397 2.6986379623413086
398 2.6291980743408203
399 2.5544652938842773
400 2.4778339862823486
401 2.5034754276275635
402 2.5537095069885254
403 2.3824241161346436
404 2.413675308227539
405 2.3215761184692383
406 2.473616123199463
407 2.810976982116699
408 2.4906082153320313
409 2.6788201332092285
410 2.347466468811035
411 2.4499192237854004
412 2.4520647525787354
413 2.3353497982025146
414 2.5514819622039795
415 2.538478374481201
416 2.6374900341033936
417 2.370976448059082
418 2.485239267349243
419 2.8784947395324707
420 2.847459554672241
421 2.5694191455841064
422 2.6383767127990723
423 2.7511610984802246
424 2.549238681793213
425 2.929959535598755
426 3.3688862323760986
427 3.3202109336853027
428 3.7840240001678467
429 3.7949271202087402
430 3.799501895904541
431 3.4193387031555176
432 3.147636651992798
433 3.4930529594421387
434 3.37994122505188
435 3.393064022064209
436 3.124485969543457
437 3.2964680194854736
438 3.466097354888916
439 3.1603474617004395
440 3.0126633644104004
441 3.4860680103302
442 3.41797137260437
443 3.6637368202209473
444 3.416471004486084
445 3.5154600143432617
446 3.0426485538482666
447 3.277264356613159
448 3.023637533187866
449 3.1997392177581787
450 3.2907233238220215
451 3.427084445953369
452 3.0801689624786377
453 3.059669017791748
454 3.0392165184020996
455 3.153146743774414
456 3.296215057373047
457 3.423994302749634
458 3.416616439819336
459 3.248703718185425
460 3.014787197113037
461 3.2362778186798096
462 3.081036329269409
463 2.700039863586426
464 3.0469446182250977
465 3.095146656036377
466 3.020472288131714
467 2.7150018215179443
468 2.750377893447876
469 2.576910972595215
470 2.748844861984253
471 2.873028516769409
472 2.728224039077759
473 3.068053722381592
474 3.159097909927368
475 3.1187422275543213
476 3.477108955383301
477 3.044358253479004
478 3.179325580596924
479 2.832275629043579
480 2.934417486190796
481 3.040722131729126
482 2.9251930713653564
483 3.131309747695923
484 2.8908567428588867
485 2.9000091552734375
486 2.523541212081909
487 2.716275453567505
488 2.996385097503662
489 3.0829925537109375
490 3.120089530944824
491 3.0378575325012207
492 2.826723337173462
493 3.2389726638793945
494 2.7263472080230713
495 3.199624538421631
496 2.877971887588501
497 2.5891168117523193
498 2.9127213954925537
499 2.8476500511169434
500 2.8714756965637207
501 2.7501773834228516
502 2.722903251647949
503 2.687629222869873
504 2.9989800453186035
505 2.823678731918335
506 2.914827346801758
507 2.973587989807129
508 2.559720516204834
509 2.6775341033935547
510 2.938419818878174
511 2.6098647117614746
512 2.588925361633301
513 2.716850757598877
514 2.695991039276123
515 2.375486373901367
516 2.7445478439331055
517 2.4216508865356445
518 2.5941195487976074
519 2.784327983856201
520 2.6873230934143066
521 2.6946446895599365
522 2.6835567951202393
523 2.5183968544006348
524 2.85601544380188
525 2.918710231781006
526 2.9359681606292725
527 2.819173812866211
528 2.7187836170196533
529 3.2198421955108643
530 3.024207830429077
531 2.544011116027832
532 2.5590333938598633
533 2.6524600982666016
534 2.6558573246002197
535 2.807814121246338
536 2.737427234649658
537 3.095877170562744
538 2.659910202026367
539 2.853210210800171
540 2.8957648277282715
541 2.8775687217712402
542 2.68351674079895
543 2.517812728881836
544 2.5414633750915527
545 2.956756830215454
546 3.0316002368927
547 3.038966178894043
548 3.2525341510772705
549 3.057204008102417
550 2.801809787750244
551 2.9837491512298584
552 3.2553064823150635
553 3.188483476638794
554 3.189699411392212
555 3.2808430194854736
556 3.3880581855773926
557 3.1525015830993652
558 2.947580337524414
559 2.9824845790863037
560 2.610074043273926
561 2.551940441131592
562 2.792485475540161
563 2.6324894428253174
564 2.628666639328003
565 2.402517318725586
566 2.500016212463379
567 2.648789644241333
568 2.964200496673584
569 2.889207124710083
570 3.108602523803711
571 2.9227969646453857
572 2.694485902786255
573 2.6491520404815674
574 2.772953748703003
575 2.950972318649292
576 2.920719623565674
577 2.725972890853882
578 2.7571797370910645
579 3.075963020324707
580 3.460632562637329
581 3.192458152770996
582 3.053133964538574
583 3.0416669845581055
584 3.0025267601013184
585 3.0527753829956055
586 3.217965602874756
587 3.0945775508880615
588 3.330023765563965
589 3.328057050704956
590 3.2662675380706787
591 2.9570364952087402
592 3.2495667934417725
593 2.8046693801879883
594 2.9203357696533203
595 2.713658571243286
596 2.5494778156280518
597 3.1931965351104736
598 3.0152904987335205
599 3.2244250774383545
600 3.152114152908325
601 3.3077938556671143
602 3.315880298614502
603 3.258751392364502
604 3.1676454544067383
605 2.9695746898651123
606 3.211578130722046
607 3.046419382095337
608 3.111567735671997
609 3.587069511413574
610 3.264145612716675
611 3.197152614593506
612 3.079293727874756
613 3.1108481884002686
614 3.1475002765655518
615 3.030877113342285
616 2.9340949058532715
617 3.2015511989593506
618 3.347827196121216
619 3.4199459552764893
620 3.0683083534240723
621 3.05869460105896
622 3.162602663040161
623 3.3755524158477783
624 3.2237601280212402
625 3.5089051723480225
626 3.5277106761932373
627 3.1740710735321045
628 3.2066714763641357
629 3.304593086242676
630 2.9529237747192383
631 2.906097173690796
632 2.964674711227417
633 3.028836965560913
634 3.4054667949676514
635 3.023282051086426
636 3.0224716663360596
637 2.6192054748535156
638 2.723482608795166
639 2.7196779251098633
640 2.837454319000244
641 3.0769410133361816
642 2.944221019744873
643 3.0971853733062744
644 3.129523277282715
645 2.6714041233062744
646 2.4843733310699463
647 2.709209442138672
648 2.710258722305298
649 3.018632650375366
650 2.93868350982666
651 3.0260813236236572
652 3.1955320835113525
653 2.5556392669677734
654 2.502716541290283
655 2.607379913330078
656 2.5538814067840576
657 2.6510403156280518
658 2.9046053886413574
659 2.764643430709839
660 2.9171578884124756
661 2.781311511993408
662 2.725724220275879
663 2.966773271560669
664 2.6790554523468018
665 2.3596389293670654
666 2.5637779235839844
667 2.8145525455474854
668 2.703354835510254
669 3.069542169570923
670 3.15260910987854
671 3.241278648376465
672 3.254687786102295
673 3.091986656188965
674 3.6559371948242188
675 3.9250757694244385
676 3.8940329551696777
677 3.9301891326904297
678 4.100505352020264
679 4.1540374755859375
680 4.3248724937438965
681 4.37274694442749
682 3.939119815826416
683 3.8363521099090576
684 4.173182964324951
685 4.014593124389648
686 3.9818971157073975
687 3.660893440246582
688 3.294421434402466
689 3.4113874435424805
690 3.616187810897827
691 3.7223944664001465
692 3.6593563556671143
693 3.7144317626953125
694 3.37807559967041
695 3.3465986251831055
696 3.0821447372436523
697 3.0954830646514893
698 3.081138849258423
699 3.436039447784424
700 3.3667588233947754
701 3.3024532794952393
702 3.363223075866699
703 3.3154311180114746
704 3.1048743724823
705 2.877214193344116
706 2.8583834171295166
707 2.7493646144866943
708 3.3156471252441406
709 3.3223319053649902
710 3.4206697940826416
711 3.2604339122772217
712 3.5286686420440674
713 3.6390862464904785
714 3.456669807434082
715 3.1993277072906494
716 3.2951154708862305
717 3.547724485397339
718 3.4004364013671875
719 3.1009531021118164
720 3.0459933280944824
721 2.8019022941589355
722 2.9297261238098145
723 2.8841748237609863
724 2.9273300170898438
725 3.1451454162597656
726 3.1864218711853027
727 3.0133204460144043
728 3.2967560291290283
729 3.413325309753418
730 3.521524429321289
731 3.127622127532959
732 3.2019941806793213
733 3.436206817626953
734 3.6116652488708496
735 3.63073468208313
736 3.514965534210205
737 3.675389289855957
738 3.555238723754883
739 3.617340087890625
740 3.737577199935913
741 3.716717481613159
742 3.6295690536499023
743 3.551950693130493
744 3.7037675380706787
745 3.696800947189331
746 3.235914468765259
747 3.2520155906677246
748 3.374107837677002
749 3.400263786315918
750 3.4297895431518555
751 3.380617141723633
752 3.010316848754883
753 3.130744457244873
754 2.8704705238342285
755 3.0280826091766357
756 3.189228057861328
757 3.1352169513702393
758 2.731821298599243
759 2.659062385559082
760 2.7998149394989014
761 2.9228951930999756
762 2.8497955799102783
763 2.832670211791992
764 3.043539524078369
765 3.312548875808716
766 3.48046612739563
767 3.240511178970337
768 3.4442994594573975
769 3.5367014408111572
770 3.531928777694702
771 3.561934232711792
772 3.594414472579956
773 3.5937469005584717
774 3.550800323486328
775 3.54421329498291
776 3.3842051029205322
777 3.3734545707702637
778 3.535220146179199
779 3.547804832458496
780 3.417790651321411
781 3.4432265758514404
782 3.3836476802825928
783 3.3115293979644775
784 3.396108865737915
785 3.1628623008728027
786 3.0396511554718018
787 2.7033610343933105
788 2.9755783081054688
789 2.7835159301757813
790 2.947499990463257
791 3.0754880905151367
792 3.4134206771850586
793 3.6109390258789063
794 3.6243896484375
795 3.259857416152954
796 3.1634061336517334
797 3.207068920135498
798 3.122352123260498
799 3.125148296356201
800 3.1123340129852295
801 3.4750452041625977
802 2.983696460723877
803 3.0158262252807617
804 2.9276251792907715
805 3.157881021499634
806 2.892232894897461
807 2.8429360389709473
808 2.881661891937256
809 2.8589396476745605
810 3.020812749862671
811 2.784200429916382
812 2.8518710136413574
813 2.9428048133850098
814 2.8924405574798584
815 2.6339025497436523
816 2.867875337600708
817 2.6001110076904297
818 2.441091775894165
819 2.354173421859741
820 2.293358325958252
821 2.524233818054199
822 2.650857925415039
823 2.611438751220703
824 2.8134236335754395
825 2.4392104148864746
826 2.1640586853027344
827 2.5631656646728516
828 2.6835901737213135
829 2.6485581398010254
830 2.972686529159546
831 2.7419936656951904
832 3.1784393787384033
833 3.0182251930236816
834 2.848637104034424
835 2.990030288696289
836 3.142838478088379
837 3.5042037963867188
838 3.484727621078491
839 2.996457815170288
840 3.0868146419525146
841 2.819408655166626
842 2.8085508346557617
843 3.097158908843994
844 2.8595261573791504
845 3.12648868560791
846 2.973191261291504
847 2.8345935344696045
848 2.84894061088562
849 2.9258975982666016
850 2.953739643096924
851 3.0494282245635986
852 3.0834386348724365
853 3.0505082607269287
854 3.324723720550537
855 3.3819243907928467
856 3.3390145301818848
857 3.5050783157348633
858 3.095606565475464
859 3.0819132328033447
860 3.0284416675567627
861 2.639003038406372
862 2.6642158031463623
863 2.7221665382385254
864 3.0578999519348145
865 3.165832757949829
866 2.9221975803375244
867 2.6183364391326904
868 2.5098772048950195
869 2.8795976638793945
870 3.0559468269348145
871 3.124873399734497
872 3.2210464477539063
873 3.1579790115356445
874 3.43984055519104
875 3.1914803981781006
876 3.3244071006774902
877 3.185053586959839
878 3.125713586807251
879 2.884822368621826
880 3.050697088241577
881 3.0700762271881104
882 3.4782474040985107
883 3.479642391204834
884 3.6524910926818848
885 3.51532244682312
886 3.1286606788635254
887 3.3694639205932617
888 3.2031636238098145
889 3.3557040691375732
890 2.8592653274536133
891 2.9447202682495117
892 2.9454727172851563
893 3.4606871604919434
894 3.4571545124053955
895 3.3117291927337646
896 2.9141197204589844
897 3.0402543544769287
898 3.134296178817749
899 3.2305092811584473
900 3.673790216445923
901 3.588090419769287
902 3.5424535274505615
903 3.4530227184295654
904 3.490309953689575
905 3.243940830230713
906 3.0742647647857666
907 3.038872241973877
908 3.121644973754883
909 3.2216835021972656
910 3.0192694664001465
911 2.916139841079712
912 2.7821600437164307
913 2.9021058082580566
914 3.255599021911621
915 3.473740339279175
916 3.446012258529663
917 3.147397994995117
918 3.1962530612945557
919 3.1865460872650146
920 3.4520041942596436
921 3.3085358142852783
922 3.421786308288574
923 3.1625452041625977
924 2.927288770675659
925 2.66257643699646
926 2.781033754348755
927 3.0972635746002197
928 2.7908082008361816
929 2.998623847961426
930 2.773843765258789
931 3.361964464187622
932 3.2113852500915527
933 3.401066541671753
934 3.089766025543213
935 3.1436655521392822
936 3.557194709777832
937 3.596080780029297
938 3.9402523040771484
939 3.6196165084838867
940 3.6566193103790283
941 3.2812483310699463
942 3.47778058052063
943 3.5300962924957275
944 2.8906896114349365
945 3.385637044906616
946 3.2142202854156494
947 3.21012544631958
948 3.03528094291687
949 2.742889642715454
950 2.8625857830047607
951 2.9775686264038086
952 3.1563799381256104
953 3.0853583812713623
954 2.874354124069214
955 2.8875434398651123
956 2.9422178268432617
957 2.9855105876922607
958 3.2156143188476563
959 2.8318865299224854
960 2.5280914306640625
961 2.7806479930877686
962 2.647258758544922
963 2.6981759071350098
964 2.97598934173584
965 3.3476271629333496
966 3.2895419597625732
967 3.2962234020233154
968 3.2666683197021484
969 3.0338547229766846
970 3.018378496170044
971 2.916412830352783
972 3.0883171558380127
973 3.064239740371704
974 2.9557738304138184
975 2.7515869140625
976 2.6982321739196777
977 2.2582168579101563
978 2.3707432746887207
979 2.3823351860046387
980 2.7245867252349854
981 3.0408785343170166
982 2.9904966354370117
983 3.2497775554656982
984 2.9094696044921875
985 2.976241111755371
986 2.7903432846069336
987 2.9266276359558105
988 3.0473413467407227
989 3.0280840396881104
990 2.7211318016052246
991 3.011962890625
992 2.873124361038208
993 2.95226788520813
994 3.313979387283325
995 3.0390498638153076
996 2.6885221004486084
997 2.652953863143921
998 2.816150188446045
999 3.019000768661499
1000 2.603792190551758
1001 3.003880023956299
1002 2.7032415866851807
1003 3.222578525543213
1004 3.3804869651794434
1005 3.664813280105591
1006 3.676130533218384
1007 3.9515061378479004
1008 3.33107328414917
1009 2.9213614463806152
1010 2.8963353633880615
1011 3.331477165222168
1012 3.0883524417877197
1013 3.038503646850586
1014 2.722296953201294
1015 2.7870242595672607
1016 2.500027894973755
1017 2.8292829990386963
1018 3.023406982421875
1019 3.108696937561035
1020 2.899656057357788
1021 2.7059812545776367
1022 2.6938226222991943
1023 2.899282217025757
1024 2.831388235092163
1025 3.0230486392974854
1026 2.9764397144317627
1027 3.302191972732544
1028 3.5993216037750244
1029 3.759836435317993
1030 3.3088185787200928
1031 3.1487460136413574
1032 3.306450605392456
1033 3.1471540927886963
1034 2.801630735397339
1035 2.812337875366211
1036 3.046630620956421
1037 2.9283158779144287
1038 3.1096370220184326
1039 3.1121556758880615
1040 3.008559465408325
1041 2.7024972438812256
1042 3.0301380157470703
1043 2.888289451599121
1044 3.126986026763916
1045 2.88663387298584
1046 2.96960711479187
1047 2.8782589435577393
1048 3.0387916564941406
1049 3.2341668605804443
1050 3.1908907890319824
1051 2.990959882736206
1052 2.8619160652160645
1053 3.2223737239837646
1054 3.592468023300171
1055 3.7410097122192383
1056 3.666879177093506
1057 3.7047786712646484
1058 3.551347017288208
1059 3.7783517837524414
1060 3.659907579421997
1061 2.9889023303985596
1062 2.907848358154297
1063 2.638091802597046
1064 2.8563003540039063
1065 3.0039446353912354
1066 2.9693145751953125
1067 3.1511361598968506
1068 3.251804828643799
1069 2.996504068374634
1070 3.0423226356506348
1071 2.9216558933258057
1072 3.028165817260742
1073 3.062634229660034
1074 2.908457040786743
1075 2.7672078609466553
1076 2.7562949657440186
1077 2.8784191608428955
1078 2.6925041675567627
1079 2.7999267578125
1080 3.0172040462493896
1081 3.150099992752075
1082 3.1782290935516357
1083 3.226483106613159
1084 3.104194402694702
1085 3.283506393432617
1086 2.997281312942505
1087 3.487952947616577
1088 3.3390607833862305
1089 3.178516149520874
1090 3.4386496543884277
1091 3.563169479370117
1092 3.5924770832061768
1093 3.6354854106903076
1094 3.834591865539551
1095 3.5058910846710205
1096 3.387082576751709
1097 3.1341724395751953
1098 3.2495853900909424
1099 3.0254716873168945
1100 3.3453242778778076
1101 3.388779640197754
1102 3.0266945362091064
1103 2.9841036796569824
1104 3.16146183013916
1105 3.1515843868255615
1106 3.312102794647217
1107 3.3275771141052246
1108 3.1711409091949463
1109 3.527174711227417
1110 3.1062498092651367
1111 3.26167893409729
1112 3.4548513889312744
1113 3.4399783611297607
1114 3.548861265182495
1115 3.5209429264068604
1116 3.726687431335449
1117 3.3942344188690186
1118 3.4957165718078613
1119 3.324972152709961
1120 3.338531255722046
1121 3.041132688522339
1122 3.4095964431762695
1123 3.324199914932251
1124 3.1911702156066895
1125 3.2961838245391846
1126 3.396939277648926
1127 3.4624462127685547
1128 3.5602798461914063
1129 3.832852363586426
1130 3.4516232013702393
1131 3.6074371337890625
1132 3.5595505237579346
1133 3.3166823387145996
1134 3.209773540496826
1135 3.4867732524871826
1136 3.456327438354492
1137 3.419877052307129
1138 3.3619282245635986
1139 3.493884563446045
1140 3.372976779937744
1141 2.97713041305542
1142 3.1650729179382324
1143 3.2542147636413574
1144 3.2960944175720215
1145 3.134039878845215
1146 3.267909288406372
1147 3.3131701946258545
1148 3.217085361480713
1149 3.4669952392578125
1150 3.5879874229431152
1151 3.0630273818969727
1152 3.1033153533935547
1153 3.0703537464141846
1154 3.2305870056152344
1155 3.3738245964050293
1156 3.432387590408325
1157 3.266082286834717
1158 3.499319076538086
1159 3.146928548812866
1160 3.4488186836242676
1161 3.334193706512451
1162 3.3381152153015137
1163 3.466381788253784
1164 3.420248508453369
1165 3.335033655166626
1166 3.2894604206085205
1167 3.38136887550354
1168 3.3871982097625732
1169 3.806871175765991
1170 3.586078405380249
1171 3.5649099349975586
1172 3.7196128368377686
1173 4.1023383140563965
1174 4.192558765411377
1175 3.855825662612915
1176 3.813441276550293
1177 3.524106979370117
1178 3.5560173988342285
1179 3.4766275882720947
1180 3.573699712753296
1181 3.6781716346740723
1182 3.8531553745269775
1183 3.565105438232422
1184 3.894920825958252
1185 3.9307003021240234
1186 3.7771027088165283
1187 3.3950510025024414
1188 3.518549919128418
1189 3.790104866027832
1190 3.6960484981536865
1191 4.186155319213867
1192 3.9360122680664063
1193 4.042234897613525
1194 3.6616504192352295
1195 3.553180694580078
1196 3.1312320232391357
1197 3.0609631538391113
1198 3.1745359897613525
1199 3.252650260925293
1200 3.2632863521575928
1201 3.4438743591308594
1202 3.2858500480651855
1203 3.3474364280700684
1204 3.423635959625244
1205 3.338585376739502
1206 3.0103952884674072
1207 2.89518404006958
1208 2.922502040863037
1209 3.344447374343872
1210 3.5566012859344482
1211 3.479935646057129
1212 3.675825357437134
1213 3.3597609996795654
1214 3.422321081161499
1215 3.245272636413574
1216 3.0419328212738037
1217 2.655123472213745
1218 2.8229081630706787
1219 2.977958917617798
1220 2.982733726501465
1221 3.1930794715881348
1222 3.2890281677246094
1223 3.2358486652374268
1224 3.1633079051971436
1225 3.3701441287994385
1226 3.2808008193969727
1227 3.120604991912842
1228 3.5041074752807617
1229 3.5106186866760254
1230 3.3208084106445313
1231 3.3568708896636963
1232 3.7605104446411133
1233 3.3914954662323
1234 3.7178304195404053
1235 3.5651187896728516
1236 3.403027296066284
1237 3.580357074737549
1238 3.6877810955047607
1239 3.9019417762756348
1240 3.8274712562561035
1241 3.5124924182891846
1242 3.435983419418335
1243 3.8710880279541016
1244 3.8863794803619385
1245 3.885347604751587
1246 3.6731135845184326
1247 3.831178665161133
1248 3.8824961185455322
1249 3.524941921234131
1250 3.525075912475586
1251 3.687513589859009
1252 3.67287540435791
1253 3.5326333045959473
1254 3.2038984298706055
1255 3.5829546451568604
1256 3.764195680618286
1257 3.52028489112854
1258 3.346219778060913
1259 3.2876625061035156
1260 3.394197702407837
1261 3.745249032974243
1262 3.665055513381958
1263 3.4620423316955566
1264 3.2846970558166504
1265 3.4307992458343506
1266 2.9889254570007324
1267 2.6022822856903076
1268 2.5103201866149902
1269 3.081643581390381
1270 2.8753316402435303
1271 3.142016887664795
1272 3.0254263877868652
1273 3.036867618560791
1274 3.2183995246887207
1275 3.069737434387207
1276 3.160381317138672
1277 3.1944468021392822
1278 3.478074312210083
1279 3.8039002418518066
1280 3.4118356704711914
1281 3.6457273960113525
1282 3.884007453918457
1283 3.913743257522583
1284 3.5459554195404053
1285 3.5069186687469482
1286 3.527444362640381
1287 3.594573497772217
1288 3.4500386714935303
1289 3.8637237548828125
1290 3.3526339530944824
1291 3.4815452098846436
1292 3.4562175273895264
1293 3.597355604171753
1294 3.5054197311401367
1295 3.2926199436187744
1296 3.571791887283325
1297 3.4696567058563232
1298 3.6514205932617188
1299 3.737105131149292
1300 3.5384232997894287
1301 3.922020196914673
1302 4.065235137939453
1303 4.097622394561768
1304 4.1201348304748535
1305 3.7611708641052246
1306 3.8537890911102295
1307 3.451768636703491
1308 3.216670513153076
1309 3.5372135639190674
1310 3.069547176361084
1311 3.4370193481445313
1312 3.153932571411133
1313 2.928387403488159
1314 2.87968111038208
1315 2.939053773880005
1316 2.785093069076538
1317 3.1183929443359375
1318 3.1971304416656494
1319 3.0015616416931152
1320 2.8656697273254395
1321 2.775012493133545
1322 2.7117950916290283
1323 2.8327219486236572
1324 3.0432803630828857
1325 3.0938987731933594
1326 3.6357271671295166
1327 3.7962493896484375
1328 3.5934665203094482
1329 3.640162944793701
1330 3.3878040313720703
1331 3.1799697875976563
1332 3.1430623531341553
1333 3.1703763008117676
1334 2.735921859741211
1335 2.980076551437378
1336 3.1571497917175293
1337 3.4026458263397217
1338 3.6730310916900635
1339 3.2823030948638916
1340 3.348609447479248
1341 3.3475446701049805
1342 3.4524552822113037
1343 3.612699031829834
1344 3.5906784534454346
1345 3.3006629943847656
1346 3.3352725505828857
1347 3.4292166233062744
1348 3.461993932723999
1349 3.7176759243011475
1350 3.3639907836914063
1351 3.4307374954223633
1352 3.1708946228027344
1353 3.334850788116455
1354 3.4538471698760986
1355 3.349017381668091
1356 3.5894362926483154
1357 3.5333492755889893
1358 3.228187322616577
1359 3.0756850242614746
1360 3.1731250286102295
1361 2.6232950687408447
1362 2.7085235118865967
1363 2.9180338382720947
1364 2.6722583770751953
1365 2.501730442047119
1366 2.6533727645874023
1367 2.493244171142578
1368 3.0304062366485596
1369 3.1890459060668945
1370 3.2651445865631104
1371 3.2659223079681396
1372 3.261143445968628
1373 3.470545530319214
1374 3.433178663253784
1375 3.3448715209960938
1376 2.9163711071014404
1377 3.013730525970459
1378 2.9800784587860107
1379 2.7761728763580322
1380 3.076106071472168
1381 2.829650640487671
1382 2.6341428756713867
1383 2.41920804977417
1384 2.6055922508239746
1385 2.494741201400757
1386 2.9235262870788574
1387 2.471012592315674
1388 2.8242619037628174
1389 2.646574020385742
1390 2.7312588691711426
1391 2.823967695236206
1392 2.8428523540496826
1393 3.226588487625122
1394 2.9286255836486816
1395 2.791154384613037
1396 2.706268787384033
1397 2.9994189739227295
1398 2.7637875080108643
1399 2.9781980514526367
1400 2.759068012237549
1401 2.9974496364593506
1402 2.807032585144043
1403 2.7882564067840576
1404 3.089447021484375
1405 3.55024790763855
1406 3.6752264499664307
1407 3.8341617584228516
1408 3.849483013153076
1409 4.01882266998291
1410 3.902395725250244
1411 3.8192150592803955
1412 3.7834722995758057
1413 3.8350093364715576
1414 3.752105712890625
1415 3.8560690879821777
1416 3.6222023963928223
1417 3.505254030227661
1418 3.8685545921325684
1419 4.092846870422363
1420 4.0023627281188965
1421 3.9690423011779785
1422 3.9999442100524902
1423 3.8292641639709473
1424 3.3354578018188477
1425 3.3493704795837402
1426 3.2366433143615723
1427 3.152269124984741
1428 3.2446136474609375
1429 3.7489843368530273
1430 3.856034517288208
1431 4.035273551940918
1432 3.903538465499878
1433 3.8088877201080322
1434 3.8176469802856445
1435 3.439162492752075
1436 3.3289082050323486
1437 3.5140228271484375
1438 3.6895580291748047
1439 3.326598882675171
1440 3.656264066696167
1441 3.6244935989379883
1442 3.326489210128784
1443 3.5784554481506348
1444 3.3958542346954346
1445 3.478433132171631
1446 3.208266496658325
1447 3.225450277328491
1448 3.093111753463745
1449 2.9085123538970947
1450 3.0279042720794678
1451 2.995140314102173
1452 2.988860845565796
1453 2.783291816711426
1454 2.882826328277588
1455 2.9332408905029297
1456 3.0641558170318604
1457 3.1295621395111084
1458 3.1225578784942627
1459 2.9448063373565674
1460 2.867154836654663
1461 2.9695894718170166
1462 3.1629884243011475
1463 3.0982882976531982
1464 3.3486456871032715
1465 3.1559882164001465
1466 3.0503854751586914
1467 3.067075729370117
1468 3.6277942657470703
1469 3.28397536277771
1470 3.288217306137085
1471 3.4197330474853516
1472 3.523723840713501
1473 3.5994741916656494
1474 3.988597869873047
1475 4.251607418060303
1476 4.404761791229248
1477 4.3470072746276855
1478 4.8517327308654785
1479 4.348624229431152
1480 4.542726993560791
1481 4.425520420074463
1482 4.4907073974609375
1483 4.306613445281982
1484 4.30925989151001
1485 4.254495143890381
1486 4.1099114418029785
1487 4.240302562713623
1488 4.348618507385254
1489 4.186988353729248
1490 3.9759135246276855
1491 4.163300514221191
1492 3.712209939956665
1493 3.9106178283691406
1494 4.053114891052246
1495 3.9722633361816406
1496 3.500476598739624
1497 3.619727849960327
1498 4.04978609085083
1499 4.073988437652588
1500 3.9640543460845947
1501 3.145174980163574
1502 3.4059557914733887
1503 3.8461289405822754
1504 3.820202112197876
1505 3.447465658187866
1506 3.5005393028259277
1507 3.8629684448242188
1508 3.6549110412597656
1509 3.4613707065582275
1510 3.576249599456787
1511 3.705484390258789
1512 3.9631776809692383
1513 3.8106117248535156
1514 3.818725347518921
1515 3.7390761375427246
1516 3.638922691345215
1517 3.6357648372650146
1518 3.377005100250244
1519 4.070162296295166
1520 4.132136821746826
1521 3.86218523979187
1522 3.7514686584472656
1523 3.7379751205444336
1524 3.845977306365967
1525 3.998929500579834
1526 4.3373026847839355
1527 3.980527400970459
1528 3.924334764480591
1529 3.526041030883789
1530 3.5101444721221924
1531 3.994640588760376
1532 3.4561216831207275
1533 3.343871593475342
1534 3.2737762928009033
1535 3.273730754852295
1536 3.265580654144287
1537 3.435769557952881
1538 3.282613754272461
1539 3.488870143890381
1540 4.140923976898193
1541 4.311930179595947
1542 4.010451793670654
1543 3.963479518890381
1544 4.191995620727539
1545 4.2106828689575195
1546 3.8342909812927246
1547 3.9264633655548096
1548 4.095033168792725
1549 4.243829250335693
1550 4.06669807434082
1551 3.7621779441833496
1552 4.015771865844727
1553 4.103924751281738
1554 4.036584377288818
1555 4.151857376098633
1556 4.201351165771484
1557 4.185798645019531
1558 4.306474208831787
1559 4.298722267150879
1560 3.930569648742676
1561 3.882314682006836
1562 3.6709227561950684
1563 4.068533420562744
1564 4.107806205749512
1565 4.287415027618408
1566 4.334814071655273
1567 4.61320686340332
1568 4.119361400604248
1569 3.589707612991333
1570 3.6913034915924072
1571 3.6216633319854736
1572 3.3144474029541016
1573 3.5332674980163574
1574 3.526322364807129
1575 3.639019012451172
1576 3.9136762619018555
1577 3.6988604068756104
1578 3.671630382537842
1579 3.8036980628967285
1580 3.413303852081299
1581 3.3510396480560303
1582 3.2109131813049316
1583 3.4568865299224854
1584 3.122596025466919
1585 3.1640524864196777
1586 2.983083724975586
1587 3.072749137878418
1588 3.1443121433258057
1589 3.163649797439575
1590 3.068202257156372
1591 3.0674960613250732
1592 2.983501672744751
1593 3.1447830200195313
1594 2.9757754802703857
1595 2.9519426822662354
1596 2.958662748336792
1597 3.1930789947509766
1598 3.0674691200256348
1599 3.3950130939483643
1600 3.311610698699951
1601 3.1678946018218994
1602 3.3644862174987793
1603 3.1760759353637695
1604 3.300419569015503
1605 3.1593780517578125
1606 3.1662909984588623
1607 3.1391472816467285
1608 3.445956230163574
1609 3.464582681655884
1610 3.2764577865600586
1611 3.5885720252990723
1612 3.646702766418457
1613 3.9042835235595703
1614 4.336045742034912
1615 4.3583149909973145
1616 4.011768341064453
1617 4.24015998840332
1618 4.092374324798584
1619 3.791576862335205
1620 3.6323940753936768
1621 3.753387451171875
1622 4.4173784255981445
1623 4.17403507232666
1624 3.8164680004119873
1625 3.645909309387207
1626 4.139951705932617
1627 3.899656295776367
1628 3.947510004043579
1629 3.7444674968719482
1630 3.262965440750122
1631 3.072681188583374
1632 3.708305835723877
1633 3.7607405185699463
1634 3.8701789379119873
1635 4.084601879119873
1636 3.6805315017700195
1637 3.4003055095672607
1638 3.26430082321167
1639 3.221224784851074
1640 3.438857078552246
1641 3.1655523777008057
1642 3.221864938735962
1643 3.1938936710357666
1644 2.9795405864715576
1645 2.840803861618042
1646 2.7796740531921387
1647 2.9056103229522705
1648 3.4418821334838867
1649 3.2725887298583984
1650 3.201174736022949
1651 3.387352466583252
1652 3.207742691040039
1653 3.3262827396392822
1654 3.5654187202453613
1655 3.4774415493011475
1656 3.2599477767944336
1657 3.351867914199829
1658 3.8146626949310303
1659 4.134446620941162
1660 3.8045711517333984
1661 3.635566234588623
1662 3.7634541988372803
1663 3.4743564128875732
1664 3.6462066173553467
1665 3.3399851322174072
1666 2.9188084602355957
1667 3.0988404750823975
1668 2.971327304840088
1669 3.269897222518921
1670 2.9799957275390625
1671 3.131880521774292
1672 2.940706729888916
1673 2.9283101558685303
1674 3.048407554626465
1675 3.272411346435547
1676 3.0908894538879395
1677 3.131784200668335
1678 3.093599319458008
1679 2.8450210094451904
1680 2.7692630290985107
1681 2.7994751930236816
1682 2.759565591812134
1683 3.083482027053833
1684 3.0260002613067627
1685 3.135087728500366
1686 2.9310967922210693
1687 3.0084939002990723
1688 3.2718276977539063
1689 3.862300395965576
1690 3.377434730529785
1691 3.0111241340637207
1692 3.0146849155426025
1693 3.1366496086120605
1694 3.135301113128662
1695 3.2434587478637695
1696 3.2778568267822266
1697 3.2487475872039795
1698 2.9454894065856934
1699 3.0507311820983887
1700 3.3493235111236572
1701 3.274932384490967
1702 3.522587537765503
1703 3.4991190433502197
1704 3.5818777084350586
1705 2.979240655899048
1706 2.8696908950805664
1707 2.9991583824157715
1708 3.362381935119629
1709 3.343132257461548
1710 3.3043854236602783
1711 3.4535512924194336
1712 3.4137022495269775
1713 3.2323570251464844
1714 2.7995989322662354
1715 3.037564277648926
1716 2.879031181335449
1717 2.8364694118499756
1718 2.8780641555786133
1719 3.4905567169189453
1720 3.578587293624878
1721 3.6495602130889893
1722 3.3667876720428467
1723 3.134899854660034
1724 3.5184712409973145
1725 3.3991527557373047
1726 3.25144624710083
1727 2.960031509399414
1728 3.2088189125061035
1729 3.228978395462036
1730 3.272756814956665
1731 2.952725410461426
1732 2.9296672344207764
1733 2.813089609146118
1734 2.5922908782958984
1735 2.5605154037475586
1736 2.96979022026062
1737 2.617716073989868
1738 2.958909511566162
1739 2.7576775550842285
1740 2.553382396697998
1741 2.746161460876465
1742 2.3329405784606934
1743 2.6799144744873047
1744 2.5345044136047363
1745 2.6616764068603516
1746 2.7898685932159424
1747 3.011195659637451
1748 2.974543571472168
1749 2.977006196975708
1750 2.8290517330169678
1751 2.8579940795898438
1752 2.780985116958618
1753 2.7100400924682617
1754 2.7185702323913574
1755 3.0293967723846436
1756 2.9807660579681396
1757 3.007539987564087
1758 3.0420572757720947
1759 3.047539234161377
1760 2.982590675354004
1761 2.8683407306671143
1762 2.9587831497192383
1763 3.36456298828125
1764 3.395477533340454
1765 3.2656972408294678
1766 2.921401262283325
1767 3.267284870147705
1768 2.9999725818634033
1769 3.3666937351226807
1770 3.059709072113037
1771 2.800417900085449
1772 2.760751485824585
1773 2.6172597408294678
1774 2.5729007720947266
1775 2.441563606262207
1776 2.537045955657959
1777 2.3734490871429443
1778 2.234405279159546
1779 2.458692789077759
1780 2.4022507667541504
1781 2.6971123218536377
1782 2.6239967346191406
1783 2.5171217918395996
1784 2.442589521408081
1785 2.3540313243865967
1786 2.427861452102661
1787 2.44486141204834
1788 2.5750138759613037
1789 2.3612191677093506
1790 2.4700677394866943
1791 2.5080513954162598
1792 2.68157696723938
1793 2.9646856784820557
1794 2.7680840492248535
1795 2.915630340576172
1796 2.965186357498169
1797 2.9611873626708984
1798 2.823026657104492
1799 2.6674423217773438
1800 2.7393455505371094
1801 2.8912675380706787
1802 2.994692325592041
1803 3.3682045936584473
1804 3.447338581085205
1805 3.3521347045898438
1806 3.007478713989258
1807 2.9599599838256836
1808 2.9192559719085693
1809 2.8233449459075928
1810 2.798976182937622
1811 2.738525152206421
1812 2.8021719455718994
1813 2.8430752754211426
1814 3.2409305572509766
1815 2.9244978427886963
1816 2.6856417655944824
1817 2.37722110748291
1818 2.69295334815979
1819 2.5571107864379883
1820 2.7255842685699463
1821 2.586317777633667
1822 2.673628568649292
1823 2.2677993774414063
1824 2.2958531379699707
1825 2.3809139728546143
1826 2.5127756595611572
1827 2.48062801361084
1828 2.5939152240753174
1829 2.5114524364471436
1830 2.1736159324645996
1831 2.2667431831359863
1832 2.418301820755005
1833 2.562941551208496
1834 2.429872989654541
1835 2.4704837799072266
1836 2.524199962615967
1837 2.1418564319610596
1838 2.1598007678985596
1839 2.2150158882141113
1840 2.424164056777954
1841 2.774550437927246
1842 3.107644557952881
1843 3.134214401245117
1844 2.835758686065674
1845 3.312955617904663
1846 3.635249376296997
1847 3.3354873657226563
1848 3.4726240634918213
1849 3.7633886337280273
1850 4.081111431121826
1851 4.273427963256836
1852 4.637749671936035
1853 4.240302562713623
1854 4.432002067565918
1855 4.716235160827637
1856 4.402999401092529
1857 3.9821085929870605
1858 4.119909286499023
1859 3.3462188243865967
1860 3.702287435531616
1861 3.4022390842437744
1862 3.75225830078125
1863 3.586992025375366
1864 3.302685499191284
1865 3.522531270980835
1866 3.3842391967773438
1867 3.1786997318267822
1868 3.343055009841919
1869 3.1184873580932617
1870 3.0884499549865723
1871 3.1811928749084473
1872 3.2455801963806152
1873 3.636268138885498
1874 3.239854335784912
1875 3.2061145305633545
1876 3.0417940616607666
1877 2.632020950317383
1878 2.3848071098327637
1879 2.360868215560913
1880 2.4003310203552246
1881 2.6692018508911133
1882 2.2832272052764893
1883 2.5120127201080322
1884 2.398029088973999
1885 2.6571123600006104
1886 2.4585766792297363
1887 2.6053411960601807
1888 2.270158529281616
1889 2.3994638919830322
1890 2.549196243286133
1891 2.3662784099578857
1892 2.8479959964752197
1893 2.6346802711486816
1894 2.758368968963623
1895 3.0144529342651367
1896 2.5826237201690674
1897 2.689950466156006
1898 2.7225232124328613
1899 3.010561227798462
1900 3.0103530883789063
1901 3.3706746101379395
1902 2.950981616973877
1903 3.253654718399048
1904 3.313606023788452
1905 3.0871591567993164
1906 3.0089807510375977
1907 2.714376211166382
1908 2.764322280883789
1909 3.0143179893493652
1910 2.7787227630615234
1911 2.741859197616577
1912 2.4673361778259277
1913 2.905620813369751
1914 2.7175943851470947
1915 3.052537441253662
1916 2.910053014755249
1917 2.7847347259521484
1918 2.8440401554107666
1919 3.0058507919311523
1920 2.7214889526367188
1921 2.557339906692505
1922 2.6950457096099854
1923 2.8703527450561523
1924 2.9943087100982666
1925 2.788029432296753
1926 2.476242780685425
1927 3.0808937549591064
1928 2.8151743412017822
1929 2.650167226791382
1930 2.717956066131592
1931 2.3916800022125244
1932 2.6409897804260254
1933 2.816244602203369
1934 2.7985126972198486
1935 2.9248650074005127
1936 2.7455880641937256
1937 2.570126533508301
1938 2.5754504203796387
1939 2.5221292972564697
1940 2.3171167373657227
1941 2.4284937381744385
1942 2.379655122756958
1943 2.5120527744293213
1944 2.5801024436950684
1945 2.544940233230591
1946 2.4048478603363037
1947 2.6249852180480957
1948 2.5939371585845947
1949 2.980804204940796
1950 3.042114496231079
1951 2.8459017276763916
1952 2.8550705909729004
1953 2.9256958961486816
1954 2.5872814655303955
1955 2.5028300285339355
1956 2.627744436264038
1957 2.4853289127349854
1958 2.309244394302368
1959 2.4291110038757324
1960 2.1471550464630127
1961 2.327208995819092
1962 2.21077561378479
1963 2.074582576751709
1964 2.2238800525665283
1965 2.4144532680511475
1966 2.1830315589904785
1967 2.2259044647216797
1968 2.4031574726104736
1969 2.7634363174438477
1970 2.284310817718506
1971 2.4146227836608887
1972 2.3904173374176025
1973 2.376845121383667
1974 2.1680357456207275
1975 2.2227964401245117
1976 2.2286441326141357
1977 2.571883201599121
1978 2.2915966510772705
1979 2.158083915710449
1980 2.3022003173828125
1981 2.319923162460327
1982 2.4525387287139893
1983 2.3466920852661133
1984 2.646635055541992
1985 2.7790536880493164
1986 2.6576082706451416
1987 2.6163792610168457
1988 2.7051477432250977
1989 2.3265304565429688
1990 2.363828420639038
1991 2.3224105834960938
1992 2.4523277282714844
1993 2.4303107261657715
1994 2.488771677017212
1995 2.317544937133789
1996 2.366412401199341
1997 2.2458488941192627
1998 2.1702301502227783
1999 2.3698010444641113
2000 2.5886452198028564
2001 2.6100573539733887
2002 2.669337511062622
2003 2.7371606826782227
2004 2.7090346813201904
2005 2.669712781906128
2006 2.7051804065704346
2007 2.6241798400878906
2008 3.0640552043914795
2009 2.948592185974121
2010 2.9448814392089844
2011 3.1073157787323
2012 2.818946361541748
2013 2.62459135055542
2014 2.6750049591064453
2015 2.651768922805786
2016 2.6663858890533447
2017 2.812425374984741
2018 3.184480905532837
2019 3.2076103687286377
2020 2.837089776992798
2021 2.7402825355529785
2022 2.541053056716919
2023 2.646261692047119
2024 2.625584363937378
2025 2.999706506729126
2026 3.091219902038574
2027 2.888410806655884
2028 2.8572998046875
2029 2.644094944000244
2030 2.932776689529419
2031 3.11795711517334
2032 2.7272939682006836
2033 2.7889246940612793
2034 2.973889112472534
2035 3.124702215194702
2036 2.9264776706695557
2037 2.8706564903259277
2038 2.9117863178253174
2039 3.008502721786499
2040 2.7566285133361816
2041 2.965080499649048
2042 3.147857427597046
2043 3.046308994293213
2044 3.373652458190918
2045 3.3727755546569824
2046 3.144940137863159
2047 2.843749523162842
2048 2.6904654502868652
2049 2.806029796600342
2050 2.8159046173095703
2051 3.073627233505249
2052 2.9381959438323975
2053 3.086618661880493
2054 3.0726890563964844
2055 2.873000144958496
2056 2.9668350219726563
2057 2.7573249340057373
2058 2.851438045501709
2059 2.899934768676758
2060 2.936182737350464
2061 2.6884605884552
2062 2.7830722332000732
2063 2.972224473953247
2064 2.851909637451172
2065 2.6342554092407227
2066 2.397559404373169
2067 2.304868698120117
2068 2.376880407333374
2069 2.432337760925293
2070 2.5838205814361572
2071 2.957326889038086
2072 3.193070888519287
2073 3.192124843597412
2074 3.453742504119873
2075 3.660566806793213
2076 3.4839704036712646
2077 3.7564172744750977
2078 3.448040008544922
2079 3.1386704444885254
2080 3.6186320781707764
2081 3.6564507484436035
2082 3.431645631790161
2083 2.990058422088623
2084 3.06766676902771
2085 3.386505126953125
2086 3.0416481494903564
2087 3.068244695663452
2088 3.1335532665252686
2089 2.9296867847442627
2090 3.048957109451294
2091 2.9382572174072266
2092 3.181236743927002
2093 2.9588310718536377
2094 2.8833155632019043
2095 2.6736490726470947
2096 2.7913978099823
2097 2.7513296604156494
2098 2.490600347518921
2099 2.7328860759735107
2100 2.542299747467041
2101 2.2188332080841064
2102 2.223464250564575
2103 2.678818464279175
2104 2.534759521484375
2105 2.2675833702087402
2106 2.3035764694213867
2107 2.3020548820495605
2108 2.1357619762420654
2109 2.2396769523620605
2110 2.3724067211151123
2111 2.340585947036743
2112 2.2832882404327393
2113 2.556196689605713
2114 2.6572930812835693
2115 2.547168731689453
2116 2.9356234073638916
2117 3.0320992469787598
2118 3.0880157947540283
2119 2.5280628204345703
2120 2.776562452316284
2121 2.791719913482666
2122 2.550200939178467
2123 2.5952794551849365
2124 2.9539849758148193
2125 2.8026814460754395
2126 3.0010793209075928
2127 2.638153076171875
2128 3.067274332046509
2129 3.0361080169677734
2130 3.172919750213623
2131 3.3187270164489746
2132 2.959282159805298
2133 3.2236435413360596
2134 2.9977800846099854
2135 3.1568925380706787
2136 3.615339994430542
2137 2.9389264583587646
2138 3.1222915649414063
2139 3.1871464252471924
2140 3.196356773376465
2141 2.9936704635620117
2142 3.1101038455963135
2143 3.1284239292144775
2144 2.809251546859741
2145 2.8924784660339355
2146 2.787639617919922
2147 2.6543896198272705
2148 2.524089813232422
2149 2.6850545406341553
2150 2.4130139350891113
2151 2.7242093086242676
2152 3.0249016284942627
2153 2.878721237182617
2154 2.9402072429656982
2155 2.9112157821655273
2156 3.010324716567993
2157 3.089526891708374
2158 3.1617584228515625
2159 3.1981260776519775
2160 2.569756031036377
2161 2.4028499126434326
2162 2.594616174697876
2163 2.386868715286255
2164 2.4058165550231934
2165 2.924910545349121
2166 3.0151164531707764
2167 2.6747653484344482
2168 2.9974353313446045
2169 2.987342357635498
2170 3.3168728351593018
2171 2.7148277759552
2172 2.839515209197998
2173 2.7090859413146973
2174 2.593942880630493
2175 2.6068243980407715
2176 2.260695695877075
2177 2.173609972000122
2178 2.3050267696380615
2179 2.491053581237793
2180 2.6658926010131836
2181 2.5216619968414307
2182 2.554445505142212
2183 2.3628604412078857
2184 2.0710997581481934
2185 2.511561393737793
2186 2.7804646492004395
2187 2.765021562576294
2188 2.7139229774475098
2189 2.7622780799865723
2190 2.542653799057007
2191 2.62395977973938
2192 2.43624210357666
2193 2.277057409286499
2194 2.238144874572754
2195 2.633464813232422
2196 2.9842727184295654
2197 3.352429151535034
2198 2.8661723136901855
2199 2.696742534637451
2200 2.7052550315856934
2201 2.897742986679077
2202 3.2373759746551514
2203 3.139289140701294
2204 2.8839213848114014
2205 3.041942596435547
2206 2.498708724975586
2207 2.367133617401123
2208 2.439103364944458
2209 2.5311005115509033
2210 3.001020908355713
2211 2.7278051376342773
2212 2.8690946102142334
2213 2.709977626800537
2214 2.6643576622009277
2215 2.1669466495513916
2216 2.4838950634002686
2217 2.4171676635742188
2218 2.30230975151062
2219 2.584923028945923
2220 2.3474745750427246
2221 2.636885643005371
2222 2.6677839756011963
2223 2.6432735919952393
2224 2.5871853828430176
2225 2.587378740310669
2226 2.687474012374878
2227 2.6910550594329834
2228 2.7301087379455566
2229 2.389545202255249
2230 2.856656789779663
2231 2.5509815216064453
2232 2.82924222946167
2233 2.8198585510253906
2234 2.5609641075134277
2235 2.469952344894409
2236 2.1200385093688965
2237 2.5239508152008057
2238 2.5041189193725586
2239 2.4059627056121826
2240 2.222029685974121
2241 2.28262996673584
2242 2.415043830871582
2243 2.39530873298645
2244 2.367764472961426
2245 2.1131627559661865
2246 2.4129936695098877
2247 2.198410749435425
2248 2.2071080207824707
2249 1.952134370803833
2250 1.9879857301712036
2251 2.209813117980957
2252 2.7292869091033936
2253 2.6256802082061768
2254 2.6224772930145264
2255 2.855161190032959
2256 2.6798999309539795
2257 2.723252534866333
2258 3.3369038105010986
2259 3.031578779220581
2260 2.6328630447387695
2261 2.535475969314575
2262 2.5736336708068848
2263 2.6205897331237793
2264 2.7562246322631836
2265 2.651043653488159
2266 2.4992570877075195
2267 2.9277727603912354
2268 3.1809802055358887
2269 2.8628735542297363
2270 2.8404183387756348
2271 2.7594640254974365
2272 2.652884006500244
2273 2.656994104385376
2274 2.4871106147766113
2275 2.3805360794067383
2276 2.493252754211426
2277 2.3412673473358154
2278 2.414736032485962
2279 2.683439016342163
2280 2.478087902069092
2281 2.7289650440216064
2282 2.4297587871551514
2283 2.591794729232788
2284 2.7290890216827393
2285 2.973391532897949
2286 2.9877078533172607
2287 3.2216196060180664
2288 3.0828046798706055
2289 3.1600940227508545
2290 2.774444103240967
2291 2.773822784423828
2292 2.5764780044555664
2293 2.5755417346954346
2294 2.4269208908081055
2295 2.671739339828491
2296 2.323765277862549
2297 2.3241400718688965
2298 2.3574414253234863
2299 2.2903668880462646
2300 2.4094769954681396
2301 2.513343572616577
2302 2.4883108139038086
2303 2.3867363929748535
2304 2.46419620513916
2305 2.4635517597198486
2306 2.4827182292938232
2307 2.3960070610046387
2308 2.3380324840545654
2309 2.403090000152588
2310 2.469731092453003
2311 2.818988800048828
2312 2.841905355453491
2313 3.005922555923462
2314 2.5222280025482178
2315 2.215318441390991
2316 2.197413921356201
2317 2.25032901763916
2318 2.134078025817871
2319 2.587973117828369
2320 2.481039524078369
2321 2.7220945358276367
2322 2.7606041431427
2323 2.723804473876953
2324 2.5565218925476074
2325 2.6498658657073975
2326 2.583704710006714
2327 2.7480452060699463
2328 2.6876683235168457
2329 2.6582679748535156
2330 2.847287893295288
2331 2.793191909790039
2332 2.574262857437134
2333 2.6436407566070557
2334 2.6507372856140137
2335 2.5210041999816895
2336 2.715721368789673
2337 2.7860379219055176
2338 2.41955828666687
2339 2.7433817386627197
2340 2.699384927749634
2341 2.5886292457580566
2342 2.277397394180298
2343 2.6843478679656982
2344 2.5088562965393066
2345 2.394768238067627
2346 2.208138942718506
2347 2.621077299118042
2348 2.3009445667266846
2349 2.4273319244384766
2350 2.5265491008758545
2351 2.5857152938842773
2352 2.524935483932495
2353 2.602360963821411
2354 2.760390520095825
2355 2.9679791927337646
2356 2.4421072006225586
2357 2.4218037128448486
2358 2.2244479656219482
2359 2.2199273109436035
2360 2.473191022872925
2361 2.2252197265625
2362 2.3394057750701904
2363 2.440660238265991
2364 2.4381043910980225
2365 2.5513062477111816
2366 2.5949485301971436
2367 2.884888172149658
2368 2.8810648918151855
2369 2.9568989276885986
2370 2.8824000358581543
2371 3.133544445037842
2372 2.858276605606079
2373 2.6603941917419434
2374 2.5293118953704834
2375 2.781083345413208
2376 2.8742947578430176
2377 2.8871331214904785
2378 3.004131555557251
2379 3.0663626194000244
2380 3.2138161659240723
2381 3.0019454956054688
2382 3.0493874549865723
2383 3.246112585067749
2384 3.2218942642211914
2385 2.955204963684082
2386 2.71313738822937
2387 2.67781925201416
2388 2.570268392562866
2389 2.584644317626953
2390 2.619537591934204
2391 2.753685712814331
2392 2.9399354457855225
2393 3.014364719390869
2394 2.8679873943328857
2395 3.0611302852630615
2396 2.8584492206573486
2397 2.950415849685669
2398 2.9749984741210938
2399 3.144645929336548
2400 2.726059913635254
2401 2.7199196815490723
2402 2.5344417095184326
2403 2.6372599601745605
2404 2.4667351245880127
2405 2.3417232036590576
2406 2.256633996963501
2407 2.3646481037139893
2408 2.260852575302124
2409 2.20442795753479
2410 2.4372167587280273
2411 2.4638586044311523
2412 2.641087293624878
2413 2.500526189804077
2414 2.4069302082061768
2415 2.6629505157470703
2416 2.853588581085205
2417 2.3551745414733887
2418 2.4055869579315186
2419 2.1893720626831055
2420 2.328956365585327
2421 2.2813472747802734
2422 2.36295223236084
2423 2.5214927196502686
2424 2.6410317420959473
2425 2.6240921020507813
2426 2.80873703956604
2427 2.96370530128479
2428 2.9684276580810547
2429 2.8061296939849854
2430 2.7021591663360596
2431 2.7601327896118164
2432 2.5245633125305176
2433 2.205303907394409
2434 2.418792724609375
2435 2.595831871032715
2436 2.1221823692321777
2437 2.196319818496704
2438 2.412843704223633
2439 2.1902577877044678
2440 2.1227009296417236
2441 2.4305355548858643
2442 2.2406303882598877
2443 2.1357052326202393
2444 2.448599338531494
2445 2.2001168727874756
2446 2.3600869178771973
2447 2.4758143424987793
2448 2.0613884925842285
2449 2.349247932434082
2450 2.462218761444092
2451 2.4437243938446045
2452 2.3935084342956543
2453 2.3797714710235596
2454 2.6627261638641357
2455 2.423558473587036
2456 2.428696632385254
2457 2.555919885635376
2458 2.7501537799835205
2459 2.715792417526245
2460 2.922963857650757
2461 3.1482276916503906
2462 3.1113121509552
2463 3.285719633102417
2464 3.3311562538146973
2465 2.993121385574341
2466 2.892249822616577
2467 2.7176997661590576
2468 3.231746196746826
2469 3.1658856868743896
2470 2.9443912506103516
2471 3.2713241577148438
2472 3.2949206829071045
2473 2.667654514312744
2474 2.7085530757904053
2475 2.0610735416412354
2476 2.2179877758026123
2477 2.2785303592681885
2478 2.29178786277771
2479 2.1649575233459473
2480 2.337100028991699
2481 2.5468039512634277
2482 2.5848655700683594
2483 2.862253427505493
2484 2.829777956008911
2485 2.6551685333251953
2486 2.404691696166992
2487 2.280667304992676
2488 2.5042104721069336
2489 2.3013057708740234
2490 2.1153533458709717
2491 2.2023937702178955
2492 2.487375259399414
2493 2.5132274627685547
2494 2.598968505859375
2495 2.3871662616729736
2496 2.705479860305786
2497 2.6878767013549805
2498 2.6426029205322266
2499 2.7593488693237305
2500 2.647648334503174
2501 2.3946282863616943
2502 2.285123586654663
2503 2.1122162342071533
2504 2.2740063667297363
2505 2.382277727127075
2506 2.387730360031128
2507 2.16780161857605
2508 2.452838659286499
2509 2.725468397140503
2510 2.7277209758758545
2511 2.849724531173706
2512 2.359947681427002
2513 2.365359306335449
2514 2.6476452350616455
2515 3.0127012729644775
2516 2.986029624938965
2517 2.7156784534454346
2518 2.5134525299072266
2519 2.42627215385437
2520 2.586604356765747
2521 2.5236806869506836
2522 2.5251848697662354
2523 2.0496184825897217
2524 2.5073318481445313
2525 2.245638370513916
2526 2.1654274463653564
2527 2.0556752681732178
2528 2.1537163257598877
2529 2.225741386413574
2530 2.3069639205932617
2531 2.1179113388061523
2532 2.0910391807556152
2533 2.279080867767334
2534 2.282200336456299
2535 2.469055652618408
2536 2.6061551570892334
2537 2.366832733154297
2538 2.570016384124756
2539 2.867255449295044
2540 2.482233762741089
2541 2.225567579269409
2542 2.2627861499786377
2543 1.8936960697174072
2544 2.009800434112549
2545 1.8740252256393433
2546 1.8657687902450562
2547 1.9194974899291992
2548 1.8020379543304443
2549 2.2316346168518066
2550 1.979954481124878
2551 2.064150333404541
2552 1.9249687194824219
2553 2.102526903152466
2554 2.405518054962158
2555 2.233480453491211
2556 2.3176538944244385
2557 2.2976059913635254
2558 2.2986607551574707
2559 2.3911168575286865
2560 2.7263450622558594
2561 2.724297523498535
2562 2.668241500854492
2563 2.459841012954712
2564 2.649052381515503
2565 2.600459098815918
2566 2.505509853363037
2567 2.4735264778137207
2568 2.53438401222229
2569 2.194211959838867
2570 2.367151975631714
2571 2.181396484375
2572 2.30418062210083
2573 2.274109125137329
2574 1.9951549768447876
2575 2.147245407104492
2576 1.9736231565475464
2577 2.313167095184326
2578 2.0950064659118652
2579 2.059337615966797
2580 1.922068476676941
2581 2.0197930335998535
2582 1.9491312503814697
2583 1.8741017580032349
2584 1.7460439205169678
2585 1.816581130027771
2586 2.108532667160034
2587 2.047945261001587
2588 2.420610189437866
2589 2.390937089920044
2590 2.4454548358917236
2591 2.159281015396118
2592 2.3738768100738525
2593 2.8338279724121094
2594 2.252147912979126
2595 2.3012969493865967
2596 2.2670938968658447
2597 2.265885353088379
2598 2.2652428150177
2599 2.6745026111602783
2600 2.7899250984191895
2601 2.294119358062744
2602 2.199934720993042
2603 2.1375558376312256
2604 1.9557750225067139
2605 2.0769782066345215
2606 2.117591142654419
2607 2.1440179347991943
2608 2.177133560180664
2609 2.186332941055298
2610 2.039719581604004
2611 2.176009178161621
2612 2.1076762676239014
2613 2.090968370437622
2614 2.286121129989624
2615 2.412595510482788
2616 2.258312225341797
2617 2.3269693851470947
2618 2.658984661102295
2619 3.062560796737671
2620 2.8255455493927
2621 2.7314271926879883
2622 2.9423248767852783
2623 2.894838333129883
2624 2.8362321853637695
2625 2.3897881507873535
2626 2.1440110206604004
2627 2.108168363571167
2628 2.16064715385437
2629 2.3537368774414063
2630 2.338822841644287
2631 2.269420623779297
2632 2.3072240352630615
2633 2.300344467163086
2634 2.107539415359497
2635 2.1151680946350098
2636 2.3130123615264893
2637 2.0155720710754395
2638 2.1245391368865967
2639 2.1562540531158447
2640 2.4051480293273926
2641 1.929255485534668
2642 2.0739965438842773
2643 2.259756565093994
2644 2.0463497638702393
2645 2.100839138031006
2646 1.966134786605835
2647 2.299631357192993
2648 2.8429794311523438
2649 2.7139554023742676
2650 2.327496290206909
2651 2.255502700805664
2652 2.4309606552124023
2653 2.4895288944244385
2654 2.2785608768463135
2655 2.0848467350006104
2656 2.2714309692382813
2657 2.5430874824523926
2658 2.575937032699585
2659 2.480483055114746
2660 2.6152870655059814
2661 2.3838679790496826
2662 2.0594100952148438
2663 2.0967156887054443
2664 1.7803820371627808
2665 1.8922009468078613
2666 1.9833295345306396
2667 1.9302855730056763
2668 1.9907821416854858
2669 2.250791072845459
2670 2.124521017074585
2671 2.279122829437256
2672 2.060060501098633
2673 2.4566850662231445
2674 2.448817253112793
2675 2.417426347732544
2676 2.603846549987793
2677 2.4526076316833496
2678 2.753370523452759
2679 2.4197776317596436
2680 2.1771068572998047
2681 2.236211061477661
2682 2.334174871444702
2683 2.240696907043457
2684 2.082334518432617
2685 1.974484920501709
2686 2.151475667953491
2687 2.0437636375427246
2688 2.0911753177642822
2689 2.031644105911255
2690 2.0990076065063477
2691 1.9993704557418823
2692 2.208672523498535
2693 2.4488165378570557
2694 2.5050079822540283
2695 2.726370334625244
2696 2.654438018798828
2697 2.4120569229125977
2698 2.768897294998169
2699 2.929075002670288
2700 3.180751085281372
2701 2.7881102561950684
2702 2.9204955101013184
2703 2.8590848445892334
2704 2.9164083003997803
2705 2.6223349571228027
2706 2.937880039215088
2707 2.698709726333618
2708 2.8446240425109863
2709 2.5194854736328125
2710 2.856121778488159
2711 2.574414014816284
2712 2.6479766368865967
2713 3.0348336696624756
2714 3.060779571533203
2715 3.286186456680298
2716 3.430691957473755
2717 3.4343249797821045
2718 3.263338804244995
2719 3.292180061340332
2720 3.0522758960723877
2721 2.8646938800811768
2722 2.736379384994507
2723 2.650252103805542
2724 2.635420799255371
2725 2.6628737449645996
2726 2.6809630393981934
2727 2.8951528072357178
2728 2.4784955978393555
2729 2.9535608291625977
2730 3.072237253189087
2731 2.836778163909912
2732 2.8257129192352295
2733 2.993008613586426
2734 2.960038185119629
2735 2.654034376144409
2736 2.4474446773529053
2737 2.8354899883270264
2738 2.5306284427642822
2739 2.548637628555298
2740 2.6313226222991943
2741 2.5829670429229736
2742 2.8069887161254883
2743 2.8456830978393555
2744 3.112640142440796
2745 3.1578726768493652
2746 2.999108076095581
2747 2.980319023132324
2748 2.962800979614258
2749 2.7941248416900635
2750 2.486389636993408
2751 2.3434464931488037
2752 2.4006123542785645
2753 2.3753678798675537
2754 2.4339241981506348
2755 2.3496487140655518
2756 2.5007565021514893
2757 2.4131510257720947
2758 2.4089608192443848
2759 2.4371936321258545
2760 2.2228188514709473
2761 2.323157787322998
2762 2.4020121097564697
2763 2.3945887088775635
2764 2.7082176208496094
2765 2.365328311920166
2766 2.737035036087036
2767 2.527721881866455
2768 2.6552646160125732
2769 2.7765185832977295
2770 2.675748825073242
2771 2.792999744415283
2772 2.6787333488464355
2773 2.9699788093566895
2774 2.8487792015075684
2775 2.6321280002593994
2776 2.567354202270508
2777 2.5336716175079346
2778 2.738032102584839
2779 2.477428674697876
2780 2.510913848876953
2781 2.4946024417877197
2782 2.449573278427124
2783 2.244314193725586
2784 2.3899474143981934
2785 2.6180367469787598
2786 2.7649004459381104
2787 2.745651960372925
2788 2.8315184116363525
2789 2.524165630340576
2790 2.569455862045288
2791 2.7880725860595703
2792 2.863680124282837
2793 3.0211005210876465
2794 2.6890757083892822
2795 2.4544677734375
2796 2.484440565109253
2797 2.4434986114501953
2798 2.1534295082092285
2799 2.4624946117401123
2800 2.303462266921997
2801 2.7314400672912598
2802 2.838346242904663
2803 2.693305253982544
2804 2.5843186378479004
2805 2.4434752464294434
2806 2.9212071895599365
2807 2.7806856632232666
2808 2.637507438659668
2809 2.8972880840301514
2810 2.7948288917541504
2811 2.7742693424224854
2812 2.7209460735321045
2813 2.838019609451294
2814 2.51997971534729
2815 2.284602642059326
2816 2.3303329944610596
2817 2.3380789756774902
2818 2.5773587226867676
2819 2.460977554321289
2820 2.5869781970977783
2821 2.855288505554199
2822 2.7243213653564453
2823 2.968015193939209
2824 2.955648183822632
2825 2.8327794075012207
2826 2.5932488441467285
2827 2.8098702430725098
2828 2.980661630630493
2829 3.0928351879119873
2830 2.8545949459075928
2831 2.745388984680176
2832 2.7524166107177734
2833 2.818502187728882
2834 2.8696556091308594
2835 3.08012056350708
2836 3.01669979095459
2837 2.954983949661255
2838 2.498504400253296
2839 2.4846203327178955
2840 2.821420192718506
2841 2.714402437210083
2842 2.9032788276672363
2843 2.7810797691345215
2844 3.0075888633728027
2845 2.8635411262512207
2846 3.021069049835205
2847 3.1061830520629883
2848 3.2562687397003174
2849 2.987623453140259
2850 2.5713391304016113
2851 2.5536768436431885
2852 2.7547123432159424
2853 2.6349995136260986
2854 2.9959585666656494
2855 2.8379790782928467
2856 3.086785078048706
2857 3.4036223888397217
2858 3.148338794708252
2859 3.148097276687622
2860 3.162909984588623
2861 2.9371438026428223
2862 2.717209815979004
2863 2.5303053855895996
2864 2.48980975151062
2865 3.1877267360687256
2866 3.3492894172668457
2867 3.282830238342285
2868 3.664727210998535
2869 3.4327402114868164
2870 3.531939744949341
2871 3.644606113433838
2872 3.0227556228637695
2873 2.8491296768188477
2874 2.771162748336792
2875 3.0065252780914307
2876 2.7899091243743896
2877 2.3194456100463867
2878 2.581137180328369
2879 2.699068307876587
2880 2.6852567195892334
2881 2.776888608932495
2882 2.569047212600708
2883 2.823878049850464
2884 2.7555763721466064
2885 2.6451821327209473
2886 2.6074841022491455
2887 2.7224912643432617
2888 2.9983551502227783
2889 2.9098167419433594
2890 3.0672688484191895
2891 3.1696219444274902
2892 3.17340087890625
2893 3.5298550128936768
2894 3.126067638397217
2895 2.7234129905700684
2896 2.6016321182250977
2897 2.75954270362854
2898 2.6013550758361816
2899 2.6953938007354736
2900 2.654057502746582
2901 2.261971950531006
2902 2.1768686771392822
2903 2.4577836990356445
2904 2.7256791591644287
2905 2.7678067684173584
2906 2.7775964736938477
2907 2.7940900325775146
2908 2.6650893688201904
2909 3.0392160415649414
2910 2.5905568599700928
2911 2.580265760421753
2912 2.450848340988159
2913 2.651873826980591
2914 2.5846710205078125
2915 3.011502742767334
2916 3.0103304386138916
2917 2.5745339393615723
2918 2.527663469314575
2919 2.708021402359009
2920 2.5768394470214844
2921 2.7570629119873047
2922 2.7121946811676025
2923 2.764692783355713
2924 2.5797762870788574
2925 2.5707364082336426
2926 2.740767478942871
2927 3.436842679977417
2928 3.5069632530212402
2929 3.280543327331543
2930 3.3180172443389893
2931 3.7857494354248047
2932 3.7025156021118164
2933 3.6184980869293213
2934 2.983484983444214
2935 2.6442322731018066
2936 2.563363790512085
2937 2.521125316619873
2938 2.5604851245880127
2939 2.5863940715789795
2940 2.316527843475342
2941 2.776437997817993
2942 2.6761105060577393
2943 2.715048313140869
2944 2.4867959022521973
2945 2.627032518386841
2946 2.5249505043029785
2947 2.949857234954834
2948 2.6512396335601807
2949 2.8907859325408936
2950 3.219637155532837
2951 2.958597183227539
2952 3.2419657707214355
2953 3.2338931560516357
2954 3.0242347717285156
2955 3.032201051712036
2956 2.9331328868865967
2957 2.946178436279297
2958 3.329700469970703
2959 3.1739349365234375
2960 3.132052183151245
2961 3.1160900592803955
2962 2.954526424407959
2963 2.7112174034118652
2964 2.8451406955718994
2965 2.7836010456085205
2966 2.8849823474884033
2967 2.7199482917785645
2968 2.5951898097991943
2969 2.5276105403900146
2970 2.6857755184173584
2971 2.7361338138580322
2972 2.6842358112335205
2973 2.8404717445373535
2974 2.678191900253296
2975 2.8686459064483643
2976 3.056333065032959
2977 2.9676101207733154
2978 3.086289167404175
2979 3.1000559329986572
2980 3.1560850143432617
2981 3.221681594848633
2982 2.8437931537628174
2983 2.598046064376831
2984 2.8196935653686523
2985 3.157618761062622
2986 2.617198944091797
2987 2.544792890548706
2988 2.5983455181121826
2989 2.705866813659668
2990 2.50949764251709
2991 2.653409004211426
2992 2.546570301055908
2993 2.693094491958618
2994 2.787400960922241
2995 2.8194284439086914
2996 2.830125570297241
2997 2.7439606189727783
2998 2.846384048461914
2999 2.998528242111206
3000 2.7599422931671143
3001 2.864187002182007
3002 2.8458690643310547
3003 2.7317819595336914
3004 2.933990955352783
3005 2.8135693073272705
3006 2.796276807785034
3007 2.678208112716675
3008 2.878472328186035
3009 2.6067256927490234
3010 2.6084671020507813
3011 2.4094948768615723
3012 2.5482590198516846
3013 2.4319686889648438
3014 2.525728940963745
3015 2.6603236198425293
3016 2.5692412853240967
3017 2.753095865249634
3018 2.6337311267852783
3019 2.429762840270996
3020 2.7684433460235596
3021 2.7754600048065186
3022 3.039462089538574
3023 3.1345324516296387
3024 2.6464245319366455
3025 2.6882193088531494
3026 2.6894960403442383
3027 2.8802905082702637
3028 2.7396130561828613
3029 2.6703195571899414
3030 2.874271869659424
3031 3.1316473484039307
3032 3.203036308288574
3033 2.7463066577911377
3034 2.437769651412964
3035 2.6206119060516357
3036 2.703407049179077
3037 2.767000198364258
3038 2.637580633163452
3039 2.7966597080230713
3040 2.9044415950775146
3041 3.2968249320983887
3042 3.138500452041626
3043 3.302701473236084
3044 3.4936153888702393
3045 3.469799518585205
3046 3.4410479068756104
3047 3.631824254989624
3048 3.7681915760040283
3049 3.7624075412750244
3050 3.8170950412750244
3051 3.455186605453491
3052 3.12125825881958
3053 3.1511130332946777
3054 3.43145489692688
3055 3.2011959552764893
3056 3.161658525466919
3057 3.444983959197998
3058 3.278123378753662
3059 3.0488333702087402
3060 3.057162284851074
3061 2.98443865776062
3062 2.818199396133423
3063 2.7528998851776123
3064 2.4824886322021484
3065 2.420527219772339
3066 2.5859854221343994
3067 2.701766014099121
3068 2.8312008380889893
3069 2.7706480026245117
3070 2.8089468479156494
3071 2.6786348819732666
3072 2.6479694843292236
3073 2.4233689308166504
3074 2.849534273147583
3075 2.7403228282928467
3076 2.725104331970215
3077 2.44766902923584
3078 2.4782819747924805
3079 2.6855156421661377
3080 2.606394052505493
3081 2.521594524383545
3082 2.621227502822876
3083 2.5208168029785156
3084 2.6617014408111572
3085 2.460210084915161
3086 2.6191611289978027
3087 2.4141879081726074
3088 2.1752450466156006
3089 2.284209728240967
3090 2.6108241081237793
3091 2.7158687114715576
3092 2.703742265701294
3093 2.7997961044311523
3094 2.730081558227539
3095 2.7686808109283447
3096 2.9328203201293945
3097 3.0971508026123047
3098 3.4153738021850586
3099 3.2069342136383057
3100 3.3129396438598633
3101 2.7969260215759277
3102 2.6659250259399414
3103 3.00654673576355
3104 2.9166440963745117
3105 3.0789284706115723
3106 2.857292652130127
3107 2.6495680809020996
3108 2.8014309406280518
3109 2.805732250213623
3110 2.8395209312438965
3111 2.888920783996582
3112 2.9881794452667236
3113 3.0242440700531006
3114 2.9375219345092773
3115 2.585231304168701
3116 2.6812615394592285
3117 2.687221050262451
3118 2.7413125038146973
3119 2.904916524887085
3120 2.901930093765259
3121 2.5365138053894043
3122 2.372776508331299
3123 2.553252935409546
3124 2.5108580589294434
3125 2.226276159286499
3126 2.286831855773926
3127 2.3876521587371826
3128 2.786375045776367
3129 3.1380105018615723
3130 2.976175308227539
3131 3.2404680252075195
3132 3.0045313835144043
3133 2.8510916233062744
3134 2.7031490802764893
3135 3.0791711807250977
3136 3.2040088176727295
3137 3.516279697418213
3138 3.388073682785034
3139 3.447434902191162
3140 3.1561710834503174
3141 3.640096426010132
3142 3.5282227993011475
3143 3.7352395057678223
3144 3.1142423152923584
3145 2.7677459716796875
3146 2.75270414352417
3147 2.8339669704437256
3148 2.5050129890441895
3149 2.5116641521453857
3150 2.491694211959839
3151 2.2676877975463867
3152 2.463399887084961
3153 3.0279698371887207
3154 2.860914707183838
3155 2.748626232147217
3156 2.463862180709839
3157 2.2148427963256836
3158 2.5265119075775146
3159 2.551245927810669
3160 2.961559295654297
3161 3.330124616622925
3162 3.438422679901123
3163 3.2436234951019287
3164 3.0633230209350586
3165 2.82852840423584
3166 2.9338083267211914
3167 2.9114303588867188
3168 2.9256086349487305
3169 3.09735369682312
3170 2.916282892227173
3171 2.9717307090759277
3172 2.6252634525299072
3173 2.7434754371643066
3174 2.410944938659668
3175 2.3484959602355957
3176 2.5633792877197266
3177 2.4527535438537598
3178 2.294973134994507
3179 2.309194564819336
3180 2.267226457595825
3181 2.3186888694763184
3182 2.220106601715088
3183 2.507657766342163
3184 2.420891284942627
3185 2.084926128387451
3186 2.0779926776885986
3187 2.0929629802703857
3188 2.308476209640503
3189 2.487334966659546
3190 2.5023205280303955
3191 2.2344634532928467
3192 2.333620071411133
3193 2.1469032764434814
3194 2.239732027053833
3195 2.310192108154297
3196 2.1868834495544434
3197 2.1960654258728027
3198 2.0756044387817383
3199 2.1971120834350586
3200 2.1314821243286133
3201 2.3567731380462646
3202 2.2316510677337646
3203 2.2680065631866455
3204 2.431558847427368
3205 2.338519334793091
3206 2.563713788986206
3207 2.1393885612487793
3208 2.2598776817321777
3209 2.3021061420440674
3210 2.349508762359619
3211 2.042309522628784
3212 2.244055986404419
3213 1.9788016080856323
3214 2.1748902797698975
3215 1.9785128831863403
3216 2.183802604675293
3217 2.243908643722534
3218 2.186613082885742
3219 2.1786670684814453
3220 2.1624929904937744
3221 2.122464895248413
3222 2.377756118774414
3223 2.0885746479034424
3224 2.3415305614471436
3225 2.5428671836853027
3226 2.294095754623413
3227 2.219099998474121
3228 2.1575913429260254
3229 2.2504985332489014
3230 2.24230694770813
3231 2.588466167449951
3232 2.3917384147644043
3233 2.3889448642730713
3234 2.442169189453125
3235 2.809777021408081
3236 2.9198312759399414
3237 2.8081917762756348
3238 2.8973629474639893
3239 2.9724855422973633
3240 2.8902041912078857
3241 2.8309600353240967
3242 2.8482351303100586
3243 2.234901189804077
3244 2.3207106590270996
3245 2.242931604385376
3246 2.558361530303955
3247 2.369377851486206
3248 2.3749115467071533
3249 2.6777141094207764
3250 2.4062294960021973
3251 2.6252477169036865
3252 2.656109094619751
3253 2.6753244400024414
3254 2.6263344287872314
3255 2.618313789367676
3256 2.2069826126098633
3257 2.1511776447296143
3258 2.551025390625
3259 2.2246804237365723
3260 2.4939634799957275
3261 2.655271291732788
3262 2.4830141067504883
3263 2.3626797199249268
3264 2.4758872985839844
3265 2.5097975730895996
3266 2.6176598072052
3267 2.6376333236694336
3268 2.3898236751556396
3269 2.36249041557312
3270 2.824903964996338
3271 2.637511730194092
3272 2.134442090988159
3273 2.4286506175994873
3274 2.2818944454193115
3275 2.443340301513672
3276 2.6727678775787354
3277 2.7362093925476074
3278 2.6204917430877686
3279 2.8201425075531006
3280 2.694094181060791
3281 2.511934757232666
3282 2.2999463081359863
3283 2.2562007904052734
3284 2.4694292545318604
3285 2.3225879669189453
3286 2.4627604484558105
3287 2.5617051124572754
3288 2.660705804824829
3289 2.8393959999084473
3290 2.173638105392456
3291 2.101877450942993
3292 2.375446319580078
3293 2.164808988571167
3294 2.193054676055908
3295 2.3917062282562256
3296 2.358313798904419
3297 1.7978144884109497
3298 1.8446372747421265
3299 1.9020742177963257
3300 1.9073340892791748
3301 2.018615961074829
3302 2.1950650215148926
3303 2.4299826622009277
3304 2.4042551517486572
3305 2.5435335636138916
3306 2.364128828048706
3307 1.9908486604690552
3308 2.1096231937408447
3309 2.0968682765960693
3310 1.9372854232788086
3311 2.120842218399048
3312 2.372091770172119
3313 2.6178369522094727
3314 2.815307378768921
3315 2.802269697189331
3316 2.9358315467834473
3317 2.8648271560668945
3318 2.8061182498931885
3319 2.7621355056762695
3320 2.8314807415008545
3321 2.807840585708618
3322 3.2820982933044434
3323 3.354611396789551
3324 2.7701103687286377
3325 2.621320962905884
3326 2.806051254272461
3327 2.922818422317505
3328 3.007159471511841
3329 3.0767405033111572
3330 2.7689943313598633
3331 3.0205447673797607
3332 2.672595262527466
3333 2.5020904541015625
3334 2.8115386962890625
3335 2.8168509006500244
3336 2.7791340351104736
3337 2.585460662841797
3338 3.0548317432403564
3339 2.7582578659057617
3340 2.544654369354248
3341 2.332537889480591
3342 2.3117637634277344
3343 2.4501852989196777
3344 2.539937973022461
3345 2.5390090942382813
3346 2.484058141708374
3347 2.758451223373413
3348 2.7377970218658447
3349 2.8700757026672363
3350 2.735395908355713
3351 2.5720999240875244
3352 2.6972594261169434
3353 2.3153960704803467
3354 2.4762063026428223
3355 2.3156497478485107
3356 2.440854787826538
3357 2.2009994983673096
3358 1.9385656118392944
3359 2.1869492530822754
3360 2.251847267150879
3361 2.2575619220733643
3362 2.495743751525879
3363 2.3970694541931152
3364 2.285017490386963
3365 2.334850788116455
3366 2.2816247940063477
3367 2.3132896423339844
3368 2.799269199371338
3369 2.0705909729003906
3370 2.211744785308838
3371 2.1821675300598145
3372 2.1356136798858643
3373 2.582932949066162
3374 2.453754425048828
3375 2.8583250045776367
3376 2.433631181716919
3377 2.285050868988037
3378 2.5210213661193848
3379 2.16343092918396
3380 2.0353596210479736
3381 1.9222021102905273
3382 1.936585783958435
3383 2.012556791305542
3384 1.8701121807098389
3385 2.037834644317627
3386 1.8029977083206177
3387 2.1236960887908936
3388 1.8672879934310913
3389 1.9460411071777344
3390 2.1935513019561768
3391 2.2044103145599365
3392 2.1922147274017334
3393 2.370943307876587
3394 2.2520878314971924
3395 2.268277645111084
3396 2.417926788330078
3397 2.0761406421661377
3398 2.3690860271453857
3399 2.1749000549316406
3400 1.9970290660858154
3401 1.9702050685882568
3402 2.0291216373443604
3403 1.9055194854736328
3404 1.8880915641784668
3405 1.9884312152862549
3406 2.0740301609039307
3407 1.7910672426223755
3408 1.8875479698181152
3409 2.5311715602874756
3410 2.433826208114624
3411 2.015951156616211
3412 2.021929979324341
3413 2.0644049644470215
3414 1.8393877744674683
3415 1.9676551818847656
3416 1.976037859916687
3417 1.874961018562317
3418 1.9368561506271362
3419 1.8871073722839355
3420 1.980875015258789
3421 1.565646767616272
3422 1.7374238967895508
3423 2.0247488021850586
3424 1.952288269996643
3425 2.034883975982666
3426 1.9770698547363281
3427 1.871757984161377
3428 1.9276742935180664
3429 2.0984675884246826
3430 2.3001320362091064
3431 2.09372878074646
3432 2.0887231826782227
3433 2.2288906574249268
3434 2.6051242351531982
3435 2.421093702316284
3436 2.398810625076294
3437 2.6111221313476563
3438 2.8323895931243896
3439 2.9657936096191406
3440 2.6069772243499756
3441 3.0357630252838135
3442 2.8173367977142334
3443 2.605774164199829
3444 2.3175227642059326
3445 2.2331058979034424
3446 2.1202855110168457
3447 2.485445022583008
3448 2.4753661155700684
3449 2.5188934803009033
3450 2.4881904125213623
3451 2.2906978130340576
3452 2.4840431213378906
3453 2.262193441390991
3454 2.2674806118011475
3455 2.2261815071105957
3456 2.210742950439453
3457 2.0871262550354004
3458 2.2926154136657715
3459 2.4715969562530518
3460 2.495966911315918
3461 2.5420546531677246
3462 2.6977336406707764
3463 2.2626819610595703
3464 2.539898157119751
3465 2.5886919498443604
3466 2.1187474727630615
3467 2.3260691165924072
3468 2.7252790927886963
3469 2.866558313369751
3470 2.78838849067688
3471 3.0099523067474365
3472 2.618704080581665
3473 2.479886293411255
3474 2.948488235473633
3475 2.7899532318115234
3476 2.7550995349884033
3477 2.509406805038452
3478 2.5514256954193115
3479 2.135970115661621
3480 2.307523012161255
3481 2.2690863609313965
3482 2.355084180831909
3483 2.8888421058654785
3484 2.9187495708465576
3485 2.7884514331817627
3486 2.594970226287842
3487 2.634575605392456
3488 2.583533763885498
3489 2.859074354171753
3490 2.429651975631714
3491 2.7302050590515137
3492 2.884573459625244
3493 2.922797441482544
3494 3.060842275619507
3495 2.7877442836761475
3496 2.8587679862976074
3497 3.0452749729156494
3498 3.0894317626953125
3499 2.7559123039245605
3500 2.906780242919922
3501 2.4792113304138184
3502 2.29451584815979
3503 2.1952271461486816
3504 1.989669680595398
3505 1.734765648841858
3506 1.6634416580200195
3507 1.7937953472137451
3508 1.8198192119598389
3509 1.6786168813705444
3510 1.7681362628936768
3511 1.8252376317977905
3512 2.1539716720581055
3513 2.5260419845581055
3514 2.240077018737793
3515 2.2553584575653076
3516 2.1358251571655273
3517 2.2200851440429688
3518 2.2980058193206787
3519 2.6156961917877197
3520 2.6111035346984863
3521 2.7901861667633057
3522 3.1331686973571777
3523 2.9951069355010986
3524 2.135110378265381
3525 2.209782838821411
3526 2.2050938606262207
3527 2.353858709335327
3528 2.218608856201172
3529 2.097295045852661
3530 2.0596799850463867
3531 2.0301175117492676
3532 2.1759533882141113
3533 2.444364547729492
3534 2.2080960273742676
3535 1.7323819398880005
3536 1.7251791954040527
3537 1.8566458225250244
3538 1.9230434894561768
3539 2.183089256286621
3540 1.7865502834320068
3541 1.8303688764572144
3542 1.788540244102478
3543 1.7461645603179932
3544 1.763636827468872
3545 1.853832721710205
3546 2.0008976459503174
3547 1.9608380794525146
3548 2.1449496746063232
3549 1.9737285375595093
3550 1.8490464687347412
3551 1.8168386220932007
3552 1.7260749340057373
3553 1.876617670059204
3554 1.9304898977279663
3555 1.7386653423309326
3556 2.1081836223602295
3557 1.9087235927581787
3558 1.851332187652588
3559 1.9605005979537964
3560 1.8649085760116577
3561 2.0988478660583496
3562 1.9941951036453247
3563 1.826851725578308
3564 1.5891004800796509
3565 1.9316198825836182
3566 2.0970561504364014
3567 2.3677735328674316
3568 2.233149528503418
3569 2.2288804054260254
3570 2.1378509998321533
3571 2.310297966003418
3572 2.3829431533813477
3573 2.442218542098999
3574 2.5192503929138184
3575 2.5524747371673584
3576 2.509324550628662
3577 2.587594509124756
3578 2.248199939727783
3579 2.5916900634765625
3580 2.347754955291748
3581 2.302175283432007
3582 2.1051268577575684
3583 1.7040653228759766
3584 1.7449592351913452
3585 1.9327099323272705
3586 1.7403522729873657
3587 1.8391693830490112
3588 1.7261091470718384
3589 1.8642398118972778
3590 1.942277193069458
3591 1.8649635314941406
3592 1.8974215984344482
3593 1.947777509689331
3594 1.9040342569351196
3595 2.0064802169799805
3596 2.1647415161132813
3597 2.2300140857696533
3598 1.9283368587493896
3599 1.839457392692566
3600 1.8369877338409424
3601 1.8372186422348022
3602 1.8547039031982422
3603 2.047680377960205
3604 2.2616384029388428
3605 2.498180866241455
3606 2.3931796550750732
3607 2.471679925918579
3608 2.088935613632202
3609 1.9226009845733643
3610 2.1887025833129883
3611 2.2722084522247314
3612 2.435917377471924
3613 2.528313398361206
3614 2.546506404876709
3615 2.488407850265503
3616 2.2919960021972656
3617 2.197880983352661
3618 2.3986597061157227
3619 2.215698480606079
3620 1.935318112373352
3621 2.199571132659912
3622 2.2527053356170654
3623 1.9407265186309814
3624 2.007145881652832
3625 1.7951897382736206
3626 1.7686764001846313
3627 1.8461354970932007
3628 2.2541732788085938
3629 2.214479684829712
3630 2.309004545211792
3631 2.1862096786499023
3632 2.222294807434082
3633 2.5461177825927734
3634 2.424891710281372
3635 2.3655924797058105
3636 2.339174747467041
3637 2.2785000801086426
3638 2.148023843765259
3639 2.23763370513916
3640 2.1829628944396973
3641 2.540372610092163
3642 2.64507794380188
3643 2.4357144832611084
3644 2.2522330284118652
3645 2.144620656967163
3646 2.3145148754119873
3647 2.5045011043548584
3648 2.585212230682373
3649 2.371656656265259
3650 2.46826434135437
3651 2.542005777359009
3652 2.619307518005371
3653 2.7802271842956543
3654 2.477907419204712
3655 2.2541768550872803
3656 2.2664730548858643
3657 2.2644147872924805
3658 2.2778453826904297
3659 2.212995767593384
3660 2.1111648082733154
3661 2.3355789184570313
3662 2.457348346710205
3663 2.907893657684326
3664 2.6768016815185547
3665 2.7571210861206055
3666 2.6938533782958984
3667 2.6651012897491455
3668 2.8596701622009277
3669 2.6506664752960205
3670 2.4173452854156494
3671 2.473646879196167
3672 2.3001670837402344
3673 2.4990713596343994
3674 2.3999667167663574
3675 2.4328532218933105
3676 2.375012159347534
3677 2.4525961875915527
3678 2.439490795135498
3679 2.5895612239837646
3680 2.559807777404785
3681 2.6712987422943115
3682 2.758308172225952
3683 2.9216158390045166
3684 2.7238738536834717
3685 2.799828290939331
3686 2.8847591876983643
3687 3.4053564071655273
3688 3.2908449172973633
3689 3.221858024597168
3690 3.548017978668213
3691 3.641754627227783
3692 3.2866485118865967
3693 3.29642391204834
3694 3.3948304653167725
3695 3.3322319984436035
3696 2.7563090324401855
3697 2.894420862197876
3698 2.6179802417755127
3699 2.4829413890838623
3700 2.2652904987335205
3701 2.2441227436065674
3702 2.2211079597473145
3703 1.90628981590271
3704 2.0842275619506836
3705 2.1697280406951904
3706 2.2962002754211426
3707 2.750325918197632
3708 2.5997838973999023
3709 2.535649538040161
3710 2.858002185821533
3711 3.294508695602417
3712 3.021517276763916
3713 2.7698922157287598
3714 3.009253740310669
3715 3.2505483627319336
3716 3.2860753536224365
3717 3.5997300148010254
3718 3.7426657676696777
3719 3.132776975631714
3720 2.654083013534546
3721 2.445671558380127
3722 2.586463689804077
3723 3.0149667263031006
3724 3.3501780033111572
3725 3.8750905990600586
3726 3.413501501083374
3727 3.5590147972106934
3728 3.5316309928894043
3729 3.530463457107544
3730 3.6109700202941895
3731 3.5874338150024414
3732 3.699416399002075
3733 3.752836227416992
3734 4.071781158447266
3735 4.614650726318359
3736 4.5695013999938965
3737 4.349855899810791
3738 4.020839214324951
3739 3.936340570449829
3740 3.79304838180542
3741 3.499993085861206
3742 3.065958261489868
3743 2.8848376274108887
3744 2.6483101844787598
3745 2.5809483528137207
3746 2.4435205459594727
3747 2.686537027359009
3748 2.402268886566162
3749 2.1931285858154297
3750 2.324061870574951
3751 2.540682792663574
3752 2.4236502647399902
3753 2.4841697216033936
3754 2.237852096557617
3755 2.1422247886657715
3756 2.3211493492126465
3757 2.4538447856903076
3758 2.498837471008301
3759 2.545135259628296
3760 2.7008795738220215
3761 2.7599213123321533
3762 2.9904494285583496
3763 2.97119402885437
3764 2.6584084033966064
3765 2.505246877670288
3766 2.569357395172119
3767 2.430217981338501
3768 2.444028377532959
3769 2.3073954582214355
3770 2.3004369735717773
3771 1.9384101629257202
3772 1.9255897998809814
3773 2.120868682861328
3774 2.364588975906372
3775 2.1469056606292725
3776 1.9204119443893433
3777 2.1049821376800537
3778 2.203556537628174
3779 2.688189744949341
3780 2.4856197834014893
3781 2.4645919799804688
3782 2.500920534133911
3783 2.6864168643951416
3784 2.8422131538391113
3785 2.576359510421753
3786 2.3962762355804443
3787 2.6369245052337646
3788 2.842694044113159
3789 2.732774019241333
3790 2.539642810821533
3791 2.514756679534912
3792 2.5046544075012207
3793 2.7139739990234375
3794 2.715508460998535
3795 2.34424090385437
3796 2.3764045238494873
3797 2.4722111225128174
3798 2.457240104675293
3799 2.541775703430176
3800 2.7389376163482666
3801 2.8371963500976563
3802 3.242236852645874
3803 3.20145583152771
3804 3.0583975315093994
3805 2.565683603286743
3806 2.303863048553467
3807 2.3861770629882813
3808 2.5728437900543213
3809 2.1310746669769287
3810 2.2842466831207275
3811 2.286632537841797
3812 2.5619616508483887
3813 2.702256679534912
3814 2.631565809249878
3815 2.4887166023254395
3816 2.6420624256134033
3817 2.719254970550537
3818 2.220200777053833
3819 2.415313959121704
3820 2.3263332843780518
3821 2.324420928955078
3822 2.451965808868408
3823 2.2680060863494873
3824 2.189920663833618
3825 2.0505738258361816
3826 2.1261403560638428
3827 1.8851699829101563
3828 2.1736056804656982
3829 2.242305278778076
3830 2.261643409729004
3831 2.422549247741699
3832 2.64916729927063
3833 2.3780198097229004
3834 2.165379762649536
3835 2.387108325958252
3836 2.7489700317382813
3837 3.118278741836548
3838 2.660846471786499
3839 2.7725791931152344
3840 2.528597831726074
3841 3.0703811645507813
3842 2.834881067276001
3843 2.9510557651519775
3844 2.920010566711426
3845 3.3162283897399902
3846 2.978532314300537
3847 2.970102310180664
3848 2.8821377754211426
3849 2.9080235958099365
3850 2.6174275875091553
3851 2.545757293701172
3852 2.5927655696868896
3853 2.6006109714508057
3854 2.802298069000244
3855 2.93894362449646
3856 2.645665407180786
3857 2.7507107257843018
3858 2.7907135486602783
3859 2.4161536693573
3860 2.2009127140045166
3861 2.429481267929077
3862 2.39304780960083
3863 2.404796600341797
3864 2.4367053508758545
3865 2.2762808799743652
3866 2.2494916915893555
3867 2.093844413757324
3868 1.9720687866210938
3869 1.8025544881820679
3870 1.9291280508041382
3871 2.0991265773773193
3872 1.9267878532409668
3873 1.8480002880096436
3874 2.0397040843963623
3875 2.1101157665252686
3876 2.194047451019287
3877 1.99397873878479
3878 2.029536247253418
3879 2.178518772125244
3880 1.890153408050537
3881 2.029934883117676
3882 2.2218658924102783
3883 2.2126636505126953
3884 2.032611846923828
3885 2.1440141201019287
3886 2.2809109687805176
3887 1.9465103149414063
3888 2.374149799346924
3889 2.2530410289764404
3890 2.349236488342285
3891 2.2213823795318604
3892 2.247420072555542
3893 2.046445846557617
3894 1.9766162633895874
3895 1.936172604560852
3896 1.8334872722625732
3897 1.8966745138168335
3898 2.1278204917907715
3899 2.2814245223999023
3900 2.4192490577697754
3901 2.5226571559906006
3902 2.6689324378967285
3903 2.517690420150757
3904 2.4088213443756104
3905 2.6979618072509766
3906 2.5415680408477783
3907 2.7762200832366943
3908 2.791119337081909
3909 2.8830087184906006
3910 2.754711627960205
3911 2.844862937927246
3912 2.7292842864990234
3913 2.883220911026001
3914 2.8336806297302246
3915 2.7988345623016357
3916 2.903996467590332
3917 2.6978800296783447
3918 2.630471706390381
3919 2.621382713317871
3920 2.7226033210754395
3921 2.891913652420044
3922 3.058806896209717
3923 2.72944974899292
3924 2.6428844928741455
3925 2.7365806102752686
3926 2.9604392051696777
3927 2.9620792865753174
3928 3.0260705947875977
3929 2.782710075378418
3930 2.534177541732788
3931 2.6625475883483887
3932 2.692577600479126
3933 2.4911129474639893
3934 2.599113702774048
3935 2.685568332672119
3936 2.781785011291504
3937 3.27754545211792
3938 2.8514833450317383
3939 2.6793298721313477
3940 2.741060733795166
3941 2.5190210342407227
3942 2.614579916000366
3943 2.4002840518951416
3944 2.3327958583831787
3945 2.515289068222046
3946 2.6320552825927734
3947 2.7319071292877197
3948 2.6243338584899902
3949 2.7031025886535645
3950 2.3048198223114014
3951 2.0801329612731934
3952 2.3174757957458496
3953 2.1109185218811035
3954 2.105351209640503
3955 2.146284580230713
3956 2.0884997844696045
3957 2.1204075813293457
3958 2.1886487007141113
3959 2.034355878829956
3960 1.99745512008667
3961 2.076209545135498
3962 2.224392890930176
3963 2.0893051624298096
3964 2.2418410778045654
3965 1.9991517066955566
3966 2.0726115703582764
3967 1.7675211429595947
3968 1.983211636543274
3969 1.877389669418335
3970 1.9243088960647583
3971 1.9940223693847656
3972 2.0133228302001953
3973 2.2345826625823975
3974 2.162566900253296
3975 2.1012728214263916
3976 2.0832114219665527
3977 2.278040885925293
3978 2.6299831867218018
3979 2.6196742057800293
3980 2.6975908279418945
3981 2.2813913822174072
3982 2.271934986114502
3983 2.2112152576446533
3984 1.9823527336120605
3985 2.0063652992248535
3986 2.0489134788513184
3987 2.2343106269836426
3988 1.8786078691482544
3989 1.9265921115875244
3990 2.0803303718566895
3991 2.110884189605713
3992 1.8175230026245117
3993 1.6918469667434692
3994 2.2281057834625244
3995 2.3674607276916504
3996 2.2845327854156494
3997 2.5710525512695313
3998 2.255403757095337
3999 2.329115629196167
