# Frame Protein_DNA_total_backbone_RMSD_Angstrom
0 0.0
1 1.1985207796096802
2 1.3699151277542114
3 1.5300122499465942
4 1.497695803642273
5 1.8386671543121338
6 2.1852314472198486
7 2.020289421081543
8 1.8666917085647583
9 1.6759352684020996
10 1.805696725845337
11 2.102461099624634
12 2.0798115730285645
13 2.0635366439819336
14 2.1293153762817383
15 2.4331986904144287
16 2.032716751098633
17 2.2805609703063965
18 2.226494073867798
19 2.3485610485076904
20 2.3955304622650146
21 2.348747491836548
22 2.4972519874572754
23 2.8041558265686035
24 2.4142870903015137
25 2.0619962215423584
26 2.2737762928009033
27 1.9480632543563843
28 2.1528289318084717
29 2.2103538513183594
30 2.407174587249756
31 2.2684967517852783
32 2.353044033050537
33 2.1847760677337646
34 2.3711612224578857
35 2.447190999984741
36 2.5886449813842773
37 2.2122652530670166
38 2.1840643882751465
39 2.233637571334839
40 2.8349311351776123
41 2.3630449771881104
42 2.3796722888946533
43 2.0459744930267334
44 2.0633819103240967
45 2.414252996444702
46 2.52093505859375
47 2.6584930419921875
48 2.4986374378204346
49 2.4134583473205566
50 2.489185094833374
51 2.4398865699768066
52 2.9040348529815674
53 3.194554090499878
54 2.737053632736206
55 2.523822784423828
56 2.806380033493042
57 2.9140689373016357
58 3.206449031829834
59 2.9817073345184326
60 3.2255771160125732
61 3.454087972640991
62 3.105297803878784
63 2.9102017879486084
64 2.9275002479553223
65 3.0864486694335938
66 2.886251926422119
67 3.0960545539855957
68 2.7682504653930664
69 2.8582537174224854
70 2.6198277473449707
71 2.4960708618164063
72 2.3681533336639404
73 2.228038787841797
74 2.3778340816497803
75 2.3323309421539307
76 2.3011155128479004
77 2.3258068561553955
78 2.653865098953247
79 2.4324851036071777
80 2.3837292194366455
81 2.443127155303955
82 2.6546308994293213
83 2.707871675491333
84 2.8150291442871094
85 2.6261403560638428
86 2.6287992000579834
87 2.725803852081299
88 2.5538103580474854
89 2.1797361373901367
90 2.5729076862335205
91 2.351374626159668
92 2.435145854949951
93 2.2473514080047607
94 2.5633668899536133
95 2.752106189727783
96 2.685853958129883
97 2.691493272781372
98 2.8149831295013428
99 2.737985372543335
100 3.0303332805633545
101 2.915879487991333
102 2.5602633953094482
103 2.4378552436828613
104 2.2743184566497803
105 2.3848156929016113
106 2.561166763305664
107 2.2210559844970703
108 2.463425397872925
109 2.60337233543396
110 2.443110227584839
111 2.511141777038574
112 2.553828477859497
113 2.6422696113586426
114 2.58882999420166
115 2.4743616580963135
116 2.9440886974334717
117 2.5645129680633545
118 2.607233762741089
119 2.7681162357330322
120 2.5457615852355957
121 2.2807843685150146
122 1.8408349752426147
123 2.159292221069336
124 1.8108294010162354
125 1.749893069267273
126 2.038503408432007
127 2.0262906551361084
128 2.0977988243103027
129 2.222168445587158
130 2.383836030960083
131 2.539639472961426
132 2.719564437866211
133 2.5007448196411133
134 2.37382173538208
135 2.1745030879974365
136 1.824864387512207
137 1.9420626163482666
138 2.101853609085083
139 2.384859085083008
140 2.4197006225585938
141 2.3267173767089844
142 2.4838016033172607
143 2.5558180809020996
144 2.7209484577178955
145 2.511338472366333
146 2.8263869285583496
147 2.6451616287231445
148 2.6251044273376465
149 2.388146162033081
150 1.9090744256973267
151 1.8575761318206787
152 1.6346642971038818
153 1.7207697629928589
154 2.113800048828125
155 2.324500322341919
156 2.1853668689727783
157 2.1550376415252686
158 2.4325106143951416
159 2.285740613937378
160 2.332278251647949
161 2.422206401824951
162 2.4313814640045166
163 2.4382612705230713
164 2.327150821685791
165 2.445716142654419
166 2.210240364074707
167 2.661818265914917
168 2.3365683555603027
169 2.7790372371673584
170 2.6320371627807617
171 2.766522169113159
172 2.8630588054656982
173 2.839158773422241
174 2.7292909622192383
175 2.849561929702759
176 2.4512484073638916
177 2.6054434776306152
178 2.5091331005096436
179 2.6442971229553223
180 2.1368634700775146
181 2.192894220352173
182 2.22664475440979
183 2.3040904998779297
184 2.4394686222076416
185 2.358673095703125
186 2.499941825866699
187 2.628884792327881
188 2.5514471530914307
189 2.264883518218994
190 2.2902474403381348
191 2.363772392272949
192 2.361548662185669
193 2.6479930877685547
194 2.182788848876953
195 2.5181517601013184
196 2.5163283348083496
197 2.1914467811584473
198 2.4724762439727783
199 2.157733201980591
200 2.2155492305755615
201 2.375948429107666
202 2.2712652683258057
203 1.8903414011001587
204 1.6578941345214844
205 1.8300098180770874
206 1.8676143884658813
207 2.0896880626678467
208 2.0616672039031982
209 1.9880577325820923
210 2.055588722229004
211 1.918505072593689
212 2.3092589378356934
213 2.0738375186920166
214 2.0280861854553223
215 2.0340332984924316
216 2.0723185539245605
217 1.8236116170883179
218 2.063544988632202
219 1.9500019550323486
220 2.0618274211883545
221 2.208494186401367
222 2.3786489963531494
223 2.5406301021575928
224 2.5160722732543945
225 2.694648027420044
226 2.674870491027832
227 2.606260299682617
228 2.5195724964141846
229 2.5441038608551025
230 2.489081859588623
231 2.2675254344940186
232 2.3923959732055664
233 2.41788387298584
234 2.1618149280548096
235 2.3365256786346436
236 2.345259428024292
237 2.3852670192718506
238 2.33965802192688
239 2.2144899368286133
240 2.278061628341675
241 2.2843306064605713
242 1.9307657480239868
243 2.134154796600342
244 2.31831693649292
245 2.8147833347320557
246 2.5234570503234863
247 2.551051616668701
248 2.563666820526123
249 2.5468974113464355
250 2.317215919494629
251 2.259185791015625
252 2.513922691345215
253 2.4827606678009033
254 2.5870823860168457
255 2.5271172523498535
256 2.666961431503296
257 2.4540958404541016
258 2.380610227584839
259 2.629693031311035
260 2.525542736053467
261 2.2400498390197754
262 2.1647274494171143
263 2.2756049633026123
264 2.266124725341797
265 2.1292948722839355
266 2.271655797958374
267 2.0435421466827393
268 2.3284473419189453
269 2.315473794937134
270 2.132246255874634
271 1.7430998086929321
272 1.7997698783874512
273 1.8746588230133057
274 2.0090887546539307
275 1.9000605344772339
276 1.9151010513305664
277 2.1994218826293945
278 2.11436128616333
279 2.082672119140625
280 2.172761917114258
281 2.2577333450317383
282 1.8422311544418335
283 1.7627824544906616
284 2.1734538078308105
285 2.293181896209717
286 2.2664835453033447
287 2.1784379482269287
288 1.9506809711456299
289 1.9636224508285522
290 1.9772813320159912
291 2.0120391845703125
292 1.905800223350525
293 1.8881443738937378
294 2.1359572410583496
295 2.1051738262176514
296 1.930082082748413
297 2.1190614700317383
298 2.3167598247528076
299 2.4726717472076416
300 1.8839545249938965
301 1.6514710187911987
302 1.480685830116272
303 1.659832239151001
304 2.0653176307678223
305 2.0307657718658447
306 2.1730921268463135
307 1.945717692375183
308 1.9567190408706665
309 1.8968725204467773
310 1.9871567487716675
311 2.0509443283081055
312 1.9269498586654663
313 2.2028489112854004
314 2.019697666168213
315 1.7775148153305054
316 1.9957236051559448
317 2.0806045532226563
318 2.437223434448242
319 2.4859604835510254
320 2.712798833847046
321 2.889702320098877
322 2.5439186096191406
323 2.4899213314056396
324 2.583028554916382
325 2.8291335105895996
326 2.6604886054992676
327 2.536557674407959
328 2.3073201179504395
329 2.39806866645813
330 2.4352426528930664
331 2.5740926265716553
332 2.8017678260803223
333 2.9161012172698975
334 3.0468525886535645
335 2.896597146987915
336 2.609901189804077
337 2.380439043045044
338 2.469834804534912
339 2.727323055267334
340 2.6049318313598633
341 2.6784400939941406
342 2.523252010345459
343 2.2891836166381836
344 2.1898834705352783
345 2.135187864303589
346 2.2310426235198975
347 2.3583059310913086
348 2.3776960372924805
349 2.569979429244995
350 2.326605796813965
351 2.216505289077759
352 2.2734415531158447
353 2.1566660404205322
354 2.2562460899353027
355 2.4018971920013428
356 2.3202691078186035
357 2.748802423477173
358 2.5732481479644775
359 2.7153871059417725
360 2.7230706214904785
361 2.6662206649780273
362 2.517888069152832
363 2.4160122871398926
364 2.1006875038146973
365 2.315709114074707
366 2.2907304763793945
367 2.413943290710449
368 2.681307554244995
369 2.8029909133911133
370 2.2242777347564697
371 2.328990936279297
372 2.554887533187866
373 2.8703930377960205
374 2.9354546070098877
375 3.101849317550659
376 3.2263011932373047
377 2.8060364723205566
378 2.6404166221618652
379 2.4598162174224854
380 2.562960147857666
381 2.3827803134918213
382 2.24713397026062
383 2.4378247261047363
384 2.4507274627685547
385 2.323075294494629
386 2.445237398147583
387 2.4662625789642334
388 2.341691493988037
389 2.4952211380004883
390 2.2873029708862305
391 2.30084490776062
392 2.3335399627685547
393 2.1378984451293945
394 2.1549437046051025
395 2.0739634037017822
396 2.1824381351470947
397 2.346487283706665
398 2.568901300430298
399 2.6299595832824707
400 2.353952646255493
401 2.1523215770721436
402 2.45896577835083
403 2.340395212173462
404 2.279959201812744
405 2.356433629989624
406 2.284467935562134
407 2.4044620990753174
408 2.5047645568847656
409 2.7406070232391357
410 2.4787566661834717
411 2.1858625411987305
412 2.0282247066497803
413 2.2402734756469727
414 2.2506251335144043
415 2.2446706295013428
416 2.1523473262786865
417 2.129706859588623
418 2.406386137008667
419 2.4975314140319824
420 2.6332781314849854
421 2.6035168170928955
422 2.6611502170562744
423 2.7148571014404297
424 2.8680291175842285
425 3.0072739124298096
426 3.1405856609344482
427 3.089771270751953
428 2.984076738357544
429 2.7459664344787598
430 2.660720109939575
431 2.620276689529419
432 2.722403049468994
433 2.53837251663208
434 2.800558567047119
435 2.902895927429199
436 2.732253313064575
437 2.8106398582458496
438 2.817460775375366
439 2.840097427368164
440 2.648871660232544
441 2.3758890628814697
442 2.536970853805542
443 2.5273430347442627
444 2.729308605194092
445 3.187251329421997
446 3.0635690689086914
447 2.7744858264923096
448 2.913696050643921
449 2.7986905574798584
450 2.6107685565948486
451 2.837924003601074
452 3.0261175632476807
453 2.767136812210083
454 2.692363739013672
455 2.7181801795959473
456 2.659852981567383
457 2.7368295192718506
458 2.737945079803467
459 2.5303502082824707
460 2.3740172386169434
461 2.49265718460083
462 2.5306429862976074
463 2.2384724617004395
464 2.440858840942383
465 2.3971517086029053
466 2.3311569690704346
467 2.652808904647827
468 2.557534694671631
469 2.5783252716064453
470 2.4797651767730713
471 2.4318301677703857
472 2.534342050552368
473 3.016758918762207
474 3.0750889778137207
475 2.9532909393310547
476 2.8653311729431152
477 3.1934056282043457
478 3.2476541996002197
479 2.9258973598480225
480 3.1234588623046875
481 3.0139617919921875
482 3.1621997356414795
483 3.489647626876831
484 2.901909112930298
485 2.9948198795318604
486 3.304651975631714
487 3.4194540977478027
488 3.5243945121765137
489 3.2506134510040283
490 3.091337203979492
491 3.2651894092559814
492 2.8896052837371826
493 2.9803500175476074
494 3.1814589500427246
495 2.8631503582000732
496 2.951998472213745
497 3.0248804092407227
498 3.307892322540283
499 3.3318889141082764
500 3.3263115882873535
501 3.1449482440948486
502 2.922168493270874
503 3.0967750549316406
504 3.274306535720825
505 3.4589059352874756
506 3.52512788772583
507 2.822481632232666
508 3.102888345718384
509 3.391923189163208
510 3.9518165588378906
511 3.245736837387085
512 3.5076444149017334
513 3.284264326095581
514 3.3776886463165283
515 3.1196651458740234
516 3.3901305198669434
517 3.3484818935394287
518 3.352205514907837
519 3.4592998027801514
520 3.0242443084716797
521 2.907775640487671
522 2.817427635192871
523 3.1129040718078613
524 2.491938591003418
525 2.5866689682006836
526 2.9867777824401855
527 2.412269353866577
528 2.7409234046936035
529 3.028693199157715
530 3.0011627674102783
531 2.797776937484741
532 2.478689193725586
533 2.412107229232788
534 2.330275297164917
535 2.154360294342041
536 2.480651617050171
537 2.4631507396698
538 2.3165600299835205
539 2.071074962615967
540 2.2516062259674072
541 2.2431790828704834
542 2.5476489067077637
543 2.4505345821380615
544 2.362060546875
545 2.3458564281463623
546 2.2427518367767334
547 2.2792749404907227
548 2.290031909942627
549 2.189851760864258
550 2.6040029525756836
551 2.245896339416504
552 2.1912319660186768
553 2.242629051208496
554 2.3211722373962402
555 2.5298867225646973
556 2.346830368041992
557 2.4645631313323975
558 2.623438835144043
559 2.464510440826416
560 2.4223177433013916
561 2.2786831855773926
562 2.0202295780181885
563 2.1581459045410156
564 2.371525287628174
565 2.1176936626434326
566 2.2035388946533203
567 2.248051166534424
568 2.117629289627075
569 2.277829885482788
570 2.1578876972198486
571 2.271989345550537
572 2.4596357345581055
573 2.9285032749176025
574 3.034733533859253
575 2.9791150093078613
576 2.6001081466674805
577 2.6078920364379883
578 2.1297948360443115
579 2.292754650115967
580 2.4482638835906982
581 2.4432055950164795
582 2.4418396949768066
583 2.3142809867858887
584 2.4112987518310547
585 2.4032528400421143
586 2.4134418964385986
587 2.320948600769043
588 2.385678291320801
589 2.3730545043945313
590 2.354355573654175
591 2.6611149311065674
592 2.3948616981506348
593 2.3426010608673096
594 2.4003119468688965
595 2.6894521713256836
596 2.759915351867676
597 2.8131320476531982
598 2.718308448791504
599 2.5673041343688965
600 2.4544317722320557
601 2.3308377265930176
602 2.359827756881714
603 2.6309516429901123
604 2.8207647800445557
605 3.114306926727295
606 2.931889057159424
607 3.0408284664154053
608 3.154308319091797
609 2.7695205211639404
610 2.631195545196533
611 2.6241679191589355
612 2.789665699005127
613 2.683143138885498
614 2.507216453552246
615 2.65670108795166
616 2.6088290214538574
617 2.8810343742370605
618 2.751950263977051
619 2.6754801273345947
620 2.9011547565460205
621 2.5025479793548584
622 2.6293344497680664
623 2.6771950721740723
624 2.7296862602233887
625 2.5758864879608154
626 2.6168904304504395
627 2.691868782043457
628 2.354505777359009
629 2.372588634490967
630 2.4061782360076904
631 2.5969672203063965
632 2.694669008255005
633 2.8270885944366455
634 2.8090479373931885
635 2.822139024734497
636 2.7465388774871826
637 3.178942918777466
638 3.1991541385650635
639 3.4827778339385986
640 3.1903462409973145
641 3.3519132137298584
642 3.349940061569214
643 3.448277235031128
644 3.0253989696502686
645 3.170628786087036
646 3.2487826347351074
647 3.200291633605957
648 3.2131593227386475
649 3.2219269275665283
650 3.419863700866699
651 3.174562931060791
652 3.1462438106536865
653 3.2200753688812256
654 3.148918867111206
655 2.9369826316833496
656 2.775580406188965
657 2.4218876361846924
658 2.3874595165252686
659 2.1972496509552
660 2.1302571296691895
661 2.5573232173919678
662 2.6060287952423096
663 2.9426803588867188
664 2.5062785148620605
665 2.1909732818603516
666 2.2334282398223877
667 2.5046257972717285
668 2.615706205368042
669 2.6466784477233887
670 2.6540563106536865
671 2.8306150436401367
672 3.0992398262023926
673 2.723518133163452
674 2.5378684997558594
675 2.7698211669921875
676 2.889827251434326
677 2.6675069332122803
678 2.4257771968841553
679 2.6262896060943604
680 2.5171098709106445
681 2.620840311050415
682 2.8147592544555664
683 2.884528160095215
684 2.392345666885376
685 2.4004526138305664
686 2.3935601711273193
687 2.5029890537261963
688 2.5169384479522705
689 2.1620850563049316
690 2.6060333251953125
691 2.3820688724517822
692 2.4263765811920166
693 2.3511695861816406
694 2.1656768321990967
695 2.1437883377075195
696 2.2075979709625244
697 2.3471310138702393
698 2.159435272216797
699 2.1250059604644775
700 1.9934232234954834
701 1.942266583442688
702 2.0235774517059326
703 2.216709852218628
704 1.9833163022994995
705 2.3540329933166504
706 2.333010196685791
707 2.124559164047241
708 2.3707997798919678
709 2.346219539642334
710 2.126600503921509
711 2.1346733570098877
712 1.9697896242141724
713 2.2256882190704346
714 2.5309972763061523
715 2.5006308555603027
716 2.4506995677948
717 2.1677701473236084
718 2.2444639205932617
719 2.2735323905944824
720 2.3690669536590576
721 2.4636027812957764
722 2.537716865539551
723 2.3738722801208496
724 2.3917057514190674
725 2.3373990058898926
726 2.5127031803131104
727 2.1148431301116943
728 2.447737216949463
729 2.5094594955444336
730 2.815060615539551
731 3.097536087036133
732 2.9310355186462402
733 2.9912912845611572
734 2.5701944828033447
735 2.7880403995513916
736 2.9029319286346436
737 2.573918104171753
738 2.832226276397705
739 2.872161388397217
740 2.9081003665924072
741 2.728386640548706
742 2.6218442916870117
743 2.5571913719177246
744 2.469404935836792
745 2.4890594482421875
746 2.434335231781006
747 2.464893102645874
748 2.4570727348327637
749 2.3454158306121826
750 2.3754289150238037
751 2.3754944801330566
752 2.189160108566284
753 2.218545913696289
754 2.4870970249176025
755 2.243903636932373
756 1.998253345489502
757 2.2470345497131348
758 2.2281558513641357
759 2.045452833175659
760 2.2097008228302
761 2.2862601280212402
762 2.368614673614502
763 2.8093416690826416
764 2.3783633708953857
765 2.626037120819092
766 2.764310359954834
767 2.4299368858337402
768 2.408132791519165
769 1.9964015483856201
770 2.256669521331787
771 2.680673122406006
772 2.385624647140503
773 2.3037948608398438
774 2.351658821105957
775 2.287294387817383
776 2.6885340213775635
777 2.331726551055908
778 2.3702754974365234
779 2.1821696758270264
780 2.147829532623291
781 2.400322198867798
782 2.241757869720459
783 2.1513614654541016
784 2.2465806007385254
785 2.1166415214538574
786 1.754929542541504
787 1.5106407403945923
788 1.760425090789795
789 1.6827061176300049
790 1.723958134651184
791 1.9529081583023071
792 2.108628511428833
793 2.3123254776000977
794 2.5311529636383057
795 2.4359982013702393
796 2.345754861831665
797 2.4345357418060303
798 2.3273584842681885
799 2.3556296825408936
800 2.279494524002075
801 2.1170010566711426
802 2.349048137664795
803 2.1385087966918945
804 2.288294792175293
805 2.0583436489105225
806 1.9559195041656494
807 1.8129726648330688
808 2.230165481567383
809 2.3604886531829834
810 2.4625115394592285
811 2.4947288036346436
812 2.673511505126953
813 2.693373680114746
814 2.5957064628601074
815 2.352642297744751
816 2.2184267044067383
817 2.1560866832733154
818 1.923639178276062
819 2.3867008686065674
820 2.536625862121582
821 2.4860904216766357
822 2.5192558765411377
823 2.510935068130493
824 2.2750396728515625
825 2.293473720550537
826 2.3028829097747803
827 2.3382177352905273
828 2.6606953144073486
829 2.5173251628875732
830 2.5325748920440674
831 2.559976100921631
832 2.6751012802124023
833 2.7316231727600098
834 2.838914394378662
835 3.0037317276000977
836 2.907818555831909
837 3.417329788208008
838 3.073972463607788
839 2.7166128158569336
840 2.4714248180389404
841 2.2450547218322754
842 2.166656017303467
843 2.44897723197937
844 2.34183669090271
845 2.554938554763794
846 2.1685330867767334
847 2.104112386703491
848 2.3607099056243896
849 2.3706564903259277
850 2.6231305599212646
851 2.3266451358795166
852 2.3909988403320313
853 2.4885916709899902
854 2.414705276489258
855 2.307633399963379
856 2.2232348918914795
857 2.094190835952759
858 2.384349822998047
859 2.1822023391723633
860 2.274508237838745
861 2.2020771503448486
862 2.036587953567505
863 2.1333065032958984
864 1.8785505294799805
865 2.1889216899871826
866 2.3660433292388916
867 2.0449821949005127
868 2.313865900039673
869 2.6957414150238037
870 2.330287456512451
871 2.5267677307128906
872 2.4980132579803467
873 2.6051764488220215
874 2.4249684810638428
875 2.256154775619507
876 2.2728111743927
877 2.196866273880005
878 2.28222393989563
879 2.2774219512939453
880 2.086029291152954
881 2.361987829208374
882 2.304692268371582
883 2.2900376319885254
884 2.0206010341644287
885 2.1309452056884766
886 2.420677661895752
887 2.339543342590332
888 2.3010942935943604
889 2.2915780544281006
890 2.283733367919922
891 2.5194480419158936
892 2.130256175994873
893 2.5219380855560303
894 2.39156436920166
895 2.3527848720550537
896 2.3859589099884033
897 1.9902955293655396
898 2.163364887237549
899 2.2760400772094727
900 2.1364595890045166
901 2.292219877243042
902 2.1237239837646484
903 2.0667452812194824
904 2.1712639331817627
905 2.205559253692627
906 2.2182626724243164
907 2.1233913898468018
908 2.0413997173309326
909 2.246981382369995
910 2.282268524169922
911 2.430190324783325
912 2.5777227878570557
913 2.8668291568756104
914 2.6265547275543213
915 2.6394779682159424
916 2.807919502258301
917 2.869112253189087
918 2.8939921855926514
919 2.691960334777832
920 2.689758777618408
921 2.696939706802368
922 2.3162360191345215
923 2.255478858947754
924 2.087069272994995
925 2.3220863342285156
926 2.4423599243164063
927 2.307358741760254
928 2.5931732654571533
929 2.4108641147613525
930 2.2954020500183105
931 2.420520544052124
932 2.563361883163452
933 2.4934909343719482
934 2.447565793991089
935 2.4516232013702393
936 2.428378105163574
937 2.487596273422241
938 2.435321807861328
939 2.3986051082611084
940 2.664797782897949
941 2.549104690551758
942 2.4287586212158203
943 2.0474298000335693
944 2.111326217651367
945 2.0164623260498047
946 2.0734381675720215
947 2.3962604999542236
948 2.4222912788391113
949 2.331740140914917
950 1.9700819253921509
951 2.1513562202453613
952 2.1830246448516846
953 2.1974360942840576
954 2.2577755451202393
955 2.412504196166992
956 2.4104535579681396
957 2.2713053226470947
958 2.0554418563842773
959 2.445329427719116
960 2.4307310581207275
961 2.5335562229156494
962 2.6440556049346924
963 2.6720938682556152
964 2.455446720123291
965 2.5549731254577637
966 2.492619037628174
967 2.711031675338745
968 2.558899164199829
969 2.5706465244293213
970 2.6816020011901855
971 2.5886895656585693
972 2.2403032779693604
973 2.387691020965576
974 2.1798601150512695
975 2.4712908267974854
976 2.7720203399658203
977 2.5135536193847656
978 2.6536622047424316
979 2.6393728256225586
980 2.6890952587127686
981 2.6163415908813477
982 2.7053191661834717
983 2.4575047492980957
984 2.495957612991333
985 2.2304725646972656
986 2.38175106048584
987 2.3023884296417236
988 2.2387099266052246
989 2.5837714672088623
990 2.681187629699707
991 2.372988700866699
992 2.661000967025757
993 2.668071746826172
994 2.7687323093414307
995 2.4173285961151123
996 2.373227119445801
997 2.575038433074951
998 2.644090414047241
999 2.8198671340942383
1000 3.063413619995117
1001 3.066349744796753
1002 2.850372076034546
1003 3.1365222930908203
1004 3.113813877105713
1005 2.58658504486084
1006 2.4643118381500244
1007 2.287543773651123
1008 2.446221351623535
1009 2.457822799682617
1010 2.392972230911255
1011 2.8967854976654053
1012 2.8508434295654297
1013 2.466731548309326
1014 2.7955596446990967
1015 2.5162785053253174
1016 2.5173070430755615
1017 2.3277902603149414
1018 2.343043327331543
1019 2.425631523132324
1020 2.2123091220855713
1021 2.321345090866089
1022 2.2050299644470215
1023 2.2436466217041016
1024 2.368706464767456
1025 2.296356678009033
1026 2.3885750770568848
1027 2.3589837551116943
1028 2.4386544227600098
1029 2.3056399822235107
1030 2.2921881675720215
1031 2.1607608795166016
1032 2.2971112728118896
1033 2.4380829334259033
1034 2.5368313789367676
1035 2.5061419010162354
1036 2.382307767868042
1037 2.5914456844329834
1038 2.5702922344207764
1039 2.5634639263153076
1040 2.463655948638916
1041 2.5529961585998535
1042 2.387612819671631
1043 2.4310050010681152
1044 2.5543222427368164
1045 2.499492645263672
1046 2.490161895751953
1047 2.536595106124878
1048 2.7099928855895996
1049 2.7254130840301514
1050 2.8453304767608643
1051 2.3533313274383545
1052 2.2445082664489746
1053 2.3542330265045166
1054 2.47347354888916
1055 2.3384082317352295
1056 2.269624710083008
1057 1.9239212274551392
1058 2.0615956783294678
1059 1.9775606393814087
1060 2.018174171447754
1061 2.0902695655822754
1062 1.9708958864212036
1063 2.0485551357269287
1064 2.055124044418335
1065 2.4619193077087402
1066 2.407198190689087
1067 2.2987494468688965
1068 2.2996933460235596
1069 1.9878125190734863
1070 2.3464457988739014
1071 2.172037124633789
1072 2.0656001567840576
1073 2.0283114910125732
1074 2.0940778255462646
1075 2.5761945247650146
1076 2.550954818725586
1077 2.2816081047058105
1078 2.1901841163635254
1079 2.3056538105010986
1080 2.377617835998535
1081 2.2752625942230225
1082 2.293409824371338
1083 2.5703697204589844
1084 2.2795205116271973
1085 2.380373954772949
1086 2.169710636138916
1087 2.0452523231506348
1088 2.20815110206604
1089 2.183722496032715
1090 2.043410062789917
1091 2.1517274379730225
1092 2.204357147216797
1093 2.2120258808135986
1094 2.2883694171905518
1095 2.4641201496124268
1096 2.31884503364563
1097 2.3460779190063477
1098 2.2781548500061035
1099 2.2023630142211914
1100 2.4251744747161865
1101 2.4607269763946533
1102 2.7461371421813965
1103 2.5755462646484375
1104 2.6940670013427734
1105 2.5788941383361816
1106 2.7484843730926514
1107 2.4460012912750244
1108 2.8276259899139404
1109 3.390078067779541
1110 3.131477117538452
1111 2.9519054889678955
1112 2.742642402648926
1113 2.9215028285980225
1114 2.830944061279297
1115 2.6013405323028564
1116 2.8854916095733643
1117 2.615598440170288
1118 2.6315295696258545
1119 2.606585741043091
1120 2.3416318893432617
1121 2.7384893894195557
1122 2.387808084487915
1123 2.5870754718780518
1124 2.4495997428894043
1125 3.0188376903533936
1126 2.558985710144043
1127 2.4655654430389404
1128 2.3194520473480225
1129 2.3916196823120117
1130 2.2158751487731934
1131 2.0091397762298584
1132 1.900222659111023
1133 1.9721293449401855
1134 2.2530486583709717
1135 2.0674898624420166
1136 2.363490104675293
1137 2.2606892585754395
1138 2.2193210124969482
1139 2.3501014709472656
1140 2.4419195652008057
1141 2.3133420944213867
1142 2.407996416091919
1143 2.49994158744812
1144 2.6155903339385986
1145 2.4599497318267822
1146 2.3774313926696777
1147 2.357114553451538
1148 2.3833558559417725
1149 2.290459632873535
1150 2.3663859367370605
1151 2.5769097805023193
1152 2.5228796005249023
1153 2.1942100524902344
1154 2.238506555557251
1155 2.276543378829956
1156 2.3453030586242676
1157 2.573246955871582
1158 2.409620523452759
1159 2.12501859664917
1160 2.163926839828491
1161 2.1919362545013428
1162 2.5129220485687256
1163 2.5330514907836914
1164 2.5072083473205566
1165 2.325993537902832
1166 2.3138620853424072
1167 2.1371190547943115
1168 2.254847288131714
1169 2.4570608139038086
1170 2.252718448638916
1171 2.1836485862731934
1172 2.415280818939209
1173 2.3753817081451416
1174 2.370466709136963
1175 2.4951725006103516
1176 2.569084405899048
1177 2.8458364009857178
1178 2.699857234954834
1179 2.7509279251098633
1180 2.619197368621826
1181 2.6468911170959473
1182 2.628566026687622
1183 2.528308629989624
1184 2.7489235401153564
1185 2.9928700923919678
1186 2.998720407485962
1187 2.904698371887207
1188 2.7998452186584473
1189 2.8349480628967285
1190 2.7210497856140137
1191 2.731489419937134
1192 2.7077207565307617
1193 2.477475643157959
1194 2.491313934326172
1195 2.1656906604766846
1196 2.4188311100006104
1197 2.5563042163848877
1198 2.4300999641418457
1199 2.116346597671509
1200 2.201117753982544
1201 2.2218260765075684
1202 2.2425711154937744
1203 2.359813690185547
1204 2.126685380935669
1205 2.0417821407318115
1206 2.0439867973327637
1207 2.2579901218414307
1208 2.480705499649048
1209 2.330030918121338
1210 2.312488317489624
1211 2.294952630996704
1212 2.1380934715270996
1213 2.1732115745544434
1214 2.0741047859191895
1215 2.0633442401885986
1216 2.085387706756592
1217 2.214881658554077
1218 2.423973560333252
1219 2.427557945251465
1220 2.304144859313965
1221 2.3636929988861084
1222 2.3497474193573
1223 2.225376844406128
1224 2.513040542602539
1225 2.270372152328491
1226 2.234835624694824
1227 2.3075037002563477
1228 2.437448740005493
1229 2.5183968544006348
1230 2.5072507858276367
1231 2.4993906021118164
1232 2.178945541381836
1233 2.19398832321167
1234 2.6691043376922607
1235 2.1330318450927734
1236 2.1430439949035645
1237 2.156844139099121
1238 2.066220998764038
1239 2.3576486110687256
1240 2.3421597480773926
1241 2.411639451980591
1242 2.3018691539764404
1243 2.6217098236083984
1244 2.5366299152374268
1245 2.347107410430908
1246 2.4055874347686768
1247 2.344573974609375
1248 2.366854667663574
1249 2.36330246925354
1250 2.2077109813690186
1251 2.218160629272461
1252 2.0854477882385254
1253 2.1839873790740967
1254 2.4879744052886963
1255 2.232401132583618
1256 2.3930838108062744
1257 2.2743523120880127
1258 2.136791706085205
1259 2.368079662322998
1260 2.4027695655822754
1261 2.350456714630127
1262 2.194941282272339
1263 2.1693525314331055
1264 2.3953819274902344
1265 2.6093990802764893
1266 2.2553224563598633
1267 2.3919081687927246
1268 2.2496602535247803
1269 2.355731964111328
1270 2.0001375675201416
1271 2.181926727294922
1272 2.2196266651153564
1273 2.136751413345337
1274 2.129631757736206
1275 2.0770716667175293
1276 1.945341944694519
1277 2.393099308013916
1278 2.4317233562469482
1279 2.2242372035980225
1280 2.3328633308410645
1281 2.3718924522399902
1282 2.8279571533203125
1283 2.8787739276885986
1284 2.8463268280029297
1285 2.777121067047119
1286 3.0462899208068848
1287 2.870030403137207
1288 2.5127172470092773
1289 2.620856523513794
1290 2.579367160797119
1291 2.0475497245788574
1292 2.209003210067749
1293 2.3506298065185547
1294 2.5668904781341553
1295 2.4610092639923096
1296 2.350782632827759
1297 2.679905891418457
1298 2.249742269515991
1299 2.1726975440979004
1300 2.252800464630127
1301 2.2970783710479736
1302 2.0844082832336426
1303 2.2841668128967285
1304 2.176413059234619
1305 2.1550614833831787
1306 1.911755084991455
1307 2.4304187297821045
1308 2.243164300918579
1309 2.351729154586792
1310 2.392666816711426
1311 2.5619618892669678
1312 2.3047590255737305
1313 2.2268781661987305
1314 2.1610217094421387
1315 2.2572734355926514
1316 2.1968369483947754
1317 2.1396167278289795
1318 2.2950899600982666
1319 2.4713339805603027
1320 2.4840643405914307
1321 2.287717342376709
1322 2.2535741329193115
1323 2.5893423557281494
1324 2.7297680377960205
1325 2.713623523712158
1326 2.9246463775634766
1327 2.8659932613372803
1328 2.577745199203491
1329 2.722620725631714
1330 2.548788547515869
1331 2.5234405994415283
1332 2.838752269744873
1333 2.9132747650146484
1334 3.012003183364868
1335 2.830930471420288
1336 2.747800827026367
1337 2.8919119834899902
1338 2.8837549686431885
1339 3.3732380867004395
1340 2.8616349697113037
1341 3.010580539703369
1342 3.1501517295837402
1343 2.9380669593811035
1344 2.869485855102539
1345 3.155372142791748
1346 3.3834545612335205
1347 3.027031183242798
1348 3.1235175132751465
1349 3.4139039516448975
1350 3.0733449459075928
1351 2.972583770751953
1352 3.276171922683716
1353 2.7131905555725098
1354 2.503192901611328
1355 2.4059064388275146
1356 2.649986505508423
1357 3.0937657356262207
1358 2.7542474269866943
1359 2.587205648422241
1360 2.2758822441101074
1361 2.517784357070923
1362 2.387237787246704
1363 3.1173410415649414
1364 2.801358222961426
1365 2.486748456954956
1366 2.9342379570007324
1367 2.731046676635742
1368 2.593921184539795
1369 2.530707597732544
1370 2.701272487640381
1371 2.6404621601104736
1372 2.6172971725463867
1373 2.6208415031433105
1374 2.548927068710327
1375 2.466827154159546
1376 2.8286750316619873
1377 2.8539929389953613
1378 2.5061981678009033
1379 2.266199827194214
1380 2.1466267108917236
1381 2.431739330291748
1382 2.546818971633911
1383 2.6327104568481445
1384 2.6242687702178955
1385 2.6361091136932373
1386 3.152660846710205
1387 2.8027873039245605
1388 2.795315980911255
1389 3.021136522293091
1390 2.830068349838257
1391 2.7612438201904297
1392 2.854663372039795
1393 2.809706211090088
1394 2.6163437366485596
1395 2.4831907749176025
1396 2.658257007598877
1397 2.67555832862854
1398 2.635517120361328
1399 2.8413853645324707
1400 2.774143695831299
1401 2.782939910888672
1402 2.743903160095215
1403 3.228330373764038
1404 2.9596636295318604
1405 2.6772117614746094
1406 2.7316269874572754
1407 2.5407049655914307
1408 2.8955352306365967
1409 2.937725067138672
1410 3.486361265182495
1411 3.3756985664367676
1412 3.4268205165863037
1413 3.3058624267578125
1414 3.1522552967071533
1415 3.3065314292907715
1416 2.9857451915740967
1417 3.056189775466919
1418 3.3509459495544434
1419 3.1933631896972656
1420 3.2113285064697266
1421 3.345994710922241
1422 3.2911767959594727
1423 3.2803103923797607
1424 3.4169912338256836
1425 3.513280153274536
1426 3.3203177452087402
1427 3.1465041637420654
1428 3.7546889781951904
1429 3.983957052230835
1430 3.725308656692505
1431 3.6373305320739746
1432 3.4847538471221924
1433 3.340522050857544
1434 3.3017430305480957
1435 3.4746062755584717
1436 3.600689172744751
1437 3.339123487472534
1438 3.3144278526306152
1439 3.0289700031280518
1440 3.461787462234497
1441 3.2870500087738037
1442 2.8568694591522217
1443 3.1475369930267334
1444 3.0553205013275146
1445 3.120295286178589
1446 3.03037166595459
1447 3.0754170417785645
1448 2.8002424240112305
1449 2.7582457065582275
1450 2.67427134513855
1451 2.762845993041992
1452 2.9325270652770996
1453 2.6659703254699707
1454 2.769498825073242
1455 2.811385154724121
1456 2.471108913421631
1457 2.2081499099731445
1458 2.191098213195801
1459 2.172856092453003
1460 2.0497491359710693
1461 2.3148550987243652
1462 2.6745777130126953
1463 2.7124712467193604
1464 2.307570695877075
1465 2.26492977142334
1466 2.4122042655944824
1467 2.496488094329834
1468 2.617961883544922
1469 2.545598268508911
1470 2.556725025177002
1471 2.524919033050537
1472 2.3326661586761475
1473 2.1350855827331543
1474 2.1965720653533936
1475 2.410027027130127
1476 2.4532458782196045
1477 2.723895311355591
1478 2.5479111671447754
1479 2.819448709487915
1480 2.6763131618499756
1481 2.501204252243042
1482 2.5473203659057617
1483 2.6331963539123535
1484 2.647491216659546
1485 2.670295000076294
1486 2.4138376712799072
1487 2.294555902481079
1488 2.544987916946411
1489 2.4495954513549805
1490 2.481337308883667
1491 2.681061267852783
1492 2.4456300735473633
1493 2.3592123985290527
1494 2.4526636600494385
1495 2.5731723308563232
1496 2.5988168716430664
1497 2.5542619228363037
1498 2.8079700469970703
1499 2.6323657035827637
1500 2.6902291774749756
1501 2.4186389446258545
1502 2.38959002494812
1503 2.483827829360962
1504 2.2858216762542725
1505 2.3413078784942627
1506 2.4735476970672607
1507 2.8323798179626465
1508 2.690131187438965
1509 2.6507039070129395
1510 2.533627986907959
1511 2.658271312713623
1512 2.708853244781494
1513 3.0393242835998535
1514 2.579430341720581
1515 2.2105207443237305
1516 2.3390815258026123
1517 2.2837119102478027
1518 2.198079824447632
1519 2.191183567047119
1520 2.3782379627227783
1521 2.621779203414917
1522 2.4697506427764893
1523 2.6907694339752197
1524 2.664051055908203
1525 2.3068742752075195
1526 2.266695499420166
1527 2.6089072227478027
1528 2.5332860946655273
1529 2.6385440826416016
1530 2.6940314769744873
1531 2.4781622886657715
1532 2.5753672122955322
1533 2.8347485065460205
1534 2.463412284851074
1535 2.6875603199005127
1536 2.650219678878784
1537 2.3897886276245117
1538 2.406698226928711
1539 2.4806995391845703
1540 2.4682748317718506
1541 2.441910743713379
1542 2.364678144454956
1543 2.7512574195861816
1544 2.713200092315674
1545 2.4631433486938477
1546 2.44085693359375
1547 2.493419647216797
1548 2.3256897926330566
1549 1.9300851821899414
1550 2.074962615966797
1551 2.2844865322113037
1552 2.3365797996520996
1553 2.664719820022583
1554 2.537858009338379
1555 2.563044309616089
1556 2.7451159954071045
1557 2.5251786708831787
1558 2.128000020980835
1559 2.2167441844940186
1560 2.3698654174804688
1561 2.091186761856079
1562 2.0623059272766113
1563 2.2386667728424072
1564 2.041393280029297
1565 2.180384397506714
1566 2.3992857933044434
1567 2.250321388244629
1568 2.533602714538574
1569 2.32356333732605
1570 2.2756757736206055
1571 2.2396326065063477
1572 2.3900768756866455
1573 2.647087574005127
1574 2.4433937072753906
1575 2.2693870067596436
1576 2.008283853530884
1577 2.390342950820923
1578 2.7920100688934326
1579 2.875736713409424
1580 2.4862215518951416
1581 2.421757936477661
1582 2.514816999435425
1583 2.4907588958740234
1584 2.6779613494873047
1585 2.6352272033691406
1586 2.6677517890930176
1587 2.773489236831665
1588 2.6102943420410156
1589 2.8154592514038086
1590 2.676649808883667
1591 3.0528738498687744
1592 2.6496517658233643
1593 2.512922525405884
1594 2.4522712230682373
1595 2.4131805896759033
1596 2.694483995437622
1597 2.3585047721862793
1598 2.5933074951171875
1599 2.611656904220581
1600 2.333909749984741
1601 2.433821439743042
1602 2.4812991619110107
1603 2.4451119899749756
1604 2.3503220081329346
1605 2.343256950378418
1606 2.246868848800659
1607 2.2697908878326416
1608 2.3343656063079834
1609 2.4742090702056885
1610 2.288369655609131
1611 2.519442558288574
1612 1.9023452997207642
1613 2.1550798416137695
1614 2.30875825881958
1615 2.1681253910064697
1616 2.451336622238159
1617 2.235772132873535
1618 2.326590061187744
1619 2.442255973815918
1620 2.367781162261963
1621 2.634124994277954
1622 2.6275522708892822
1623 2.6685807704925537
1624 3.043490409851074
1625 3.059295177459717
1626 2.6168015003204346
1627 2.738084316253662
1628 2.722371816635132
1629 2.6972529888153076
1630 2.740422487258911
1631 2.6442506313323975
1632 2.7143654823303223
1633 2.296431541442871
1634 2.3356034755706787
1635 2.2043955326080322
1636 2.4879846572875977
1637 2.363100290298462
1638 2.5231611728668213
1639 2.245656728744507
1640 2.653160810470581
1641 2.432602882385254
1642 2.5926895141601563
1643 2.82692813873291
1644 3.1179115772247314
1645 2.8764007091522217
1646 2.772568941116333
1647 2.7302708625793457
1648 2.4803264141082764
1649 2.425058364868164
1650 2.371058702468872
1651 2.463104486465454
1652 2.463873863220215
1653 2.844134569168091
1654 3.1055164337158203
1655 2.7764930725097656
1656 2.986445188522339
1657 2.7445521354675293
1658 2.527872323989868
1659 2.5387918949127197
1660 2.297813892364502
1661 2.288255214691162
1662 2.127512216567993
1663 2.1044509410858154
1664 2.6594135761260986
1665 2.852374315261841
1666 2.4766697883605957
1667 2.4646964073181152
1668 2.6874985694885254
1669 2.945272445678711
1670 2.9601528644561768
1671 2.446453809738159
1672 2.560166120529175
1673 2.813985586166382
1674 2.647052049636841
1675 2.4254560470581055
1676 2.2400431632995605
1677 2.48160982131958
1678 2.3109641075134277
1679 2.457490921020508
1680 2.366189956665039
1681 2.45938777923584
1682 2.3581881523132324
1683 2.3962738513946533
1684 2.5563862323760986
1685 2.3594717979431152
1686 2.266324758529663
1687 2.58841872215271
1688 2.5410192012786865
1689 2.4666130542755127
1690 2.304473638534546
1691 2.2382633686065674
1692 2.294891119003296
1693 2.415071725845337
1694 2.1940529346466064
1695 2.386234998703003
1696 2.414128541946411
1697 2.303905725479126
1698 2.367886543273926
1699 2.3345978260040283
1700 2.3231472969055176
1701 2.4615237712860107
1702 2.4452266693115234
1703 2.8751583099365234
1704 2.6854286193847656
1705 2.7260422706604004
1706 2.4698519706726074
1707 2.5000412464141846
1708 2.8382272720336914
1709 3.082805633544922
1710 3.06494140625
1711 2.9068961143493652
1712 2.839589834213257
1713 2.917611598968506
1714 2.652909755706787
1715 2.398965835571289
1716 2.8086249828338623
1717 2.8137776851654053
1718 2.633659839630127
1719 2.9750559329986572
1720 3.068207025527954
1721 3.108283519744873
1722 2.9351375102996826
1723 2.9469199180603027
1724 3.1633355617523193
1725 2.9608633518218994
1726 2.7644128799438477
1727 2.87902569770813
1728 2.6951560974121094
1729 2.8268256187438965
1730 2.947106122970581
1731 2.9864563941955566
1732 2.913957357406616
1733 3.1289286613464355
1734 3.538914203643799
1735 3.4081203937530518
1736 3.396113395690918
1737 3.1786632537841797
1738 3.183548927307129
1739 2.9772801399230957
1740 2.864415168762207
1741 3.1149744987487793
1742 3.3644983768463135
1743 2.499232530593872
1744 2.8731815814971924
1745 2.8889000415802
1746 2.953784227371216
1747 2.8671350479125977
1748 3.104326009750366
1749 2.9729366302490234
1750 2.7763733863830566
1751 2.781703233718872
1752 2.9687798023223877
1753 2.757251501083374
1754 2.777750253677368
1755 2.7164628505706787
1756 2.599360466003418
1757 2.5562498569488525
1758 2.748667001724243
1759 2.616892099380493
1760 3.046121835708618
1761 2.9465255737304688
1762 2.7823472023010254
1763 2.596525192260742
1764 2.6492974758148193
1765 2.4418509006500244
1766 2.479426860809326
1767 2.302086591720581
1768 2.5315134525299072
1769 2.65462064743042
1770 2.680928945541382
1771 2.694920778274536
1772 2.62052059173584
1773 2.805704116821289
1774 2.717686653137207
1775 2.9561209678649902
1776 2.733424425125122
1777 2.6289875507354736
1778 2.557910442352295
1779 2.5024194717407227
1780 2.4803969860076904
1781 2.7245023250579834
1782 2.713167428970337
1783 2.729098320007324
1784 2.868866205215454
1785 3.0394482612609863
1786 3.128915309906006
1787 2.710491895675659
1788 3.0658817291259766
1789 3.2629127502441406
1790 3.2731926441192627
1791 3.484988212585449
1792 3.5183839797973633
1793 3.60783314704895
1794 3.3949570655822754
1795 3.556487798690796
1796 3.3957598209381104
1797 3.2698276042938232
1798 3.005199909210205
1799 2.8351850509643555
1800 2.945834159851074
1801 3.1690316200256348
1802 3.263946056365967
1803 3.2093749046325684
1804 3.214231252670288
1805 2.8907291889190674
1806 2.7907564640045166
1807 2.696481227874756
1808 2.549586057662964
1809 2.507817029953003
1810 2.7656264305114746
1811 2.5824480056762695
1812 2.8548061847686768
1813 2.975205183029175
1814 2.7919745445251465
1815 2.800842761993408
1816 2.8005142211914063
1817 2.8528048992156982
1818 2.8753154277801514
1819 3.224045515060425
1820 2.9304163455963135
1821 2.822608709335327
1822 2.3168141841888428
1823 2.409183979034424
1824 2.427431583404541
1825 2.5794270038604736
1826 2.5627496242523193
1827 2.6838932037353516
1828 2.823383092880249
1829 2.87074613571167
1830 2.6407272815704346
1831 2.451923370361328
1832 2.383078098297119
1833 2.3619749546051025
1834 2.6739413738250732
1835 2.537074089050293
1836 2.666630744934082
1837 2.6305527687072754
1838 2.6570425033569336
1839 2.6104836463928223
1840 2.5644450187683105
1841 2.8939712047576904
1842 2.799480438232422
1843 2.5975100994110107
1844 2.48124623298645
1845 2.9218058586120605
1846 2.851679801940918
1847 2.9232494831085205
1848 2.6763157844543457
1849 2.454820394515991
1850 2.5875654220581055
1851 2.772817373275757
1852 2.7083969116210938
1853 2.7162973880767822
1854 2.517326593399048
1855 2.74881649017334
1856 2.7466554641723633
1857 2.4139044284820557
1858 2.317673444747925
1859 2.303107976913452
1860 2.1308252811431885
1861 2.2483057975769043
1862 2.2857656478881836
1863 2.55228590965271
1864 2.385965347290039
1865 2.740123987197876
1866 2.619086503982544
1867 2.445324659347534
1868 2.6082732677459717
1869 2.716620683670044
1870 3.2318761348724365
1871 3.2257888317108154
1872 2.9412403106689453
1873 2.846170663833618
1874 2.6747515201568604
1875 2.830238103866577
1876 2.4002797603607178
1877 2.5269267559051514
1878 2.6999590396881104
1879 2.4974637031555176
1880 2.6570582389831543
1881 2.630739688873291
1882 2.298957347869873
1883 2.6042816638946533
1884 2.4835281372070313
1885 2.471863031387329
1886 2.309396505355835
1887 2.2926807403564453
1888 2.1538450717926025
1889 2.286620616912842
1890 2.525692939758301
1891 2.436863422393799
1892 2.4074137210845947
1893 2.3934719562530518
1894 2.4649558067321777
1895 2.571352243423462
1896 2.191176414489746
1897 2.0701828002929688
1898 2.5593433380126953
1899 2.506565570831299
1900 2.59576678276062
1901 2.6489367485046387
1902 2.5533759593963623
1903 2.3538379669189453
1904 2.320192337036133
1905 2.6231038570404053
1906 2.7033028602600098
1907 2.7348873615264893
1908 2.605815887451172
1909 2.542534828186035
1910 2.573927640914917
1911 2.773418426513672
1912 2.6377997398376465
1913 2.586442232131958
1914 2.7154483795166016
1915 2.654442548751831
1916 2.6112399101257324
1917 2.7306325435638428
1918 2.3685877323150635
1919 2.457319736480713
1920 2.321974277496338
1921 2.4601645469665527
1922 2.6434125900268555
1923 2.6916897296905518
1924 2.4163997173309326
1925 2.568519353866577
1926 2.5472729206085205
1927 2.6267573833465576
1928 2.6250040531158447
1929 2.3767659664154053
1930 2.6904430389404297
1931 2.8645310401916504
1932 2.9349398612976074
1933 2.999192237854004
1934 2.9893500804901123
1935 2.9049744606018066
1936 3.045038938522339
1937 2.7189183235168457
1938 2.4944074153900146
1939 2.5647852420806885
1940 2.385221481323242
1941 2.2010929584503174
1942 2.418440580368042
1943 2.6324961185455322
1944 2.5264201164245605
1945 2.6207659244537354
1946 2.292008399963379
1947 2.5756890773773193
1948 2.385594367980957
1949 2.4148991107940674
1950 2.4676854610443115
1951 2.681068181991577
1952 2.802175283432007
1953 2.544459104537964
1954 3.068358898162842
1955 2.9858016967773438
1956 2.7217047214508057
1957 2.6437225341796875
1958 2.6061060428619385
1959 2.4112627506256104
1960 2.5837764739990234
1961 2.6120426654815674
1962 2.8514325618743896
1963 2.777970790863037
1964 2.867079496383667
1965 3.158409833908081
1966 3.1066153049468994
1967 3.0658907890319824
1968 3.08526349067688
1969 2.9006659984588623
1970 2.77591872215271
1971 2.340087890625
1972 2.586716413497925
1973 2.8717048168182373
1974 2.6986751556396484
1975 2.6818034648895264
1976 2.6767518520355225
1977 2.549833297729492
1978 2.7017018795013428
1979 2.7034642696380615
1980 2.723478317260742
1981 2.6474955081939697
1982 2.615931510925293
1983 2.419837474822998
1984 2.206150770187378
1985 2.44204044342041
1986 2.5791893005371094
1987 2.2001230716705322
1988 2.6291885375976563
1989 2.3609108924865723
1990 2.761302947998047
1991 2.802877187728882
1992 2.704178810119629
1993 2.897343873977661
1994 2.7411868572235107
1995 2.6285240650177
1996 2.8878376483917236
1997 2.7402215003967285
1998 2.520378589630127
1999 2.848541021347046
2000 2.6401658058166504
2001 2.8307101726531982
2002 2.8857169151306152
2003 2.853856325149536
2004 2.867450714111328
2005 2.6887388229370117
2006 2.438917636871338
2007 2.748680591583252
2008 2.561396837234497
2009 2.3935086727142334
2010 2.536126136779785
2011 2.2631185054779053
2012 2.7376322746276855
2013 2.8412673473358154
2014 2.69960880279541
2015 2.687112331390381
2016 2.8565196990966797
2017 2.885590076446533
2018 2.8750247955322266
2019 2.557624101638794
2020 2.483916997909546
2021 2.7695159912109375
2022 2.6450462341308594
2023 2.568443536758423
2024 2.4665956497192383
2025 2.8997955322265625
2026 2.9711754322052
2027 2.9864962100982666
2028 3.0403730869293213
2029 3.11923885345459
2030 3.4813404083251953
2031 3.333192825317383
2032 3.173992395401001
2033 3.2405107021331787
2034 2.7531752586364746
2035 2.811264753341675
2036 2.9354450702667236
2037 2.8481433391571045
2038 2.9592974185943604
2039 3.0230393409729004
2040 2.954580545425415
2041 3.022937297821045
2042 3.0579230785369873
2043 2.721815586090088
2044 2.8710315227508545
2045 2.460571527481079
2046 2.594987392425537
2047 2.366727113723755
2048 2.512636184692383
2049 2.67726993560791
2050 2.6808724403381348
2051 2.9322779178619385
2052 2.804577350616455
2053 2.6473019123077393
2054 2.652052402496338
2055 2.58280348777771
2056 2.3093667030334473
2057 2.4484763145446777
2058 2.3369898796081543
2059 2.1863012313842773
2060 2.0585412979125977
2061 2.2082712650299072
2062 2.2627687454223633
2063 2.2445831298828125
2064 2.089634418487549
2065 2.2414650917053223
2066 2.4466114044189453
2067 2.5595486164093018
2068 2.7490971088409424
2069 2.66247820854187
2070 2.9368913173675537
2071 2.8632848262786865
2072 2.857743978500366
2073 2.7185094356536865
2074 2.653261661529541
2075 2.244337558746338
2076 2.625295877456665
2077 3.014450788497925
2078 3.060842514038086
2079 2.7382757663726807
2080 2.463499069213867
2081 2.460289239883423
2082 2.519542932510376
2083 2.3592278957366943
2084 2.4964377880096436
2085 2.7258918285369873
2086 2.395693778991699
2087 2.4525394439697266
2088 2.1985974311828613
2089 2.1669960021972656
2090 2.306101083755493
2091 2.3053488731384277
2092 2.504025459289551
2093 2.527833938598633
2094 2.5037524700164795
2095 2.3598976135253906
2096 2.5578677654266357
2097 2.3428120613098145
2098 2.482128143310547
2099 2.6553657054901123
2100 2.5050735473632813
2101 2.8643503189086914
2102 2.9489877223968506
2103 2.9709999561309814
2104 2.697158098220825
2105 2.7310078144073486
2106 2.715395450592041
2107 2.2715208530426025
2108 2.2769277095794678
2109 2.4045073986053467
2110 2.619184970855713
2111 2.321265697479248
2112 2.324021816253662
2113 2.349240303039551
2114 2.3250937461853027
2115 2.255944013595581
2116 2.437762975692749
2117 2.4452342987060547
2118 2.2545433044433594
2119 2.323453903198242
2120 2.3204262256622314
2121 2.2466039657592773
2122 2.4025468826293945
2123 2.3599493503570557
2124 2.324070692062378
2125 1.99198579788208
2126 2.180905818939209
2127 2.347315788269043
2128 2.1477508544921875
2129 2.4610249996185303
2130 2.5522751808166504
2131 2.401918649673462
2132 2.7056453227996826
2133 2.7667243480682373
2134 2.372959613800049
2135 2.4710018634796143
2136 2.388763666152954
2137 2.562368392944336
2138 2.578577756881714
2139 2.7022454738616943
2140 2.4614641666412354
2141 2.4302315711975098
2142 2.3513498306274414
2143 2.49963116645813
2144 2.4500577449798584
2145 2.536001443862915
2146 2.5069022178649902
2147 2.5430331230163574
2148 2.0944581031799316
2149 1.994010090827942
2150 2.0155460834503174
2151 2.158254623413086
2152 2.194129467010498
2153 2.3764238357543945
2154 2.073145627975464
2155 2.1162281036376953
2156 2.3267831802368164
2157 2.672935962677002
2158 2.3931264877319336
2159 2.757676601409912
2160 2.5233218669891357
2161 2.8044540882110596
2162 2.835840940475464
2163 2.402039051055908
2164 2.45243239402771
2165 2.3159303665161133
2166 2.1512608528137207
2167 2.3575832843780518
2168 2.6404263973236084
2169 2.84344482421875
2170 2.868204355239868
2171 2.4372355937957764
2172 2.495840072631836
2173 2.550203323364258
2174 2.6039068698883057
2175 2.3863651752471924
2176 2.573590040206909
2177 2.298650026321411
2178 2.7515792846679688
2179 2.6860928535461426
2180 2.60290265083313
2181 2.4819259643554688
2182 2.119295835494995
2183 2.4557676315307617
2184 2.3127193450927734
2185 2.2359652519226074
2186 2.1861515045166016
2187 2.3758585453033447
2188 2.328198194503784
2189 2.539461851119995
2190 2.0764214992523193
2191 2.5756659507751465
2192 2.4397523403167725
2193 2.235194206237793
2194 2.337027072906494
2195 2.330998659133911
2196 2.3981738090515137
2197 2.684328317642212
2198 2.759976625442505
2199 2.865065336227417
2200 3.092414617538452
2201 3.0461618900299072
2202 3.1355998516082764
2203 3.043421983718872
2204 2.863624334335327
2205 2.6044070720672607
2206 2.5814716815948486
2207 2.753633975982666
2208 2.6266369819641113
2209 2.2993016242980957
2210 2.0566153526306152
2211 2.013514280319214
2212 2.266648769378662
2213 2.3496549129486084
2214 2.0750153064727783
2215 1.9710865020751953
2216 2.2699668407440186
2217 2.2717466354370117
2218 2.229180335998535
2219 2.4109232425689697
2220 2.4544825553894043
2221 2.704768180847168
2222 2.6587600708007813
2223 2.613051176071167
2224 2.8370909690856934
2225 2.6299874782562256
2226 2.716705083847046
2227 2.792214870452881
2228 2.6292848587036133
2229 2.5903372764587402
2230 2.7848427295684814
2231 2.7478840351104736
2232 2.8066635131835938
2233 2.6817879676818848
2234 3.2661795616149902
2235 3.029247999191284
2236 3.158207893371582
2237 2.7104222774505615
2238 2.461440086364746
2239 2.7761130332946777
2240 2.590968608856201
2241 2.5239546298980713
2242 2.7159440517425537
2243 2.5537970066070557
2244 2.5423967838287354
2245 2.7907896041870117
2246 2.7747039794921875
2247 3.0204029083251953
2248 2.929577350616455
2249 2.848323345184326
2250 2.5213088989257813
2251 2.858701705932617
2252 2.9379711151123047
2253 2.9524099826812744
2254 2.6740753650665283
2255 3.0781373977661133
2256 2.5400993824005127
2257 2.55159592628479
2258 2.3332927227020264
2259 2.571441888809204
2260 2.5746138095855713
2261 2.6928532123565674
2262 2.692518472671509
2263 2.6095213890075684
2264 2.7094247341156006
2265 2.8589580059051514
2266 2.870476722717285
2267 3.0360424518585205
2268 3.0634727478027344
2269 3.3760886192321777
2270 3.240107297897339
2271 3.354926824569702
2272 3.124171733856201
2273 2.709700584411621
2274 2.704340934753418
2275 2.7206308841705322
2276 2.9240002632141113
2277 2.8921241760253906
2278 2.914698362350464
2279 2.9080076217651367
2280 2.8122377395629883
2281 2.847816228866577
2282 3.1164371967315674
2283 2.6792654991149902
2284 2.7572450637817383
2285 2.6379623413085938
2286 2.9091367721557617
2287 2.7418155670166016
2288 2.9387686252593994
2289 2.6212196350097656
2290 2.5998854637145996
2291 2.389702081680298
2292 2.5267457962036133
2293 2.83904767036438
2294 2.7237372398376465
2295 2.712651252746582
2296 2.4853570461273193
2297 2.56323504447937
2298 2.5235838890075684
2299 2.447345495223999
2300 2.5509676933288574
2301 2.5112171173095703
2302 2.6575119495391846
2303 2.7286782264709473
2304 2.60099196434021
2305 2.4028375148773193
2306 2.238438844680786
2307 2.4130711555480957
2308 2.197038173675537
2309 2.144702672958374
2310 2.3100974559783936
2311 2.302966356277466
2312 2.5575568675994873
2313 2.559896469116211
2314 2.3722496032714844
2315 2.380918502807617
2316 2.685009002685547
2317 2.4353227615356445
2318 2.6976711750030518
2319 2.406694173812866
2320 2.4725468158721924
2321 2.271616220474243
2322 2.0139315128326416
2323 1.8778506517410278
2324 2.0204241275787354
2325 2.191263198852539
2326 2.5146312713623047
2327 2.526306390762329
2328 2.723193645477295
2329 2.4173309803009033
2330 2.5321907997131348
2331 2.605321168899536
2332 2.4716029167175293
2333 2.7493438720703125
2334 2.67915940284729
2335 2.6554229259490967
2336 2.5239219665527344
2337 2.7993953227996826
2338 2.5341711044311523
2339 2.504876136779785
2340 2.6872570514678955
2341 2.468745470046997
2342 2.247981071472168
2343 2.5092084407806396
2344 2.574326992034912
2345 2.537281036376953
2346 2.327268123626709
2347 2.2417118549346924
2348 2.671304225921631
2349 2.87705397605896
2350 2.9276182651519775
2351 2.8218677043914795
2352 2.780669689178467
2353 2.718116521835327
2354 2.5173146724700928
2355 2.774798631668091
2356 2.76292085647583
2357 2.945204257965088
2358 2.842663049697876
2359 2.5085089206695557
2360 2.514293909072876
2361 2.594082832336426
2362 2.490572690963745
2363 2.6534507274627686
2364 2.279338836669922
2365 2.4038710594177246
2366 2.518360137939453
2367 2.4354026317596436
2368 2.4805855751037598
2369 2.2245681285858154
2370 2.18981671333313
2371 2.323370933532715
2372 2.426042079925537
2373 2.5163164138793945
2374 2.319986581802368
2375 2.4192686080932617
2376 2.4950103759765625
2377 2.313839912414551
2378 2.383409261703491
2379 2.3731768131256104
2380 2.3381471633911133
2381 2.4986371994018555
2382 2.665616989135742
2383 2.800173044204712
2384 2.626741647720337
2385 2.395827293395996
2386 2.3650624752044678
2387 2.2730700969696045
2388 2.433985710144043
2389 2.4843530654907227
2390 2.440108060836792
2391 2.433396577835083
2392 2.4219136238098145
2393 2.551605224609375
2394 2.56353759765625
2395 2.703178644180298
2396 2.6823532581329346
2397 2.506519317626953
2398 2.285593271255493
2399 2.5029547214508057
2400 2.6333401203155518
2401 2.5373668670654297
2402 2.536792278289795
2403 2.8921375274658203
2404 2.850301742553711
2405 2.5782341957092285
2406 2.355123281478882
2407 2.4170331954956055
2408 2.474973678588867
2409 2.2772104740142822
2410 2.4580142498016357
2411 2.5664825439453125
2412 2.443748950958252
2413 2.432220697402954
2414 2.5451855659484863
2415 2.5422379970550537
2416 2.8305013179779053
2417 2.677154779434204
2418 2.3302173614501953
2419 2.4682891368865967
2420 2.231123685836792
2421 2.3651645183563232
2422 2.599119186401367
2423 2.7325448989868164
2424 2.5125808715820313
2425 2.4933831691741943
2426 2.495184898376465
2427 2.6518912315368652
2428 2.785238027572632
2429 2.6976139545440674
2430 2.66969633102417
2431 2.64638090133667
2432 2.898109197616577
2433 2.902535915374756
2434 3.0337436199188232
2435 3.0751140117645264
2436 3.0065395832061768
2437 2.9532647132873535
2438 3.063500165939331
2439 2.8493056297302246
2440 2.887692451477051
2441 2.7300055027008057
2442 3.000680923461914
2443 2.9136862754821777
2444 3.284698009490967
2445 3.3122777938842773
2446 3.274674892425537
2447 3.1622860431671143
2448 3.23826003074646
2449 3.150172710418701
2450 2.9403443336486816
2451 3.0347347259521484
2452 3.2432851791381836
2453 2.7052371501922607
2454 2.7156131267547607
2455 2.567955255508423
2456 2.559948205947876
2457 2.6803202629089355
2458 2.5475358963012695
2459 2.5082085132598877
2460 2.663559913635254
2461 2.474846839904785
2462 2.6131012439727783
2463 2.6065988540649414
2464 2.6976773738861084
2465 2.6462552547454834
2466 2.4857070446014404
2467 2.4913415908813477
2468 2.546840190887451
2469 2.7076215744018555
2470 2.7532925605773926
2471 2.8956375122070313
2472 2.839468479156494
2473 2.9227356910705566
2474 3.0262391567230225
2475 3.1054272651672363
2476 3.0468928813934326
2477 2.930661678314209
2478 2.7373337745666504
2479 2.584648609161377
2480 2.5909101963043213
2481 2.971550941467285
2482 3.2046782970428467
2483 2.9222211837768555
2484 2.88226580619812
2485 2.766883611679077
2486 2.64880108833313
2487 2.851155996322632
2488 2.6448094844818115
2489 2.3780677318573
2490 2.9991371631622314
2491 2.9744980335235596
2492 2.6992416381835938
2493 2.9172239303588867
2494 2.9049999713897705
2495 2.8113222122192383
2496 2.9669976234436035
2497 2.7813775539398193
2498 2.51027250289917
2499 2.5072309970855713
2500 2.483896017074585
2501 2.280327558517456
2502 2.4788124561309814
2503 2.3918747901916504
2504 2.3103232383728027
2505 2.509161949157715
2506 2.3394813537597656
2507 2.3353707790374756
2508 2.592211961746216
2509 2.6433122158050537
2510 2.8554508686065674
2511 2.5864269733428955
2512 2.6667778491973877
2513 2.6336586475372314
2514 2.672978639602661
2515 2.910036563873291
2516 2.994990348815918
2517 2.901642084121704
2518 3.08656907081604
2519 2.9122602939605713
2520 2.7488925457000732
2521 2.7473676204681396
2522 2.8796586990356445
2523 2.8720362186431885
2524 3.064995765686035
2525 2.836291790008545
2526 2.710756301879883
2527 3.0046839714050293
2528 2.614513874053955
2529 2.9369332790374756
2530 2.8471195697784424
2531 3.0561866760253906
2532 2.711817741394043
2533 2.973256826400757
2534 3.0908524990081787
2535 3.168485164642334
2536 3.384387254714966
2537 3.5293962955474854
2538 2.7437405586242676
2539 2.3615262508392334
2540 2.509939193725586
2541 2.4985568523406982
2542 2.431055784225464
2543 2.2550201416015625
2544 2.406465768814087
2545 2.4796462059020996
2546 2.3595633506774902
2547 2.2300338745117188
2548 1.9989970922470093
2549 2.1163973808288574
2550 2.1544103622436523
2551 2.1623001098632813
2552 2.287846803665161
2553 2.0179965496063232
2554 2.1227240562438965
2555 2.160824775695801
2556 2.6756556034088135
2557 2.5848801136016846
2558 2.6522409915924072
2559 2.5251002311706543
2560 2.82043719291687
2561 2.7068629264831543
2562 2.8001136779785156
2563 2.3541550636291504
2564 2.503950357437134
2565 2.3641183376312256
2566 2.7395546436309814
2567 2.6781117916107178
2568 2.5457277297973633
2569 2.3171920776367188
2570 2.553940773010254
2571 2.5413730144500732
2572 2.375955104827881
2573 2.5162346363067627
2574 2.775749683380127
2575 2.863013982772827
2576 2.6826443672180176
2577 2.359941244125366
2578 2.4306228160858154
2579 2.967609167098999
2580 2.908698320388794
2581 2.6839215755462646
2582 2.633104085922241
2583 2.657792568206787
2584 2.8471755981445313
2585 3.124208688735962
2586 3.06453537940979
2587 3.0776960849761963
2588 3.284672737121582
2589 3.0670835971832275
2590 3.002222776412964
2591 2.8059980869293213
2592 2.7652475833892822
2593 2.698482036590576
2594 2.592931032180786
2595 2.3389811515808105
2596 2.341113805770874
2597 2.3577470779418945
2598 2.266310453414917
2599 2.38390851020813
2600 2.7970361709594727
2601 2.557044744491577
2602 2.4241435527801514
2603 2.469766139984131
2604 2.4852230548858643
2605 2.3291923999786377
2606 2.4785590171813965
2607 2.037731885910034
2608 2.414940357208252
2609 2.4856503009796143
2610 2.6181423664093018
2611 2.7316670417785645
2612 2.5513877868652344
2613 1.8672064542770386
2614 2.0437145233154297
2615 2.2315640449523926
2616 2.6302521228790283
2617 2.759866237640381
2618 2.6841447353363037
2619 2.489201068878174
2620 2.374610185623169
2621 2.517010450363159
2622 2.5250332355499268
2623 2.4833502769470215
2624 2.4278979301452637
2625 2.5541651248931885
2626 2.044128179550171
2627 2.197082996368408
2628 2.1978182792663574
2629 1.9420371055603027
2630 1.924945592880249
2631 2.202913761138916
2632 2.128969430923462
2633 2.4355897903442383
2634 2.5585525035858154
2635 2.509035587310791
2636 2.718923330307007
2637 3.008655071258545
2638 2.822618007659912
2639 2.571530342102051
2640 2.4581007957458496
2641 2.387777805328369
2642 2.542487382888794
2643 2.7671875953674316
2644 2.766664743423462
2645 2.811218738555908
2646 2.581758737564087
2647 2.620974063873291
2648 2.875908136367798
2649 2.731560707092285
2650 3.045748233795166
2651 2.8528311252593994
2652 2.7949414253234863
2653 2.7589492797851563
2654 2.729917287826538
2655 2.8939642906188965
2656 2.792001247406006
2657 2.7101426124572754
2658 2.650071144104004
2659 2.5151894092559814
2660 2.5569353103637695
2661 2.6171605587005615
2662 2.719778299331665
2663 2.8875348567962646
2664 2.8228988647460938
2665 2.8853139877319336
2666 2.9548027515411377
2667 3.1446452140808105
2668 3.2705330848693848
2669 2.8820207118988037
2670 2.761430263519287
2671 3.0356087684631348
2672 2.9097423553466797
2673 2.7241475582122803
2674 2.490485906600952
2675 2.4744811058044434
2676 2.678574562072754
2677 2.6410627365112305
2678 2.699106454849243
2679 2.6065802574157715
2680 2.261401891708374
2681 2.2093491554260254
2682 2.283080816268921
2683 2.4809634685516357
2684 2.6638407707214355
2685 2.421926975250244
2686 2.6574065685272217
2687 2.702467203140259
2688 2.710447311401367
2689 2.510265350341797
2690 2.5858304500579834
2691 2.7450733184814453
2692 2.486100196838379
2693 2.520573616027832
2694 2.414767265319824
2695 2.503573417663574
2696 2.3468809127807617
2697 2.447383403778076
2698 2.559312582015991
2699 2.621066093444824
2700 2.499748945236206
2701 2.9144351482391357
2702 2.847841739654541
2703 2.9772167205810547
2704 2.7551064491271973
2705 2.838469982147217
2706 2.514425754547119
2707 2.473801374435425
2708 2.5074527263641357
2709 2.7317416667938232
2710 2.4742228984832764
2711 2.5690996646881104
2712 2.242205858230591
2713 2.1475532054901123
2714 2.277941942214966
2715 2.3065831661224365
2716 2.402071714401245
2717 2.5954742431640625
2718 2.8170111179351807
2719 2.6194546222686768
2720 2.82928204536438
2721 2.7094132900238037
2722 2.912222385406494
2723 2.6434669494628906
2724 2.347837448120117
2725 2.5117993354797363
2726 3.046668767929077
2727 3.292480707168579
2728 3.245671033859253
2729 2.837803363800049
2730 2.8916544914245605
2731 3.0322840213775635
2732 3.0949971675872803
2733 3.1976981163024902
2734 3.1157684326171875
2735 3.168665647506714
2736 3.0734167098999023
2737 3.2302520275115967
2738 2.835219144821167
2739 2.7745285034179688
2740 2.7597196102142334
2741 2.53525972366333
2742 2.778022527694702
2743 2.7401108741760254
2744 2.5983197689056396
2745 2.6837258338928223
2746 2.5957372188568115
2747 2.751812219619751
2748 3.029616594314575
2749 2.9950451850891113
2750 2.811626672744751
2751 2.8878257274627686
2752 2.7798314094543457
2753 2.918304443359375
2754 2.7878260612487793
2755 2.785276174545288
2756 2.6909005641937256
2757 3.0316195487976074
2758 3.11857271194458
2759 3.306936264038086
2760 2.9623868465423584
2761 2.885652542114258
2762 2.475447654724121
2763 2.469545364379883
2764 2.70206880569458
2765 3.0026299953460693
2766 2.7612011432647705
2767 2.7043449878692627
2768 2.7909066677093506
2769 2.7893035411834717
2770 2.6261043548583984
2771 2.490417718887329
2772 2.570457696914673
2773 2.6345794200897217
2774 2.336771249771118
2775 2.646747350692749
2776 2.765377998352051
2777 2.770551919937134
2778 2.5525729656219482
2779 2.508188009262085
2780 2.9204163551330566
2781 2.806229829788208
2782 2.8290493488311768
2783 2.9364733695983887
2784 3.3392703533172607
2785 2.9874367713928223
2786 2.8294837474823
2787 3.083205223083496
2788 3.0201797485351563
2789 3.280039072036743
2790 3.211188793182373
2791 3.0075318813323975
2792 2.8275339603424072
2793 2.884817123413086
2794 2.879427909851074
2795 3.1123006343841553
2796 2.916938066482544
2797 2.8483598232269287
2798 2.715296745300293
2799 2.5748507976531982
2800 2.842885732650757
2801 2.9122769832611084
2802 2.8398258686065674
2803 2.6858983039855957
2804 2.6799137592315674
2805 2.8053722381591797
2806 2.8062899112701416
2807 2.640532970428467
2808 2.596179962158203
2809 2.6383352279663086
2810 2.5892691612243652
2811 2.3916661739349365
2812 2.7929561138153076
2813 2.706731081008911
2814 2.939234495162964
2815 2.611151695251465
2816 2.5653114318847656
2817 2.4427103996276855
2818 2.509218454360962
2819 2.343458890914917
2820 2.315786361694336
2821 2.1050212383270264
2822 2.266026258468628
2823 2.32966685295105
2824 2.4510278701782227
2825 2.4008731842041016
2826 2.5347821712493896
2827 2.4464914798736572
2828 2.3525259494781494
2829 2.2397890090942383
2830 2.4846489429473877
2831 2.4332098960876465
2832 2.4616599082946777
2833 2.409196138381958
2834 2.5110082626342773
2835 2.315488815307617
2836 2.378976821899414
2837 2.369335889816284
2838 2.4252126216888428
2839 2.426215410232544
2840 2.524115562438965
2841 2.5500423908233643
2842 2.7372183799743652
2843 2.5117268562316895
2844 2.8426315784454346
2845 2.828193426132202
2846 2.8661093711853027
2847 2.7804648876190186
2848 2.8197858333587646
2849 2.656803846359253
2850 2.6784937381744385
2851 2.7313709259033203
2852 2.3335800170898438
2853 2.809518575668335
2854 2.898254156112671
2855 2.810366630554199
2856 2.79402756690979
2857 2.301546096801758
2858 2.424675703048706
2859 2.3613855838775635
2860 2.4249582290649414
2861 2.32161283493042
2862 2.4436159133911133
2863 2.5541865825653076
2864 2.4535655975341797
2865 2.6420464515686035
2866 2.715965747833252
2867 2.6757237911224365
2868 2.8924202919006348
2869 2.87803316116333
2870 3.1693084239959717
2871 2.944852590560913
2872 3.1642069816589355
2873 3.381016731262207
2874 3.3270063400268555
2875 3.353595733642578
2876 3.348257064819336
2877 3.6298985481262207
2878 3.5149357318878174
2879 3.454366445541382
2880 3.226977586746216
2881 2.923496961593628
2882 3.5984771251678467
2883 3.361957311630249
2884 2.8352787494659424
2885 2.904902696609497
2886 2.6791794300079346
2887 2.808722496032715
2888 3.0160481929779053
2889 2.907113790512085
2890 2.592357873916626
2891 2.7121949195861816
2892 2.893364429473877
2893 3.057067632675171
2894 3.0239861011505127
2895 3.027682304382324
2896 3.212350845336914
2897 3.022050619125366
2898 3.2537057399749756
2899 3.2413582801818848
2900 3.2034759521484375
2901 3.164787530899048
2902 2.8777925968170166
2903 3.0348081588745117
2904 3.2249808311462402
2905 2.9613358974456787
2906 2.863529682159424
2907 2.5180952548980713
2908 2.720925807952881
2909 2.7831830978393555
2910 2.7734296321868896
2911 3.0168182849884033
2912 3.1515305042266846
2913 2.718886137008667
2914 2.740575075149536
2915 2.6334238052368164
2916 2.49979829788208
2917 2.3685691356658936
2918 2.505110025405884
2919 2.5612292289733887
2920 2.638352870941162
2921 2.3790652751922607
2922 2.27970814704895
2923 2.4855403900146484
2924 2.606074333190918
2925 2.3971633911132813
2926 2.2466907501220703
2927 2.370530128479004
2928 2.2467408180236816
2929 2.3685173988342285
2930 2.099663496017456
2931 2.271014451980591
2932 2.3391273021698
2933 2.587286949157715
2934 2.5571796894073486
2935 2.472320079803467
2936 2.3434455394744873
2937 2.4510483741760254
2938 2.586074113845825
2939 2.5562636852264404
2940 2.213160276412964
2941 2.3016438484191895
2942 2.3374035358428955
2943 2.3255114555358887
2944 2.3247246742248535
2945 2.3878731727600098
2946 2.3975741863250732
2947 2.5325801372528076
2948 2.3429172039031982
2949 2.4459455013275146
2950 2.5605342388153076
2951 2.553590774536133
2952 2.511183261871338
2953 2.4644675254821777
2954 2.3431122303009033
2955 2.2501137256622314
2956 2.21624755859375
2957 2.1667842864990234
2958 2.1927742958068848
2959 2.268533229827881
2960 2.4351327419281006
2961 2.30853533744812
2962 2.3296773433685303
2963 2.41910457611084
2964 2.453493595123291
2965 2.6181371212005615
2966 2.6569299697875977
2967 2.6355860233306885
2968 2.420783758163452
2969 2.677151679992676
2970 2.449241876602173
2971 2.287038803100586
2972 2.580721855163574
2973 2.529561758041382
2974 2.547497272491455
2975 2.446650505065918
2976 2.190696954727173
2977 2.2353782653808594
2978 2.4070730209350586
2979 2.4379279613494873
2980 2.332871913909912
2981 2.21589994430542
2982 2.5501978397369385
2983 2.5693166255950928
2984 2.5491912364959717
2985 2.416748523712158
2986 2.4178948402404785
2987 2.622563362121582
2988 2.411041498184204
2989 2.4255683422088623
2990 2.581711769104004
2991 2.618943214416504
2992 2.5811362266540527
2993 2.6752355098724365
2994 2.888580322265625
2995 3.2898833751678467
2996 3.409294605255127
2997 3.195030689239502
2998 2.8860020637512207
2999 2.6935925483703613
3000 2.410443067550659
3001 2.500706672668457
3002 2.5810141563415527
3003 2.8469903469085693
3004 2.465815782546997
3005 2.2527647018432617
3006 2.2887909412384033
3007 2.3687095642089844
3008 2.3169050216674805
3009 2.3002800941467285
3010 2.271559715270996
3011 2.451582431793213
3012 2.8904199600219727
3013 2.9273717403411865
3014 2.7184762954711914
3015 2.571200132369995
3016 2.537649393081665
3017 2.619920253753662
3018 2.8154702186584473
3019 2.7315165996551514
3020 2.5564310550689697
3021 2.4109623432159424
3022 2.699455738067627
3023 2.2805256843566895
3024 2.3802874088287354
3025 2.921102285385132
3026 2.767183780670166
3027 3.0391948223114014
3028 2.3876359462738037
3029 2.4497807025909424
3030 2.429156541824341
3031 2.1090145111083984
3032 2.1563353538513184
3033 2.038811206817627
3034 2.3242592811584473
3035 2.3026115894317627
3036 2.235868215560913
3037 2.195389747619629
3038 2.1072916984558105
3039 2.257758140563965
3040 2.6211178302764893
3041 2.3996498584747314
3042 2.5578832626342773
3043 2.3977856636047363
3044 2.498781442642212
3045 2.181215763092041
3046 2.3949124813079834
3047 2.519622325897217
3048 2.655857801437378
3049 2.6469149589538574
3050 2.420398235321045
3051 2.3074326515197754
3052 2.248152494430542
3053 2.2710328102111816
3054 2.316152572631836
3055 2.4055943489074707
3056 2.538707971572876
3057 2.481004238128662
3058 2.66532564163208
3059 2.5975570678710938
3060 2.3969225883483887
3061 2.2582361698150635
3062 2.219970703125
3063 2.3505423069000244
3064 2.3238885402679443
3065 2.4048714637756348
3066 2.7076568603515625
3067 2.5650064945220947
3068 2.4972076416015625
3069 2.5515642166137695
3070 2.4361259937286377
3071 2.1583354473114014
3072 2.4350035190582275
3073 2.638488292694092
3074 2.7376842498779297
3075 2.7996761798858643
3076 2.7829341888427734
3077 2.5666866302490234
3078 2.8934454917907715
3079 2.8335752487182617
3080 2.760035753250122
3081 2.897913932800293
3082 2.923330783843994
3083 3.106473922729492
3084 2.816534996032715
3085 2.7288591861724854
3086 2.674863815307617
3087 2.5687437057495117
3088 2.6290457248687744
3089 2.5914251804351807
3090 2.6368823051452637
3091 2.7071242332458496
3092 2.6700448989868164
3093 2.499563217163086
3094 2.574363946914673
3095 2.561048984527588
3096 2.8683149814605713
3097 2.665102481842041
3098 2.870939016342163
3099 2.9939491748809814
3100 3.059272289276123
3101 3.1164212226867676
3102 2.883167028427124
3103 2.8716468811035156
3104 2.89426589012146
3105 2.829559087753296
3106 2.7546610832214355
3107 2.658634662628174
3108 2.9482550621032715
3109 3.2652502059936523
3110 3.4456162452697754
3111 3.2556183338165283
3112 3.0842535495758057
3113 2.80529522895813
3114 2.9540224075317383
3115 2.6869900226593018
3116 2.511242389678955
3117 2.5219314098358154
3118 2.9374706745147705
3119 2.6041958332061768
3120 2.362464666366577
3121 2.104746103286743
3122 2.25323224067688
3123 2.275082588195801
3124 2.6194143295288086
3125 2.594515323638916
3126 2.5711822509765625
3127 2.5618507862091064
3128 3.003183364868164
3129 2.733909845352173
3130 2.8267197608947754
3131 2.679719924926758
3132 2.9837276935577393
3133 2.865597724914551
3134 2.567202568054199
3135 2.529203414916992
3136 2.4945595264434814
3137 2.480513334274292
3138 2.5640816688537598
3139 2.5044028759002686
3140 2.423793315887451
3141 2.4584100246429443
3142 2.7925474643707275
3143 2.735393762588501
3144 2.8531973361968994
3145 2.8070778846740723
3146 2.9409475326538086
3147 2.6819074153900146
3148 2.627906560897827
3149 2.55310320854187
3150 2.358851909637451
3151 2.5795235633850098
3152 2.7474963665008545
3153 2.7446348667144775
3154 2.480968713760376
3155 2.351447105407715
3156 2.377256155014038
3157 2.683911085128784
3158 2.9457080364227295
3159 2.711968421936035
3160 2.7845892906188965
3161 2.6263837814331055
3162 2.6391613483428955
3163 2.458928346633911
3164 2.989017963409424
3165 2.8793563842773438
3166 2.737804651260376
3167 2.505950689315796
3168 2.5588812828063965
3169 2.0986030101776123
3170 2.1730260848999023
3171 2.0064780712127686
3172 1.9744900465011597
3173 2.2242813110351563
3174 2.2291765213012695
3175 2.1890759468078613
3176 2.357548713684082
3177 2.460329532623291
3178 2.332996368408203
3179 2.28218936920166
3180 2.2779252529144287
3181 2.54955792427063
3182 2.5555920600891113
3183 2.64687180519104
3184 2.6642990112304688
3185 2.9645421504974365
3186 2.810586929321289
3187 2.7119193077087402
3188 3.014268398284912
3189 3.3442270755767822
3190 3.2770156860351563
3191 2.817613124847412
3192 2.837040662765503
3193 2.8596298694610596
3194 3.0020925998687744
3195 2.7138633728027344
3196 2.5757522583007813
3197 2.653625726699829
3198 2.8962562084198
3199 2.8128745555877686
3200 2.70815372467041
3201 2.7006497383117676
3202 2.481816530227661
3203 2.7883708477020264
3204 2.684299945831299
3205 2.6933043003082275
3206 2.4430224895477295
3207 2.4868345260620117
3208 2.8754968643188477
3209 3.0584089756011963
3210 2.648759603500366
3211 2.8379228115081787
3212 2.7540698051452637
3213 2.871053695678711
3214 2.589144468307495
3215 2.606938362121582
3216 2.7554211616516113
3217 2.872124433517456
3218 2.8600518703460693
3219 2.8960719108581543
3220 2.5426931381225586
3221 2.3352930545806885
3222 2.567190170288086
3223 2.0362894535064697
3224 2.244616746902466
3225 2.3044114112854004
3226 2.545933485031128
3227 2.4288241863250732
3228 2.397122621536255
3229 2.7262520790100098
3230 2.7612621784210205
3231 2.770390033721924
3232 3.1385414600372314
3233 2.7294938564300537
3234 2.694135904312134
3235 2.534684658050537
3236 2.537024974822998
3237 2.328542709350586
3238 2.456576108932495
3239 2.601541042327881
3240 2.656897783279419
3241 2.7837212085723877
3242 2.6562893390655518
3243 2.903693199157715
3244 2.9354209899902344
3245 2.745262861251831
3246 2.5931406021118164
3247 2.35925555229187
3248 2.55835223197937
3249 2.381481647491455
3250 2.5192315578460693
3251 2.605771541595459
3252 2.546753406524658
3253 2.438000202178955
3254 2.5380091667175293
3255 2.4419190883636475
3256 2.4036574363708496
3257 2.439004421234131
3258 2.2272725105285645
3259 2.4360592365264893
3260 2.684711456298828
3261 2.615389347076416
3262 2.2829368114471436
3263 2.1748580932617188
3264 2.123603582382202
3265 2.2775354385375977
3266 2.5065863132476807
3267 2.3336989879608154
3268 2.5452215671539307
3269 2.1368019580841064
3270 2.4950575828552246
3271 2.883646011352539
3272 2.6050031185150146
3273 2.441021680831909
3274 2.387021064758301
3275 2.1515095233917236
3276 2.198784351348877
3277 2.4868991374969482
3278 2.2653191089630127
3279 2.3982839584350586
3280 2.146152973175049
3281 2.2683334350585938
3282 2.2541046142578125
3283 2.3997130393981934
3284 2.4858129024505615
3285 2.7291934490203857
3286 2.5281174182891846
3287 2.5104737281799316
3288 2.4881296157836914
3289 2.596193552017212
3290 2.5530190467834473
3291 2.760676383972168
3292 2.9965386390686035
3293 3.032489061355591
3294 3.052967071533203
3295 2.8246378898620605
3296 2.997161865234375
3297 3.049630880355835
3298 2.7673377990722656
3299 2.550203561782837
3300 2.42050838470459
3301 2.7465038299560547
3302 2.9417755603790283
3303 3.255439281463623
3304 3.1738345623016357
3305 3.3007965087890625
3306 3.013308048248291
3307 2.7774648666381836
3308 2.650010824203491
3309 2.675294876098633
3310 2.882669687271118
3311 2.6517598628997803
3312 2.51488995552063
3313 2.735647201538086
3314 2.707634687423706
3315 2.556943893432617
3316 2.4527461528778076
3317 2.677490234375
3318 2.5673792362213135
3319 2.4494831562042236
3320 2.6351993083953857
3321 2.467796802520752
3322 2.084094285964966
3323 2.313873291015625
3324 2.411411762237549
3325 2.443878173828125
3326 2.712912082672119
3327 2.63399338722229
3328 2.4717085361480713
3329 2.3271937370300293
3330 2.259645462036133
3331 1.9857856035232544
3332 2.4500889778137207
3333 2.46508526802063
3334 2.5222363471984863
3335 2.418579339981079
3336 2.4627609252929688
3337 2.39129638671875
3338 2.581178665161133
3339 2.6218552589416504
3340 2.579322576522827
3341 2.6935694217681885
3342 2.5639073848724365
3343 2.2219107151031494
3344 2.2557532787323
3345 2.4282431602478027
3346 2.6747655868530273
3347 2.3124020099639893
3348 2.184299945831299
3349 2.310612201690674
3350 2.38775897026062
3351 2.4330837726593018
3352 2.411747932434082
3353 2.3984878063201904
3354 2.8793559074401855
3355 2.4363160133361816
3356 2.4385828971862793
3357 2.53239107131958
3358 2.5230560302734375
3359 2.5422613620758057
3360 2.33278226852417
3361 2.4285688400268555
3362 2.185817003250122
3363 2.219938039779663
3364 2.8817431926727295
3365 2.536888360977173
3366 2.3162472248077393
3367 2.352442979812622
3368 2.244851589202881
3369 2.2387144565582275
3370 2.2108523845672607
3371 2.252619981765747
3372 2.1710941791534424
3373 2.5735745429992676
3374 2.7063004970550537
3375 2.5666143894195557
3376 2.53094744682312
3377 2.637051582336426
3378 2.5601067543029785
3379 2.3831632137298584
3380 2.4077134132385254
3381 2.1585352420806885
3382 2.1437013149261475
3383 2.403895378112793
3384 2.275308847427368
3385 2.75221848487854
3386 2.682359218597412
3387 2.7610623836517334
3388 2.719332695007324
3389 3.1393704414367676
3390 2.7438745498657227
3391 2.736337900161743
3392 2.8364217281341553
3393 2.9501230716705322
3394 2.79140567779541
3395 2.9928536415100098
3396 2.8182432651519775
3397 2.7182490825653076
3398 2.6856460571289063
3399 2.4309747219085693
3400 2.4555516242980957
3401 2.687311887741089
3402 2.6298224925994873
3403 2.91611909866333
3404 2.77841854095459
3405 3.185539960861206
3406 3.0239861011505127
3407 3.0602803230285645
3408 2.913079023361206
3409 2.7678213119506836
3410 2.7641894817352295
3411 2.883348226547241
3412 3.2988576889038086
3413 2.9183735847473145
3414 2.915724039077759
3415 3.0596506595611572
3416 3.0113718509674072
3417 2.947791814804077
3418 2.7837233543395996
3419 2.648679733276367
3420 3.3637635707855225
3421 3.6350247859954834
3422 3.3623225688934326
3423 3.34718918800354
3424 3.3881661891937256
3425 3.4752588272094727
3426 3.024089813232422
3427 2.9044125080108643
3428 2.794856071472168
3429 2.788811445236206
3430 2.558525562286377
3431 2.320634126663208
3432 2.560446262359619
3433 2.366220474243164
3434 2.527348756790161
3435 2.5094451904296875
3436 2.699681282043457
3437 2.4480650424957275
3438 2.4039618968963623
3439 2.5739431381225586
3440 2.5967049598693848
3441 2.785896062850952
3442 3.1468067169189453
3443 2.8034842014312744
3444 2.6327064037323
3445 2.645223617553711
3446 2.8895959854125977
3447 3.0893967151641846
3448 2.91851544380188
3449 2.9928386211395264
3450 2.826333522796631
3451 2.7058217525482178
3452 2.2618565559387207
3453 2.243961811065674
3454 2.6051430702209473
3455 2.437284231185913
3456 2.565711498260498
3457 2.6594672203063965
3458 2.414928674697876
3459 2.441824197769165
3460 2.2460756301879883
3461 2.266571521759033
3462 2.1595797538757324
3463 2.1480274200439453
3464 2.0167789459228516
3465 2.443678379058838
3466 2.537360429763794
3467 2.3789589405059814
3468 2.382197856903076
3469 2.303232431411743
3470 2.3294992446899414
3471 2.5530006885528564
3472 2.300706624984741
3473 2.2583506107330322
3474 2.565526008605957
3475 2.4968137741088867
3476 2.5377891063690186
3477 2.409829616546631
3478 2.4084787368774414
3479 1.939143180847168
3480 2.15102219581604
3481 2.2276079654693604
3482 2.2167811393737793
3483 2.2056307792663574
3484 2.186591386795044
3485 2.5064518451690674
3486 2.645951271057129
3487 2.6793787479400635
3488 2.387542724609375
3489 2.264204740524292
3490 2.5063235759735107
3491 2.2764365673065186
3492 2.567950963973999
3493 2.647660970687866
3494 2.432969331741333
3495 2.461946487426758
3496 2.329360008239746
3497 2.5103647708892822
3498 2.2781457901000977
3499 2.5673420429229736
3500 2.2796173095703125
3501 2.2398386001586914
3502 2.123499870300293
3503 2.368715286254883
3504 2.329028606414795
3505 2.545409917831421
3506 2.457113027572632
3507 2.548252582550049
3508 2.6464555263519287
3509 2.3323068618774414
3510 2.8338701725006104
3511 2.4378349781036377
3512 2.619844913482666
3513 2.425269603729248
3514 2.485569953918457
3515 2.5351359844207764
3516 2.4053945541381836
3517 2.3695547580718994
3518 2.8689329624176025
3519 3.260833740234375
3520 3.215053081512451
3521 2.9669272899627686
3522 2.9340550899505615
3523 2.6556344032287598
3524 3.0173346996307373
3525 3.1843910217285156
3526 3.1388099193573
3527 2.820542097091675
3528 2.5877685546875
3529 2.8088266849517822
3530 2.630279064178467
3531 2.647508382797241
3532 2.8500165939331055
3533 2.9593563079833984
3534 2.908803939819336
3535 3.158411979675293
3536 3.1916604042053223
3537 3.1819822788238525
3538 3.35101318359375
3539 2.95576548576355
3540 2.956125259399414
3541 3.499403238296509
3542 3.3326096534729004
3543 3.42024564743042
3544 3.2876358032226563
3545 3.198517322540283
3546 3.1685914993286133
3547 3.5267562866210938
3548 3.5416793823242188
3549 3.659276008605957
3550 3.2711098194122314
3551 3.3560123443603516
3552 3.229976177215576
3553 2.826240062713623
3554 3.0303614139556885
3555 3.220571756362915
3556 2.986995220184326
3557 3.00372314453125
3558 3.0475451946258545
3559 3.1029438972473145
3560 3.367833137512207
3561 3.1760478019714355
3562 3.120271921157837
3563 3.2237157821655273
3564 3.0176608562469482
3565 2.951901912689209
3566 3.088879346847534
3567 3.0152904987335205
3568 3.1271042823791504
3569 2.796290874481201
3570 2.8942172527313232
3571 3.243612289428711
3572 2.9030609130859375
3573 2.726449728012085
3574 2.977210283279419
3575 2.967954397201538
3576 3.1634016036987305
3577 3.0664825439453125
3578 2.5395169258117676
3579 2.714026927947998
3580 2.841181755065918
3581 2.864237070083618
3582 2.6851863861083984
3583 2.9899330139160156
3584 2.942148447036743
3585 3.270714521408081
3586 3.146686315536499
3587 3.123208999633789
3588 3.1925840377807617
3589 3.215296506881714
3590 2.94270920753479
3591 3.0327088832855225
3592 2.7822067737579346
3593 2.8258824348449707
3594 2.933011293411255
3595 2.944148302078247
3596 2.8948352336883545
3597 2.7769949436187744
3598 3.085792303085327
3599 2.969438076019287
3600 2.981900215148926
3601 3.1519453525543213
3602 3.0049519538879395
3603 3.0261433124542236
3604 2.7932348251342773
3605 2.802605152130127
3606 2.939776659011841
3607 3.1659772396087646
3608 3.01475191116333
3609 3.2470977306365967
3610 3.2704007625579834
3611 3.1427559852600098
3612 2.8003127574920654
3613 3.154242992401123
3614 3.0868947505950928
3615 3.060117721557617
3616 3.0272700786590576
3617 2.942556619644165
3618 2.7049636840820313
3619 2.8661856651306152
3620 2.726635694503784
3621 3.2197608947753906
3622 2.840398073196411
3623 2.8060317039489746
3624 2.6133031845092773
3625 2.5822038650512695
3626 2.4288861751556396
3627 2.3150317668914795
3628 2.389082670211792
3629 2.4452931880950928
3630 2.4376227855682373
3631 2.5844762325286865
3632 2.286766290664673
3633 2.2288668155670166
3634 2.3338773250579834
3635 2.414114475250244
3636 2.5627827644348145
3637 2.708040475845337
3638 2.7426373958587646
3639 2.3584718704223633
3640 2.359433889389038
3641 2.340036630630493
3642 2.605586528778076
3643 2.5578010082244873
3644 2.601846218109131
3645 2.4184517860412598
3646 2.4800338745117188
3647 2.4999160766601563
3648 2.146247148513794
3649 2.13533091545105
3650 2.130988597869873
3651 1.9228885173797607
3652 2.0690555572509766
3653 2.0664100646972656
3654 2.194951057434082
3655 2.072019100189209
3656 2.1808342933654785
3657 2.2196478843688965
3658 2.2618346214294434
3659 2.223318099975586
3660 2.4769723415374756
3661 2.5138742923736572
3662 2.3810551166534424
3663 2.204179525375366
3664 2.3000597953796387
3665 2.044419288635254
3666 2.073610544204712
3667 2.335660696029663
3668 2.195568323135376
3669 2.326748847961426
3670 2.665860652923584
3671 2.8054752349853516
3672 3.029184103012085
3673 3.0586295127868652
3674 2.982959270477295
3675 3.02679443359375
3676 3.1108102798461914
3677 2.898010730743408
3678 3.2131314277648926
3679 2.971811056137085
3680 3.2605507373809814
3681 3.065190315246582
3682 3.1217691898345947
3683 2.8705410957336426
3684 3.2373456954956055
3685 3.2233352661132813
3686 3.082534074783325
3687 2.8173859119415283
3688 2.9305408000946045
3689 2.545309066772461
3690 3.001173496246338
3691 3.0255420207977295
3692 2.8124938011169434
3693 2.4511830806732178
3694 2.331026077270508
3695 2.422659158706665
3696 2.3775126934051514
3697 2.7464516162872314
3698 2.7055840492248535
3699 2.636023759841919
3700 2.839948892593384
3701 2.67981219291687
3702 2.887699842453003
3703 2.5741913318634033
3704 2.6003949642181396
3705 2.4145381450653076
3706 2.607203245162964
3707 2.4135873317718506
3708 2.469553232192993
3709 2.27899169921875
3710 2.104868173599243
3711 2.157909393310547
3712 2.3064773082733154
3713 2.2471723556518555
3714 2.4385015964508057
3715 2.5091021060943604
3716 2.3417646884918213
3717 2.312105417251587
3718 2.1160364151000977
3719 2.250521183013916
3720 2.495873212814331
3721 2.42594575881958
3722 2.0241312980651855
3723 2.1818559169769287
3724 2.171247720718384
3725 2.2650227546691895
3726 2.1794943809509277
3727 2.1334941387176514
3728 2.522395610809326
3729 2.6049392223358154
3730 2.6241586208343506
3731 2.982219696044922
3732 3.2881102561950684
3733 3.2408952713012695
3734 3.140122652053833
3735 2.8232555389404297
3736 2.9831604957580566
3737 2.7783217430114746
3738 2.9432361125946045
3739 3.1670033931732178
3740 2.8166279792785645
3741 2.6972732543945313
3742 2.920281171798706
3743 3.173717737197876
3744 3.1399996280670166
3745 3.2456696033477783
3746 3.3060410022735596
3747 3.2231245040893555
3748 2.7375545501708984
3749 2.4817802906036377
3750 2.979032278060913
3751 3.1386165618896484
3752 3.033945322036743
3753 3.1673824787139893
3754 3.2535359859466553
3755 3.3412857055664063
3756 3.1682333946228027
3757 3.338711977005005
3758 3.419246196746826
3759 3.496716260910034
3760 3.4104864597320557
3761 3.3661246299743652
3762 3.6567013263702393
3763 3.5709125995635986
3764 3.251802682876587
3765 3.113690137863159
3766 2.999506950378418
3767 3.0422866344451904
3768 2.614171028137207
3769 2.915435791015625
3770 2.7204253673553467
3771 2.718579053878784
3772 3.0097756385803223
3773 3.1131629943847656
3774 3.08176851272583
3775 3.1668460369110107
3776 3.819511651992798
3777 3.95597767829895
3778 3.7306978702545166
3779 3.297110080718994
3780 3.952265501022339
3781 3.5956757068634033
3782 3.417445182800293
3783 3.5199103355407715
3784 3.0840446949005127
3785 2.7204511165618896
3786 3.1280534267425537
3787 3.1126205921173096
3788 2.910814046859741
3789 2.7830748558044434
3790 2.839341878890991
3791 2.7085514068603516
3792 3.0781099796295166
3793 3.31945538520813
3794 3.3446812629699707
3795 3.1756348609924316
3796 2.803178548812866
3797 2.9500298500061035
3798 2.5997838973999023
3799 2.8773419857025146
3800 2.910029172897339
3801 3.0372097492218018
3802 3.4295215606689453
3803 3.4293875694274902
3804 2.868091106414795
3805 3.003908395767212
3806 2.784452199935913
3807 2.715852737426758
3808 2.837357521057129
3809 2.568298101425171
3810 2.7719500064849854
3811 2.6786813735961914
3812 2.5172033309936523
3813 2.205331802368164
3814 2.1394646167755127
3815 2.002750873565674
3816 2.317558526992798
3817 1.989772915840149
3818 2.026442527770996
3819 2.1043381690979004
3820 2.1164207458496094
3821 2.2592713832855225
3822 2.185976266860962
3823 1.897252082824707
3824 2.0958316326141357
3825 2.42767071723938
3826 2.395465135574341
3827 2.476039171218872
3828 2.3361639976501465
3829 2.3754770755767822
3830 2.430621385574341
3831 2.2696542739868164
3832 2.5444889068603516
3833 2.4301681518554688
3834 2.579219341278076
3835 2.3135180473327637
3836 2.3312716484069824
3837 2.4861724376678467
3838 2.1603362560272217
3839 2.246142625808716
3840 2.2226433753967285
3841 2.216341495513916
3842 2.002222776412964
3843 2.100458860397339
3844 2.1812970638275146
3845 2.6520309448242188
3846 2.7812893390655518
3847 2.7057316303253174
3848 2.641958713531494
3849 2.491617441177368
3850 2.523709774017334
3851 2.731510639190674
3852 2.8087844848632813
3853 2.7964982986450195
3854 3.167966365814209
3855 2.977515935897827
3856 2.8021504878997803
3857 2.933664321899414
3858 2.5014748573303223
3859 2.369433879852295
3860 2.1863009929656982
3861 2.3311080932617188
3862 2.253709077835083
3863 2.596860408782959
3864 2.561964750289917
3865 2.6101579666137695
3866 2.265935182571411
3867 2.093979835510254
3868 2.008331775665283
3869 2.3807992935180664
3870 2.582043170928955
3871 2.522519111633301
3872 2.652170419692993
3873 2.64918851852417
3874 2.634190559387207
3875 2.5573155879974365
3876 2.3672587871551514
3877 2.4145658016204834
3878 2.231248617172241
3879 2.5246036052703857
3880 2.6400556564331055
3881 2.6659886837005615
3882 2.4459567070007324
3883 2.4780092239379883
3884 2.507962226867676
3885 2.414706230163574
3886 2.4239916801452637
3887 2.390183210372925
3888 2.177021026611328
3889 2.2737581729888916
3890 2.6469030380249023
3891 2.324220895767212
3892 2.492661237716675
3893 2.351012706756592
3894 2.3713061809539795
3895 2.3049747943878174
3896 2.3017261028289795
3897 2.381707191467285
3898 2.4985406398773193
3899 2.662137508392334
3900 2.5706820487976074
3901 2.413902997970581
3902 2.669093608856201
3903 2.8511910438537598
3904 2.445117235183716
3905 2.915092706680298
3906 3.067422389984131
3907 2.9815330505371094
3908 3.3868632316589355
3909 3.4030771255493164
3910 3.210472345352173
3911 3.298128128051758
3912 3.209113121032715
3913 3.208472490310669
3914 3.218810796737671
3915 2.9788131713867188
3916 2.8351125717163086
3917 2.6894609928131104
3918 2.9579575061798096
3919 2.768813133239746
3920 2.8631556034088135
3921 2.814262628555298
3922 2.6299729347229004
3923 2.4214084148406982
3924 2.496809959411621
3925 2.4482953548431396
3926 2.393411159515381
3927 2.5408763885498047
3928 2.9078121185302734
3929 3.058689832687378
3930 2.810346841812134
3931 3.124516487121582
3932 3.0212767124176025
3933 2.707399606704712
3934 2.5874290466308594
3935 2.970980167388916
3936 3.025101900100708
3937 2.9975786209106445
3938 3.0289981365203857
3939 3.095639228820801
3940 2.978738784790039
3941 3.1739563941955566
3942 3.170407772064209
3943 3.6052496433258057
3944 3.788630723953247
3945 3.5899875164031982
3946 3.2118794918060303
3947 3.528470277786255
3948 3.248509645462036
3949 3.520075559616089
3950 3.36653995513916
3951 2.9293112754821777
3952 3.0345606803894043
3953 3.031987428665161
3954 3.0860016345977783
3955 2.953031539916992
3956 2.797009229660034
3957 3.069502830505371
3958 3.0018582344055176
3959 2.72347092628479
3960 2.616307497024536
3961 2.7121493816375732
3962 2.499647855758667
3963 2.6197683811187744
3964 2.3555479049682617
3965 2.4880640506744385
3966 2.358144521713257
3967 2.2391839027404785
3968 2.2650578022003174
3969 2.620657444000244
3970 2.5816876888275146
3971 2.462836265563965
3972 2.081885576248169
3973 2.138076066970825
3974 2.2295098304748535
3975 2.0424141883850098
3976 1.8056983947753906
3977 1.9717768430709839
3978 1.9870418310165405
3979 2.3947198390960693
3980 2.340467691421509
3981 2.2952723503112793
3982 2.6926357746124268
3983 2.464460849761963
3984 2.7858901023864746
3985 2.6378865242004395
3986 2.50380802154541
3987 2.4235453605651855
3988 2.574215888977051
3989 2.3788442611694336
3990 2.5791714191436768
3991 2.709486484527588
3992 2.803307056427002
3993 2.372558355331421
3994 2.8132646083831787
3995 2.3358118534088135
3996 2.4086740016937256
3997 2.6384387016296387
3998 2.439823865890503
3999 2.3652937412261963
