# Frame Protein_DNA_total_backbone_RMSD_Angstrom
0 0.0
1 1.4061408042907715
2 1.6060656309127808
3 1.9198476076126099
4 1.9773690700531006
5 1.8702447414398193
6 1.9660907983779907
7 2.2369186878204346
8 2.1193203926086426
9 2.3059868812561035
10 2.5021262168884277
11 2.6057355403900146
12 2.477370262145996
13 2.138468027114868
14 2.3148930072784424
15 2.381854295730591
16 2.439335823059082
17 2.5218801498413086
18 2.5296573638916016
19 2.795469284057617
20 2.6308045387268066
21 2.5555601119995117
22 2.253804922103882
23 2.186119794845581
24 2.0565872192382813
25 2.0748517513275146
26 2.192870855331421
27 2.2154242992401123
28 2.6424806118011475
29 2.467046022415161
30 2.319685697555542
31 2.192430257797241
32 2.1217498779296875
33 2.072934865951538
34 2.0917444229125977
35 2.0363564491271973
36 2.156644105911255
37 2.43115496635437
38 2.3873653411865234
39 2.053454637527466
40 2.1417903900146484
41 2.34340500831604
42 2.2419545650482178
43 2.194650888442993
44 2.1077985763549805
45 1.8831346035003662
46 2.3910324573516846
47 2.3481128215789795
48 2.2780792713165283
49 2.354278802871704
50 2.6374623775482178
51 2.6287360191345215
52 2.382042646408081
53 2.378391742706299
54 2.20263934135437
55 2.406371593475342
56 2.6386499404907227
57 2.463960886001587
58 2.300915002822876
59 2.4484570026397705
60 2.239323616027832
61 2.052978754043579
62 2.310866594314575
63 2.614532709121704
64 2.3832969665527344
65 2.277050733566284
66 2.67563796043396
67 2.4337356090545654
68 2.308130979537964
69 2.8049681186676025
70 2.632509231567383
71 2.9331235885620117
72 3.1083290576934814
73 2.9687089920043945
74 2.635650873184204
75 2.830137014389038
76 2.6132631301879883
77 2.5647575855255127
78 2.290522813796997
79 2.529986619949341
80 2.5596554279327393
81 3.0770318508148193
82 2.6724445819854736
83 2.6367859840393066
84 2.8137595653533936
85 2.7355294227600098
86 3.0737180709838867
87 3.0373523235321045
88 3.1899447441101074
89 2.76757550239563
90 2.8241446018218994
91 2.8893182277679443
92 2.9942052364349365
93 3.045205593109131
94 2.763087272644043
95 2.3310301303863525
96 2.345280408859253
97 2.086974859237671
98 2.0966944694519043
99 2.2234928607940674
100 2.178683280944824
101 2.30835223197937
102 2.3215842247009277
103 2.732429265975952
104 2.6298165321350098
105 2.7718589305877686
106 2.7134833335876465
107 2.5742504596710205
108 2.682941198348999
109 2.5376031398773193
110 2.136013984680176
111 2.2675697803497314
112 2.305366039276123
113 2.105311870574951
114 2.2922518253326416
115 2.1562368869781494
116 2.4563279151916504
117 2.365647315979004
118 2.2116150856018066
119 2.324406385421753
120 2.162586212158203
121 2.2003707885742188
122 2.2916882038116455
123 2.3769736289978027
124 2.1587793827056885
125 2.2120492458343506
126 2.2728819847106934
127 2.418984889984131
128 2.514214515686035
129 2.3089599609375
130 2.837503433227539
131 2.993044853210449
132 2.841799259185791
133 2.749227523803711
134 2.9142208099365234
135 3.0211427211761475
136 2.738560676574707
137 2.6805827617645264
138 2.795637845993042
139 2.767272710800171
140 2.372420072555542
141 2.6765968799591064
142 2.5553417205810547
143 2.5050745010375977
144 2.33931303024292
145 2.4714627265930176
146 2.6309289932250977
147 3.075421094894409
148 2.7040889263153076
149 2.6012837886810303
150 2.6793458461761475
151 2.775092840194702
152 2.7571117877960205
153 2.654531478881836
154 2.591372013092041
155 2.827287435531616
156 2.7919070720672607
157 2.61846661567688
158 2.857741117477417
159 2.809363842010498
160 2.8593711853027344
161 3.1294498443603516
162 2.7940587997436523
163 2.8324103355407715
164 3.036109685897827
165 2.881455421447754
166 3.112670660018921
167 3.253582000732422
168 3.5717146396636963
169 3.494373083114624
170 3.066209316253662
171 2.5904624462127686
172 2.866035223007202
173 2.8355753421783447
174 2.777766466140747
175 2.884387731552124
176 3.055971145629883
177 3.114441156387329
178 2.8160152435302734
179 3.205782890319824
180 2.974294662475586
181 3.1568551063537598
182 3.2064976692199707
183 2.956634521484375
184 3.2368037700653076
185 3.047365665435791
186 3.2083797454833984
187 3.1775667667388916
188 3.2537617683410645
189 3.237720251083374
190 3.1757397651672363
191 3.122788906097412
192 3.005709409713745
193 3.2827138900756836
194 3.430476427078247
195 3.323195219039917
196 3.4067542552948
197 3.6623754501342773
198 3.7497947216033936
199 3.4772496223449707
200 3.4279346466064453
201 3.395803213119507
202 3.642977237701416
203 3.6799397468566895
204 3.766632556915283
205 3.9591946601867676
206 3.9381163120269775
207 3.982182025909424
208 4.205063343048096
209 4.2997822761535645
210 4.2032599449157715
211 4.140820503234863
212 4.200753688812256
213 3.930565595626831
214 3.9128050804138184
215 3.602560043334961
216 3.3921358585357666
217 3.484890937805176
218 3.780870199203491
219 3.464207172393799
220 3.5730526447296143
221 3.437793254852295
222 3.7040176391601563
223 3.7592713832855225
224 3.871276617050171
225 3.877098798751831
226 3.7695188522338867
227 4.051956653594971
228 3.924726724624634
229 3.800135612487793
230 3.642519235610962
231 3.6573619842529297
232 3.841787815093994
233 3.5750067234039307
234 3.5794787406921387
235 3.5607852935791016
236 3.5573296546936035
237 3.6503260135650635
238 3.5581037998199463
239 3.50323224067688
240 3.692261219024658
241 3.656207799911499
242 3.6616127490997314
243 3.599116086959839
244 3.568364381790161
245 3.6550655364990234
246 3.907553195953369
247 3.8996152877807617
248 3.649493455886841
249 3.5974557399749756
250 3.5744457244873047
251 3.7382454872131348
252 3.6470954418182373
253 3.391753673553467
254 3.4111111164093018
255 3.380122423171997
256 3.5277488231658936
257 3.5012152194976807
258 3.4666783809661865
259 3.319147825241089
260 3.8595128059387207
261 3.2200114727020264
262 3.5891940593719482
263 3.699842691421509
264 3.521592617034912
265 3.488023042678833
266 3.8518478870391846
267 3.7031407356262207
268 3.5582785606384277
269 3.377530336380005
270 3.9825003147125244
271 3.937058210372925
272 3.7469489574432373
273 3.6228718757629395
274 3.703986406326294
275 3.6161367893218994
276 3.4660744667053223
277 3.4783122539520264
278 3.5586137771606445
279 3.3537747859954834
280 3.5205025672912598
281 3.5609564781188965
282 3.669951915740967
283 3.6274824142456055
284 3.701070547103882
285 3.3406615257263184
286 3.273491382598877
287 3.423720359802246
288 3.3634674549102783
289 3.468921661376953
290 3.5602734088897705
291 3.6618902683258057
292 3.379136323928833
293 3.2048380374908447
294 3.4122612476348877
295 3.4822745323181152
296 3.510040283203125
297 3.5849292278289795
298 3.5839967727661133
299 3.382244110107422
300 3.403106451034546
301 3.6109139919281006
302 3.569234848022461
303 3.5269157886505127
304 3.3909575939178467
305 3.2870588302612305
306 3.4092509746551514
307 3.3648264408111572
308 3.1871933937072754
309 3.4688925743103027
310 3.2226462364196777
311 3.1852731704711914
312 3.2577829360961914
313 3.4541783332824707
314 3.421076536178589
315 3.5069406032562256
316 3.147819757461548
317 3.296346664428711
318 3.2598328590393066
319 3.2789647579193115
320 3.2735214233398438
321 3.3066444396972656
322 3.4078752994537354
323 3.2628533840179443
324 3.3912830352783203
325 3.164346218109131
326 3.2882344722747803
327 3.1770992279052734
328 3.2677054405212402
329 3.427645206451416
330 3.3000526428222656
331 3.4960384368896484
332 3.489344358444214
333 3.3964500427246094
334 3.350057363510132
335 3.5406832695007324
336 3.7066843509674072
337 3.867176055908203
338 3.7965025901794434
339 3.6204609870910645
340 3.5645828247070313
341 3.3112785816192627
342 3.1657938957214355
343 3.0298004150390625
344 2.835336923599243
345 2.9840586185455322
346 3.037248134613037
347 3.3461666107177734
348 3.0351288318634033
349 3.244799852371216
350 3.439925193786621
351 3.491096258163452
352 3.471452474594116
353 3.413835287094116
354 3.0592775344848633
355 3.4984378814697266
356 3.722156524658203
357 3.6784791946411133
358 3.8303918838500977
359 3.5713744163513184
360 3.8387060165405273
361 3.52897047996521
362 3.5685689449310303
363 3.5167856216430664
364 3.6557774543762207
365 4.065585136413574
366 4.14399528503418
367 4.153888702392578
368 3.8174164295196533
369 3.740924835205078
370 3.6839969158172607
371 3.6296792030334473
372 3.877549648284912
373 3.787121057510376
374 3.387188196182251
375 3.699718952178955
376 3.731217384338379
377 3.549522638320923
378 3.4399192333221436
379 3.4721720218658447
380 3.758307456970215
381 3.5174484252929688
382 3.406090259552002
383 3.640820264816284
384 3.7296559810638428
385 3.60713791847229
386 3.4949264526367188
387 3.759584426879883
388 3.898524522781372
389 3.8693766593933105
390 3.650143623352051
391 3.623324394226074
392 3.709848403930664
393 3.7831318378448486
394 4.327165603637695
395 3.875499725341797
396 3.987135887145996
397 3.9484546184539795
398 3.937326431274414
399 4.526465892791748
400 4.282568454742432
401 4.467158317565918
402 4.283171653747559
403 4.142970085144043
404 3.643301248550415
405 3.488821268081665
406 3.491624593734741
407 3.796342372894287
408 3.8057098388671875
409 3.7098000049591064
410 3.8020179271698
411 3.9058046340942383
412 3.456493377685547
413 3.329848051071167
414 3.5086002349853516
415 3.502855062484741
416 3.820791482925415
417 3.6032397747039795
418 3.6303420066833496
419 3.529589891433716
420 3.411020040512085
421 3.400341749191284
422 3.368887186050415
423 3.352745532989502
424 3.250288963317871
425 3.251950740814209
426 3.2079334259033203
427 3.222301483154297
428 3.093583106994629
429 3.156398057937622
430 3.139530658721924
431 2.8918747901916504
432 2.9098501205444336
433 3.381312370300293
434 3.199009418487549
435 2.932189464569092
436 3.168733835220337
437 3.1891932487487793
438 3.2136151790618896
439 3.1360738277435303
440 3.20918345451355
441 3.5315771102905273
442 3.4830942153930664
443 3.150747537612915
444 3.143796682357788
445 2.9328200817108154
446 3.2657554149627686
447 3.094346761703491
448 3.3323731422424316
449 3.409804344177246
450 3.5763683319091797
451 3.2130351066589355
452 3.189084053039551
453 3.2883193492889404
454 3.2110557556152344
455 2.934455394744873
456 2.72112774848938
457 2.745246410369873
458 2.8891210556030273
459 3.101299524307251
460 3.2763736248016357
461 3.0231239795684814
462 3.1159565448760986
463 3.1215438842773438
464 3.2069568634033203
465 3.2947890758514404
466 3.0148627758026123
467 2.977562665939331
468 3.33355450630188
469 3.4426188468933105
470 3.2214694023132324
471 3.1155548095703125
472 3.108926773071289
473 3.130350351333618
474 3.09511399269104
475 3.218522071838379
476 3.2891781330108643
477 3.345949172973633
478 3.2940821647644043
479 3.296673536300659
480 3.251058340072632
481 3.274819850921631
482 3.119119882583618
483 3.256822109222412
484 3.1202611923217773
485 3.1078903675079346
486 3.21453857421875
487 3.49027156829834
488 3.3188815116882324
489 3.430772542953491
490 3.3789968490600586
491 3.361341953277588
492 3.8008766174316406
493 3.6416354179382324
494 3.6135828495025635
495 3.2589025497436523
496 3.395266532897949
497 3.4525325298309326
498 3.051119089126587
499 2.9636151790618896
500 2.8329668045043945
501 3.2412633895874023
502 3.2887818813323975
503 3.239391803741455
504 3.2792937755584717
505 3.0516626834869385
506 2.918675661087036
507 3.1724703311920166
508 3.397355556488037
509 3.2285828590393066
510 3.131629705429077
511 3.0932300090789795
512 3.1749610900878906
513 3.0382583141326904
514 3.1578733921051025
515 3.1246941089630127
516 3.317964792251587
517 3.334641695022583
518 3.4316365718841553
519 3.1601245403289795
520 3.10107421875
521 3.013326406478882
522 3.2324986457824707
523 3.3506698608398438
524 3.476527214050293
525 3.4254136085510254
526 3.3236610889434814
527 3.2844736576080322
528 3.23533296585083
529 3.2966291904449463
530 3.3936243057250977
531 3.272087574005127
532 3.0793237686157227
533 3.443014621734619
534 3.5131478309631348
535 3.2766056060791016
536 3.267590284347534
537 3.3996636867523193
538 3.9302196502685547
539 4.166245460510254
540 3.876115560531616
541 3.8205373287200928
542 3.6611268520355225
543 3.804405450820923
544 3.8083488941192627
545 3.6724514961242676
546 3.358865976333618
547 3.4955785274505615
548 3.471096992492676
549 3.3935277462005615
550 3.4448578357696533
551 3.9128623008728027
552 4.053791522979736
553 4.138579845428467
554 4.2525506019592285
555 4.19218111038208
556 4.166443824768066
557 4.367641925811768
558 4.465058326721191
559 4.521735191345215
560 4.2217698097229
561 4.351433753967285
562 4.50068473815918
563 4.430558681488037
564 4.148177623748779
565 4.280891418457031
566 4.026991844177246
567 3.873892068862915
568 4.1495256423950195
569 4.3979949951171875
570 4.2695770263671875
571 4.0586066246032715
572 4.2787184715271
573 4.274970531463623
574 3.876624822616577
575 3.913078546524048
576 3.781141519546509
577 3.744847059249878
578 3.7168362140655518
579 3.472728729248047
580 3.549121856689453
581 3.4488072395324707
582 3.458911895751953
583 3.560474157333374
584 3.4160244464874268
585 3.4336068630218506
586 3.4999585151672363
587 3.2070536613464355
588 3.2766995429992676
589 3.225076198577881
590 3.3470354080200195
591 3.6916794776916504
592 3.710509777069092
593 3.478519916534424
594 3.552546739578247
595 3.5248537063598633
596 3.5399484634399414
597 3.444446325302124
598 3.495807647705078
599 3.5572760105133057
600 3.4750359058380127
601 3.311893939971924
602 3.2233402729034424
603 3.3470346927642822
604 3.531416416168213
605 3.494863986968994
606 3.485391855239868
607 3.218073606491089
608 3.324829578399658
609 3.48356556892395
610 3.464134454727173
611 3.4590890407562256
612 3.6369385719299316
613 3.6108734607696533
614 3.2549479007720947
615 3.3175721168518066
616 3.6207668781280518
617 3.6699488162994385
618 3.6513006687164307
619 3.943896770477295
620 4.270052433013916
621 3.9400277137756348
622 3.6859347820281982
623 3.6230883598327637
624 3.459101676940918
625 3.3167617321014404
626 3.1970505714416504
627 3.512441635131836
628 3.5859947204589844
629 3.7578325271606445
630 3.9154624938964844
631 3.931530714035034
632 3.793001413345337
633 3.9136688709259033
634 3.760596513748169
635 3.5461082458496094
636 3.6121866703033447
637 3.9095451831817627
638 4.189698696136475
639 4.272881984710693
640 3.8297998905181885
641 3.8933160305023193
642 3.8607518672943115
643 3.7003886699676514
644 4.081040382385254
645 3.585981845855713
646 3.9482996463775635
647 4.108005046844482
648 3.9830329418182373
649 4.282320976257324
650 4.337156772613525
651 4.1674485206604
652 4.270280361175537
653 3.8497753143310547
654 3.7716405391693115
655 3.908167839050293
656 3.936542272567749
657 3.8621907234191895
658 3.591507911682129
659 3.2885725498199463
660 3.6414430141448975
661 3.968991994857788
662 3.7584691047668457
663 3.9848532676696777
664 3.935753107070923
665 4.163099765777588
666 4.0640130043029785
667 4.184780120849609
668 4.300716876983643
669 3.979198932647705
670 4.110622882843018
671 3.9081249237060547
672 3.808974266052246
673 3.6439952850341797
674 3.72174072265625
675 3.674954414367676
676 3.1965558528900146
677 3.1903622150421143
678 3.306924819946289
679 3.2845346927642822
680 3.362123727798462
681 3.449101686477661
682 3.4155402183532715
683 3.4233627319335938
684 3.9090616703033447
685 3.712698221206665
686 3.713181972503662
687 3.7961466312408447
688 3.9304590225219727
689 3.826249122619629
690 3.6980860233306885
691 3.3771207332611084
692 3.347135066986084
693 3.1199281215667725
694 3.4443156719207764
695 3.2431604862213135
696 3.4469943046569824
697 3.7179110050201416
698 3.7547788619995117
699 3.551109790802002
700 3.5168256759643555
701 3.484980821609497
702 3.8109705448150635
703 3.4120171070098877
704 3.4636051654815674
705 3.6101648807525635
706 3.853463888168335
707 3.522181272506714
708 3.6337223052978516
709 3.327868700027466
710 3.3582985401153564
711 3.543060302734375
712 3.392397165298462
713 3.6273269653320313
714 3.5713162422180176
715 3.6647279262542725
716 3.6402735710144043
717 3.7216930389404297
718 3.6593048572540283
719 3.724306344985962
720 3.4455747604370117
721 3.66256046295166
722 3.469564914703369
723 3.565568208694458
724 3.5914368629455566
725 3.747347354888916
726 3.477214813232422
727 3.293402910232544
728 3.848994016647339
729 3.799254894256592
730 3.519770860671997
731 3.5173697471618652
732 3.259855031967163
733 3.3855066299438477
734 3.2667760848999023
735 3.402683973312378
736 3.408352851867676
737 3.2874081134796143
738 3.6798017024993896
739 3.750551700592041
740 3.636887311935425
741 3.583858013153076
742 3.6082286834716797
743 3.976202964782715
744 3.965466022491455
745 3.920088291168213
746 3.5671486854553223
747 3.9589223861694336
748 3.7750720977783203
749 3.6304047107696533
750 3.5952558517456055
751 3.5893161296844482
752 3.298999786376953
753 3.094141960144043
754 3.1510555744171143
755 3.073967456817627
756 2.826648712158203
757 3.0983283519744873
758 2.951869010925293
759 2.9726991653442383
760 3.1645617485046387
761 2.596526861190796
762 2.962345838546753
763 2.9951119422912598
764 3.1022088527679443
765 3.09157133102417
766 3.0291502475738525
767 2.950340747833252
768 3.1230950355529785
769 3.082090139389038
770 3.0346322059631348
771 2.999236583709717
772 3.0554568767547607
773 2.7503247261047363
774 3.2356038093566895
775 3.570833206176758
776 3.196788787841797
777 3.0951852798461914
778 3.1516237258911133
779 3.169098377227783
780 3.066697597503662
781 3.069051504135132
782 3.360771894454956
783 3.3695363998413086
784 3.777137279510498
785 3.8057198524475098
786 3.983363151550293
787 4.062424182891846
788 4.299684524536133
789 3.8668625354766846
790 3.709304094314575
791 3.5726370811462402
792 3.2415852546691895
793 3.1096787452697754
794 3.013705015182495
795 3.2491323947906494
796 3.345928430557251
797 3.8249380588531494
798 3.538379430770874
799 3.6822385787963867
800 3.77510142326355
801 3.9591681957244873
802 4.05043363571167
803 4.10904598236084
804 3.8230528831481934
805 3.693504571914673
806 3.391649007797241
807 3.4525067806243896
808 3.4411683082580566
809 3.7711501121520996
810 3.8460586071014404
811 3.6682236194610596
812 3.4660542011260986
813 3.6020352840423584
814 3.216970443725586
815 3.510986566543579
816 3.4646072387695313
817 3.1650948524475098
818 2.9454963207244873
819 3.474198341369629
820 3.432286024093628
821 3.224740982055664
822 3.4088332653045654
823 3.7563083171844482
824 3.638420581817627
825 3.6652886867523193
826 3.4862723350524902
827 3.6939146518707275
828 3.531578302383423
829 3.073554039001465
830 3.0357372760772705
831 3.3605875968933105
832 3.076106071472168
833 3.222468376159668
834 3.8862931728363037
835 3.849313259124756
836 3.80020809173584
837 3.5591001510620117
838 3.597200632095337
839 3.667100191116333
840 3.678278923034668
841 3.562121629714966
842 3.896594524383545
843 3.972320795059204
844 4.124511241912842
845 4.566074371337891
846 4.560946464538574
847 4.39205265045166
848 3.948681354522705
849 4.290257453918457
850 4.108791351318359
851 4.436559677124023
852 4.348586082458496
853 4.369248390197754
854 4.458313941955566
855 4.291048049926758
856 4.498276710510254
857 4.683792591094971
858 4.754094123840332
859 4.50562047958374
860 4.338050365447998
861 4.185718536376953
862 4.062362194061279
863 4.229089260101318
864 4.213572978973389
865 4.284811496734619
866 4.5368971824646
867 4.4907002449035645
868 4.236569404602051
869 4.289670467376709
870 4.434692859649658
871 4.415274620056152
872 4.427745819091797
873 4.548964500427246
874 4.468369960784912
875 4.3367509841918945
876 4.436587810516357
877 4.476503372192383
878 4.898723125457764
879 4.878859043121338
880 5.088399410247803
881 5.011285781860352
882 4.898251533508301
883 4.719879627227783
884 5.033304691314697
885 5.2149128913879395
886 4.953423023223877
887 4.974830627441406
888 4.9024224281311035
889 4.431806564331055
890 4.612063884735107
891 4.617591381072998
892 4.497146129608154
893 4.533438205718994
894 4.399588584899902
895 4.432794094085693
896 4.619414806365967
897 4.398858547210693
898 4.518112659454346
899 4.182494640350342
900 4.228970527648926
901 4.083830833435059
902 4.0097784996032715
903 3.9992728233337402
904 4.044549465179443
905 4.25445032119751
906 4.357758522033691
907 3.977478265762329
908 4.041083335876465
909 4.173795700073242
910 4.097733020782471
911 4.26200532913208
912 4.215030670166016
913 4.310400009155273
914 4.447746276855469
915 4.311586380004883
916 4.185967922210693
917 4.201629161834717
918 4.24114990234375
919 4.363417625427246
920 4.624934196472168
921 4.577692985534668
922 4.368288516998291
923 4.548730373382568
924 4.216248035430908
925 4.273697376251221
926 4.073000907897949
927 4.051712512969971
928 4.104321002960205
929 4.140120029449463
930 4.447232723236084
931 4.542464256286621
932 4.274877548217773
933 4.262539386749268
934 4.216641902923584
935 4.160123348236084
936 4.5238871574401855
937 4.667101860046387
938 4.680440902709961
939 4.587289810180664
940 4.4800519943237305
941 4.627288341522217
942 4.4539361000061035
943 4.27475643157959
944 4.2152605056762695
945 4.443274021148682
946 4.487745761871338
947 4.6322407722473145
948 4.189999103546143
949 4.35203218460083
950 4.273868560791016
951 4.4852294921875
952 4.37699031829834
953 4.273329257965088
954 4.446108341217041
955 4.209081649780273
956 4.369856357574463
957 4.271644592285156
958 4.267510890960693
959 4.55627965927124
960 4.499577045440674
961 4.306674957275391
962 4.187256336212158
963 3.9806878566741943
964 4.138286590576172
965 3.94319748878479
966 4.409107208251953
967 4.318321228027344
968 4.265538692474365
969 4.111314296722412
970 4.202174186706543
971 4.37262487411499
972 4.348758220672607
973 4.268241882324219
974 4.592046737670898
975 4.5965962409973145
976 4.55664587020874
977 4.751248836517334
978 4.717099666595459
979 4.855016231536865
980 4.605772972106934
981 4.3955488204956055
982 4.589556694030762
983 4.800497531890869
984 5.009448051452637
985 4.713497161865234
986 4.983821868896484
987 5.088916778564453
988 5.0026397705078125
989 5.003100872039795
990 4.813215255737305
991 4.806963920593262
992 4.758887767791748
993 4.987517833709717
994 4.683843612670898
995 4.576473712921143
996 4.531924724578857
997 4.103593826293945
998 4.139853477478027
999 3.87691593170166
1000 3.7943427562713623
1001 3.8488502502441406
1002 3.840578556060791
1003 3.883052110671997
1004 3.7280449867248535
1005 3.986039161682129
1006 4.108875274658203
1007 3.984682559967041
1008 4.3117356300354
1009 4.167121410369873
1010 4.068992614746094
1011 4.255229473114014
1012 4.433426856994629
1013 4.380948066711426
1014 4.428315162658691
1015 4.159276962280273
1016 4.655661106109619
1017 4.361999988555908
1018 4.277846813201904
1019 4.530684471130371
1020 4.38459587097168
1021 4.650066375732422
1022 4.518564224243164
1023 4.301244258880615
1024 4.1321210861206055
1025 4.373892784118652
1026 4.302330017089844
1027 4.586946964263916
1028 4.330995559692383
1029 4.694103240966797
1030 4.559136390686035
1031 4.64362096786499
1032 4.174068927764893
1033 3.8886218070983887
1034 3.8758552074432373
1035 4.190121173858643
1036 4.141628742218018
1037 4.063486576080322
1038 4.096534252166748
1039 4.181746959686279
1040 4.515547275543213
1041 4.432446002960205
1042 4.537224292755127
1043 4.573111534118652
1044 4.2970733642578125
1045 3.931265115737915
1046 3.7769172191619873
1047 3.8133633136749268
1048 3.604865312576294
1049 3.6304800510406494
1050 3.6476242542266846
1051 3.9051666259765625
1052 3.736992120742798
1053 3.8941211700439453
1054 3.820406913757324
1055 4.064304351806641
1056 3.9253220558166504
1057 3.739208459854126
1058 4.361422538757324
1059 4.021698474884033
1060 3.8985257148742676
1061 4.238310813903809
1062 4.124538898468018
1063 4.4966607093811035
1064 4.295623302459717
1065 4.231377601623535
1066 4.310173988342285
1067 4.010270595550537
1068 4.094118118286133
1069 4.436122417449951
1070 4.373359203338623
1071 4.561165809631348
1072 4.373592853546143
1073 4.312536239624023
1074 4.516590595245361
1075 4.4287261962890625
1076 4.504715442657471
1077 4.281084060668945
1078 4.197287559509277
1079 4.0930914878845215
1080 4.315826892852783
1081 3.8999269008636475
1082 4.302688121795654
1083 4.250322341918945
1084 4.270379066467285
1085 4.138688087463379
1086 3.9080774784088135
1087 4.122918128967285
1088 4.273102760314941
1089 4.48642635345459
1090 3.8128435611724854
1091 3.5533463954925537
1092 3.7755537033081055
1093 3.6904168128967285
1094 3.5397181510925293
1095 3.467914342880249
1096 3.424274444580078
1097 3.0397377014160156
1098 3.247953414916992
1099 3.085805892944336
1100 3.6658873558044434
1101 3.595139265060425
1102 3.3179638385772705
1103 3.135003089904785
1104 3.357217311859131
1105 3.5539212226867676
1106 3.4017527103424072
1107 3.3587589263916016
1108 3.955254077911377
1109 3.897127389907837
1110 3.582162618637085
1111 3.7676842212677
1112 3.7714712619781494
1113 3.902665853500366
1114 3.710256338119507
1115 3.4485933780670166
1116 3.402775287628174
1117 3.0472190380096436
1118 3.2360270023345947
1119 3.14394211769104
1120 3.3922550678253174
1121 3.2962088584899902
1122 3.6942780017852783
1123 3.923659324645996
1124 4.020711421966553
1125 3.9462766647338867
1126 3.8344485759735107
1127 3.773495674133301
1128 3.6974453926086426
1129 3.890925884246826
1130 3.8349194526672363
1131 3.7156484127044678
1132 3.783419370651245
1133 3.8179967403411865
1134 4.062068462371826
1135 4.0208539962768555
1136 3.658111572265625
1137 3.6212515830993652
1138 3.736870765686035
1139 3.384171485900879
1140 3.517784357070923
1141 3.5728328227996826
1142 3.4685730934143066
1143 3.492816925048828
1144 3.4693143367767334
1145 3.4824485778808594
1146 3.5055320262908936
1147 3.488388776779175
1148 3.9155983924865723
1149 3.831291675567627
1150 3.862434148788452
1151 3.4532546997070313
1152 3.6300792694091797
1153 3.604182243347168
1154 3.9087886810302734
1155 3.9126529693603516
1156 4.148784637451172
1157 4.299788475036621
1158 4.179680347442627
1159 3.9602179527282715
1160 3.7695302963256836
1161 3.58148455619812
1162 3.466986656188965
1163 3.3881304264068604
1164 3.2731032371520996
1165 3.4227960109710693
1166 3.581908702850342
1167 3.6790719032287598
1168 3.4951531887054443
1169 3.4273390769958496
1170 3.4382359981536865
1171 3.2151691913604736
1172 3.432387351989746
1173 3.772404670715332
1174 3.6313347816467285
1175 3.505737066268921
1176 3.451202154159546
1177 3.9770946502685547
1178 3.4078528881073
1179 3.6840672492980957
1180 3.5139517784118652
1181 3.601175308227539
1182 3.524719476699829
1183 3.672792434692383
1184 3.316725254058838
1185 3.602445602416992
1186 3.333688497543335
1187 3.49090313911438
1188 3.224836587905884
1189 3.622864246368408
1190 3.6719093322753906
1191 3.9175119400024414
1192 3.6443095207214355
1193 4.029334545135498
1194 3.906463146209717
1195 3.5761172771453857
1196 3.516390800476074
1197 3.8618083000183105
1198 3.9811415672302246
1199 3.997316598892212
1200 3.6619510650634766
1201 3.8278300762176514
1202 3.8521900177001953
1203 3.868483304977417
1204 3.69120192527771
1205 3.4868953227996826
1206 3.4534201622009277
1207 3.219625949859619
1208 3.371009111404419
1209 3.190840005874634
1210 3.457663059234619
1211 3.6194589138031006
1212 3.7717504501342773
1213 3.3403141498565674
1214 3.3478972911834717
1215 3.3295512199401855
1216 3.538551092147827
1217 3.735471248626709
1218 3.755855083465576
1219 3.622257947921753
1220 3.8729045391082764
1221 4.017834663391113
1222 4.000932693481445
1223 4.178346633911133
1224 4.119979381561279
1225 4.240551948547363
1226 4.049924373626709
1227 4.0440216064453125
1228 3.9750242233276367
1229 3.961901903152466
1230 3.7074687480926514
1231 3.886115074157715
1232 3.8845362663269043
1233 3.768967866897583
1234 3.7123262882232666
1235 3.5219829082489014
1236 3.276890993118286
1237 3.0616354942321777
1238 3.2780466079711914
1239 3.3267319202423096
1240 3.2806155681610107
1241 3.512197256088257
1242 3.744353771209717
1243 3.5517454147338867
1244 3.6372759342193604
1245 3.616997241973877
1246 3.8543384075164795
1247 3.7174606323242188
1248 3.930084228515625
1249 4.119143009185791
1250 3.675166130065918
1251 3.9233157634735107
1252 3.690330982208252
1253 3.586190700531006
1254 3.8355729579925537
1255 4.009127140045166
1256 4.108083724975586
1257 3.914198160171509
1258 3.7572085857391357
1259 3.9183194637298584
1260 3.722071409225464
1261 3.4992663860321045
1262 3.475964069366455
1263 3.2032060623168945
1264 3.3267717361450195
1265 3.5400216579437256
1266 3.4427130222320557
1267 3.224790334701538
1268 3.2899575233459473
1269 3.3079206943511963
1270 3.2134697437286377
1271 3.2594051361083984
1272 3.3207783699035645
1273 3.053590774536133
1274 3.015206813812256
1275 3.1574506759643555
1276 3.0964550971984863
1277 3.1170523166656494
1278 3.04825758934021
1279 3.1726489067077637
1280 3.5163414478302
1281 3.2009060382843018
1282 3.4190399646759033
1283 3.4527015686035156
1284 3.6305980682373047
1285 3.5408289432525635
1286 3.4819962978363037
1287 3.4610660076141357
1288 3.765277624130249
1289 4.020110607147217
1290 3.8649370670318604
1291 3.711395025253296
1292 3.7443928718566895
1293 4.1026482582092285
1294 3.714029550552368
1295 3.470392942428589
1296 3.6524152755737305
1297 3.4603683948516846
1298 3.688356637954712
1299 3.7672371864318848
1300 3.691124200820923
1301 3.819363594055176
1302 3.8676202297210693
1303 3.614332675933838
1304 3.9506754875183105
1305 3.981868267059326
1306 4.204566478729248
1307 4.369720458984375
1308 3.776806592941284
1309 3.4994540214538574
1310 3.569321870803833
1311 3.581563949584961
1312 3.4359803199768066
1313 3.562586784362793
1314 3.4299488067626953
1315 3.4370572566986084
1316 3.5322985649108887
1317 3.4673960208892822
1318 3.2807118892669678
1319 3.5878238677978516
1320 3.5036542415618896
1321 3.466545581817627
1322 3.3618226051330566
1323 3.526366949081421
1324 3.183863401412964
1325 3.44490122795105
1326 3.488954782485962
1327 3.54951810836792
1328 3.5568597316741943
1329 3.4233174324035645
1330 3.2980000972747803
1331 3.6302406787872314
1332 3.4729206562042236
1333 3.550964832305908
1334 3.535047769546509
1335 3.362661838531494
1336 3.243074893951416
1337 3.0586788654327393
1338 3.505906343460083
1339 3.420191764831543
1340 3.721491575241089
1341 3.3172459602355957
1342 3.361132860183716
1343 3.561483383178711
1344 3.7184031009674072
1345 3.6459503173828125
1346 3.697577714920044
1347 3.5175039768218994
1348 3.6424930095672607
1349 3.525815725326538
1350 3.779789686203003
1351 3.6839869022369385
1352 3.676184892654419
1353 3.665576457977295
1354 3.3452072143554688
1355 3.479585647583008
1356 3.672011137008667
1357 3.5457923412323
1358 3.3807482719421387
1359 3.2774789333343506
1360 3.5990002155303955
1361 3.655627965927124
1362 3.7362546920776367
1363 3.6512184143066406
1364 3.7313461303710938
1365 4.012750148773193
1366 4.040688514709473
1367 4.2520833015441895
1368 4.071112155914307
1369 4.012406826019287
1370 4.053908824920654
1371 4.2107086181640625
1372 4.072758674621582
1373 4.249663829803467
1374 4.25390100479126
1375 4.00626277923584
1376 4.484185218811035
1377 4.47414493560791
1378 4.160600185394287
1379 4.249509811401367
1380 4.004172325134277
1381 3.782219648361206
1382 3.869854211807251
1383 3.8395345211029053
1384 3.8050293922424316
1385 4.1108222007751465
1386 3.961045980453491
1387 3.8444764614105225
1388 3.7773501873016357
1389 3.6833038330078125
1390 3.9820449352264404
1391 3.82171893119812
1392 3.5542171001434326
1393 3.623095989227295
1394 3.7835917472839355
1395 3.934602737426758
1396 4.065951347351074
1397 4.206268787384033
1398 3.976921319961548
1399 3.958751916885376
1400 3.9257493019104004
1401 3.8323445320129395
1402 3.9270894527435303
1403 4.163342475891113
1404 4.189589500427246
1405 3.821592092514038
1406 3.9530727863311768
1407 3.9759328365325928
1408 3.8745131492614746
1409 3.920409917831421
1410 3.79876971244812
1411 3.9353678226470947
1412 3.9398486614227295
1413 3.8974363803863525
1414 3.740661859512329
1415 3.605564832687378
1416 3.3096396923065186
1417 3.660684108734131
1418 3.8828823566436768
1419 4.035796165466309
1420 4.199881076812744
1421 4.301623344421387
1422 4.095159530639648
1423 4.071086406707764
1424 4.0343017578125
1425 4.0102763175964355
1426 3.9182112216949463
1427 4.1357197761535645
1428 4.111445426940918
1429 4.1937384605407715
1430 4.1343512535095215
1431 4.290511608123779
1432 4.168430328369141
1433 4.247697830200195
1434 4.129088401794434
1435 4.322563171386719
1436 4.2761993408203125
1437 4.135847091674805
1438 4.038919448852539
1439 3.929725170135498
1440 4.014704704284668
1441 3.9247329235076904
1442 4.216909408569336
1443 4.388929843902588
1444 4.163505554199219
1445 4.465373992919922
1446 4.450796127319336
1447 4.490170478820801
1448 4.765438556671143
1449 4.711854457855225
1450 4.580255508422852
1451 4.491415977478027
1452 4.272161483764648
1453 4.181945323944092
1454 4.351578712463379
1455 4.2523417472839355
1456 4.303478717803955
1457 4.199924945831299
1458 4.162452697753906
1459 3.7789669036865234
1460 3.6850738525390625
1461 4.020174026489258
1462 4.1363677978515625
1463 4.144899845123291
1464 4.035494804382324
1465 3.992873430252075
1466 4.004627227783203
1467 4.165621757507324
1468 4.2492594718933105
1469 3.673466682434082
1470 3.7852492332458496
1471 4.230999946594238
1472 4.376745223999023
1473 4.110902309417725
1474 3.8783154487609863
1475 4.251238822937012
1476 4.123789310455322
1477 4.306211471557617
1478 4.336755275726318
1479 4.008895397186279
1480 3.8383872509002686
1481 4.2365617752075195
1482 4.1242241859436035
1483 4.29597806930542
1484 4.186357498168945
1485 4.201679229736328
1486 4.287935733795166
1487 4.051965713500977
1488 4.593792915344238
1489 4.523227214813232
1490 4.522078990936279
1491 4.460360050201416
1492 4.591464996337891
1493 4.063011646270752
1494 4.086502552032471
1495 4.326239109039307
1496 4.218700885772705
1497 4.065605163574219
1498 4.2425384521484375
1499 3.9908716678619385
1500 4.575050354003906
1501 4.828218460083008
1502 4.682521343231201
1503 4.543979167938232
1504 4.758072853088379
1505 4.534620761871338
1506 4.476778984069824
1507 4.3342790603637695
1508 4.295935153961182
1509 4.169723033905029
1510 4.375293731689453
1511 4.327337741851807
1512 4.101052761077881
1513 4.315062522888184
1514 4.133462905883789
1515 4.23490047454834
1516 3.8756141662597656
1517 3.7706708908081055
1518 3.895620107650757
1519 3.5267598628997803
1520 3.6957223415374756
1521 3.7207839488983154
1522 3.732973337173462
1523 3.931041717529297
1524 3.582658529281616
1525 3.734708309173584
1526 3.549928903579712
1527 3.6195809841156006
1528 4.199822425842285
1529 4.284031867980957
1530 4.165858745574951
1531 3.8129169940948486
1532 4.006885528564453
1533 4.080079078674316
1534 3.8874902725219727
1535 3.795853614807129
1536 3.957763910293579
1537 3.996457576751709
1538 3.7229795455932617
1539 3.2981557846069336
1540 3.400499105453491
1541 3.5341193675994873
1542 3.4813547134399414
1543 3.513425350189209
1544 3.425335645675659
1545 3.4579741954803467
1546 3.3118295669555664
1547 3.3281090259552
1548 3.760298490524292
1549 3.620152473449707
1550 3.425652265548706
1551 3.480084180831909
1552 3.4332473278045654
1553 3.3570525646209717
1554 3.447791337966919
1555 3.546743869781494
1556 3.488630533218384
1557 3.724982500076294
1558 3.7006139755249023
1559 3.4767441749572754
1560 3.6187210083007813
1561 3.5314345359802246
1562 3.435680389404297
1563 3.5172319412231445
1564 3.4618282318115234
1565 3.9271974563598633
1566 3.8424112796783447
1567 3.7130162715911865
1568 3.758373975753784
1569 4.039677143096924
1570 4.0759148597717285
1571 3.789608955383301
1572 3.741065263748169
1573 3.6998534202575684
1574 4.0576934814453125
1575 4.075109958648682
1576 4.216370582580566
1577 4.263846397399902
1578 4.184286594390869
1579 4.195507526397705
1580 4.085585117340088
1581 3.839449167251587
1582 3.7719500064849854
1583 3.9048047065734863
1584 3.720452070236206
1585 3.6732218265533447
1586 3.3679792881011963
1587 3.628683567047119
1588 3.4866204261779785
1589 4.007523059844971
1590 4.049499034881592
1591 3.9200963973999023
1592 3.9519195556640625
1593 3.967336893081665
1594 3.8957738876342773
1595 4.028382301330566
1596 4.02831506729126
1597 4.035661220550537
1598 3.9147591590881348
1599 4.048134803771973
1600 4.0053887367248535
1601 4.013565540313721
1602 4.071746349334717
1603 3.940370559692383
1604 4.311501502990723
1605 4.101964950561523
1606 3.6978163719177246
1607 3.6500084400177
1608 3.827751398086548
1609 3.8631300926208496
1610 3.9017984867095947
1611 3.8308236598968506
1612 3.8289363384246826
1613 3.355137586593628
1614 3.4654159545898438
1615 3.1052610874176025
1616 3.1440138816833496
1617 3.1898670196533203
1618 3.2053849697113037
1619 3.4419941902160645
1620 3.626615524291992
1621 3.486682415008545
1622 3.5774271488189697
1623 3.535146713256836
1624 3.45377779006958
1625 3.8032071590423584
1626 3.5040202140808105
1627 3.5281224250793457
1628 3.3117923736572266
1629 3.277123212814331
1630 3.5610737800598145
1631 3.523303985595703
1632 3.717289447784424
1633 3.4925901889801025
1634 3.336164951324463
1635 3.4637162685394287
1636 3.29362154006958
1637 3.383634567260742
1638 3.510089159011841
1639 3.62577748298645
1640 3.6492598056793213
1641 3.4639697074890137
1642 3.141798734664917
1643 3.204345703125
1644 3.399181365966797
1645 3.135988712310791
1646 3.1125481128692627
1647 3.0451555252075195
1648 3.3181004524230957
1649 3.3636417388916016
1650 3.6455347537994385
1651 3.6562814712524414
1652 3.5887556076049805
1653 3.501458168029785
1654 3.6743977069854736
1655 3.7654430866241455
1656 3.7408485412597656
1657 3.5168685913085938
1658 3.154991626739502
1659 3.2211484909057617
1660 3.3827672004699707
1661 3.1942172050476074
1662 3.392428159713745
1663 3.265756845474243
1664 3.5082509517669678
1665 3.417876720428467
1666 3.429319381713867
1667 3.34808087348938
1668 3.263089895248413
1669 3.0473756790161133
1670 2.9350500106811523
1671 2.937189817428589
1672 2.9216320514678955
1673 3.205538272857666
1674 3.0745952129364014
1675 3.1544504165649414
1676 3.0132522583007813
1677 3.1663336753845215
1678 3.309391736984253
1679 3.4006857872009277
1680 3.7717642784118652
1681 3.581491708755493
1682 3.445399761199951
1683 3.6488614082336426
1684 3.774670362472534
1685 3.77449631690979
1686 3.9345803260803223
1687 4.078673362731934
1688 3.940150260925293
1689 3.922030448913574
1690 4.120686054229736
1691 4.406705379486084
1692 4.213024616241455
1693 4.143879413604736
1694 3.7831838130950928
1695 3.8277854919433594
1696 4.197886943817139
1697 4.359402656555176
1698 4.002120018005371
1699 4.30759334564209
1700 4.0260725021362305
1701 3.970674514770508
1702 4.1809234619140625
1703 4.154010772705078
1704 4.094466209411621
1705 4.191211700439453
1706 4.619068622589111
1707 4.528737545013428
1708 4.534428596496582
1709 4.67956018447876
1710 4.471904754638672
1711 4.448808670043945
1712 4.580270767211914
1713 4.532790660858154
1714 4.764730453491211
1715 4.657215595245361
1716 4.594940662384033
1717 4.285501480102539
1718 4.393321514129639
1719 4.365127086639404
1720 4.325893878936768
1721 4.239579677581787
1722 3.9683213233947754
1723 4.051424980163574
1724 4.206992149353027
1725 4.177854537963867
1726 4.108499050140381
1727 3.932088613510132
1728 4.078280448913574
1729 4.2699151039123535
1730 4.864949703216553
1731 4.9265828132629395
1732 4.592502593994141
1733 4.366175174713135
1734 4.547418594360352
1735 4.3504838943481445
1736 4.155849456787109
1737 4.114007949829102
1738 3.9168455600738525
1739 3.7267651557922363
1740 3.483057737350464
1741 3.6114461421966553
1742 3.487473726272583
1743 3.670409917831421
1744 3.431748628616333
1745 3.5760645866394043
1746 3.569779634475708
1747 3.330293655395508
1748 3.6657493114471436
1749 3.3855135440826416
1750 3.7331576347351074
1751 3.7227048873901367
1752 3.8578999042510986
1753 4.099788188934326
1754 4.050286293029785
1755 4.162966251373291
1756 4.019841194152832
1757 4.1731858253479
1758 4.125028133392334
1759 3.7210729122161865
1760 3.833573579788208
1761 4.058506965637207
1762 3.9416074752807617
1763 3.8286092281341553
1764 3.681307554244995
1765 3.837829828262329
1766 3.7785451412200928
1767 3.5915908813476563
1768 3.6710281372070313
1769 3.3651139736175537
1770 3.561985969543457
1771 3.5527594089508057
1772 3.598633050918579
1773 3.4570910930633545
1774 3.5821876525878906
1775 3.5300300121307373
1776 3.4531989097595215
1777 3.6081228256225586
1778 3.666792869567871
1779 3.627561092376709
1780 3.670621633529663
1781 3.526425838470459
1782 3.432396173477173
1783 3.395103693008423
1784 3.5831902027130127
1785 3.5017271041870117
1786 3.6471781730651855
1787 3.995100498199463
1788 3.9069175720214844
1789 3.756965160369873
1790 3.9892592430114746
1791 3.888913154602051
1792 4.092803001403809
1793 3.8892433643341064
1794 3.957409381866455
1795 3.869837999343872
1796 3.9002022743225098
1797 3.5477356910705566
1798 3.7571592330932617
1799 3.901369094848633
1800 4.089905261993408
1801 4.164731025695801
1802 4.210402488708496
1803 4.651094436645508
1804 4.617467880249023
1805 4.366603374481201
1806 4.241177082061768
1807 4.124064922332764
1808 4.01531982421875
1809 4.19950008392334
1810 4.039340496063232
1811 4.106951713562012
1812 4.01432991027832
1813 4.106922149658203
1814 3.929927349090576
1815 3.910426139831543
1816 3.78727126121521
1817 3.7955527305603027
1818 3.6204161643981934
1819 4.067028999328613
1820 3.8148157596588135
1821 4.0587849617004395
1822 4.041505336761475
1823 4.1105122566223145
1824 4.1853227615356445
1825 3.9961771965026855
1826 4.069770812988281
1827 4.555891036987305
1828 4.442319393157959
1829 4.444143772125244
1830 4.4699506759643555
1831 4.608602046966553
1832 4.494380474090576
1833 4.416513442993164
1834 4.405901908874512
1835 4.5209431648254395
1836 4.2378363609313965
1837 4.033101558685303
1838 4.016114711761475
1839 3.7469398975372314
1840 4.219708442687988
1841 3.8767590522766113
1842 3.8916079998016357
1843 3.7633070945739746
1844 3.8523974418640137
1845 3.9975905418395996
1846 4.136181831359863
1847 4.015768051147461
1848 3.984792470932007
1849 3.7743120193481445
1850 3.955247402191162
1851 4.227101802825928
1852 4.392570972442627
1853 4.267392158508301
1854 4.2123260498046875
1855 4.116365909576416
1856 4.06409215927124
1857 3.8578593730926514
1858 4.0167717933654785
1859 4.223482131958008
1860 4.277032375335693
1861 4.45864725112915
1862 4.329122066497803
1863 4.261880397796631
1864 4.354163646697998
1865 4.750661373138428
1866 4.1661810874938965
1867 4.420544147491455
1868 4.356349468231201
1869 4.0367302894592285
1870 4.240581035614014
1871 3.9684038162231445
1872 4.13536262512207
1873 3.8455567359924316
1874 3.8538551330566406
1875 4.2856831550598145
1876 4.286132335662842
1877 4.191545009613037
1878 4.45583438873291
1879 4.367298603057861
1880 4.46242094039917
1881 4.5257062911987305
1882 4.615957736968994
1883 4.541837692260742
1884 4.767822742462158
1885 4.78745698928833
1886 4.697190284729004
1887 4.75543212890625
1888 4.757874965667725
1889 4.730310916900635
1890 4.574544429779053
1891 4.479771614074707
1892 4.392518997192383
1893 4.333125114440918
1894 4.468368053436279
1895 4.183661937713623
1896 4.233468055725098
1897 4.52575159072876
1898 4.491364002227783
1899 4.370461940765381
1900 4.120500564575195
1901 4.191701412200928
1902 3.961691379547119
1903 3.5972602367401123
1904 3.7581980228424072
1905 3.6935980319976807
1906 3.6824491024017334
1907 3.564666271209717
1908 3.574204444885254
1909 3.4667670726776123
1910 3.233124017715454
1911 3.5259828567504883
1912 3.6172704696655273
1913 3.5811221599578857
1914 3.688798666000366
1915 3.6726725101470947
1916 3.436765432357788
1917 3.765886068344116
1918 4.092887878417969
1919 3.912893533706665
1920 4.012852668762207
1921 3.825718641281128
1922 3.8886804580688477
1923 3.853513717651367
1924 4.053651809692383
1925 3.9136271476745605
1926 3.7500250339508057
1927 3.905327796936035
1928 3.901528835296631
1929 3.814547538757324
1930 3.5912270545959473
1931 3.451472043991089
1932 3.8880252838134766
1933 3.6837024688720703
1934 3.710679054260254
1935 3.8212006092071533
1936 3.929572820663452
1937 4.182148456573486
1938 4.098473072052002
1939 3.9729130268096924
1940 4.181735038757324
1941 4.11039924621582
1942 3.843500852584839
1943 3.6178059577941895
1944 3.6439015865325928
1945 3.8634862899780273
1946 3.879092216491699
1947 3.990108013153076
1948 4.055809497833252
1949 3.943161725997925
1950 4.143977165222168
1951 3.732764959335327
1952 3.8947672843933105
1953 3.9970004558563232
1954 4.083597183227539
1955 4.169970989227295
1956 4.094171524047852
1957 3.789499521255493
1958 4.097685813903809
1959 4.202118873596191
1960 4.108895778656006
1961 4.161196708679199
1962 3.967576503753662
1963 3.932283639907837
1964 4.107802867889404
1965 4.006228923797607
1966 3.6185154914855957
1967 3.5947649478912354
1968 3.8414456844329834
1969 3.9529428482055664
1970 3.876668930053711
1971 3.9666433334350586
1972 3.7869632244110107
1973 3.8090145587921143
1974 3.7615458965301514
1975 3.751768112182617
1976 3.7538211345672607
1977 3.617987871170044
1978 3.427961826324463
1979 3.6949851512908936
1980 3.802687168121338
1981 3.631855010986328
1982 3.3931968212127686
1983 3.4915170669555664
1984 3.6298842430114746
1985 3.7445428371429443
1986 3.676192045211792
1987 3.515537738800049
1988 3.565896987915039
1989 3.6372029781341553
1990 3.5140671730041504
1991 3.460867166519165
1992 3.6513803005218506
1993 3.5146126747131348
1994 3.7029032707214355
1995 3.433044910430908
1996 3.409152030944824
1997 3.3997297286987305
1998 3.3439254760742188
1999 3.3404126167297363
2000 3.1999940872192383
2001 3.5882985591888428
2002 3.3990955352783203
2003 3.3430967330932617
2004 3.3605988025665283
2005 3.3540539741516113
2006 3.5509579181671143
2007 3.7300007343292236
2008 3.859066963195801
2009 3.7348434925079346
2010 3.775517225265503
2011 3.645968198776245
2012 3.9500439167022705
2013 3.798537254333496
2014 3.669421434402466
2015 3.511425018310547
2016 3.6792311668395996
2017 3.736783504486084
2018 3.8524036407470703
2019 3.77807354927063
2020 3.9755711555480957
2021 3.9508626461029053
2022 3.8709633350372314
2023 3.895214080810547
2024 4.215357303619385
2025 4.015145301818848
2026 4.142493724822998
2027 4.1653313636779785
2028 4.037805080413818
2029 4.105871677398682
2030 4.057693958282471
2031 4.0488057136535645
2032 4.093286991119385
2033 4.20897912979126
2034 3.9047982692718506
2035 3.7876923084259033
2036 3.973989486694336
2037 3.9761505126953125
2038 4.194112777709961
2039 4.189657211303711
2040 4.3831377029418945
2041 4.150660037994385
2042 4.12461519241333
2043 4.271989822387695
2044 4.048947811126709
2045 3.8404510021209717
2046 3.9564895629882813
2047 3.9787888526916504
2048 3.9708359241485596
2049 4.091055393218994
2050 4.148661136627197
2051 4.124164581298828
2052 4.0927839279174805
2053 4.270019054412842
2054 4.181198596954346
2055 3.9651906490325928
2056 4.121756553649902
2057 4.129776477813721
2058 4.009111404418945
2059 4.066695690155029
2060 3.9485912322998047
2061 4.048848628997803
2062 4.080392360687256
2063 4.047370433807373
2064 3.995547294616699
2065 4.040934085845947
2066 3.835798978805542
2067 3.9544880390167236
2068 3.8463666439056396
2069 4.007718563079834
2070 4.10319709777832
2071 4.32794189453125
2072 4.122971057891846
2073 4.166831016540527
2074 3.95509672164917
2075 4.104379653930664
2076 4.105501651763916
2077 4.304588794708252
2078 4.044673919677734
2079 3.945934772491455
2080 3.758835792541504
2081 3.771456718444824
2082 4.1068220138549805
2083 3.9491450786590576
2084 4.204303741455078
2085 4.0748772621154785
2086 3.9759154319763184
2087 4.336603164672852
2088 4.408779144287109
2089 4.499974250793457
2090 4.528426170349121
2091 4.519911766052246
2092 4.299710273742676
2093 4.166685581207275
2094 4.310932636260986
2095 4.227585792541504
2096 4.3380022048950195
2097 4.473550319671631
2098 4.364678382873535
2099 4.288103103637695
2100 4.194122791290283
2101 4.471984386444092
2102 4.343595504760742
2103 4.357496738433838
2104 4.234111309051514
2105 4.134551048278809
2106 4.24782657623291
2107 4.141327857971191
2108 4.096567153930664
2109 4.301474094390869
2110 3.9809210300445557
2111 4.2108154296875
2112 4.107632637023926
2113 4.246767044067383
2114 4.2544121742248535
2115 4.0581889152526855
2116 4.281495571136475
2117 4.655976295471191
2118 4.266526222229004
2119 4.209442615509033
2120 4.315606594085693
2121 4.33056116104126
2122 4.147643089294434
2123 4.192147731781006
2124 4.131412029266357
2125 4.371801376342773
2126 4.440754413604736
2127 4.1569318771362305
2128 4.270419120788574
2129 4.216629981994629
2130 4.230189800262451
2131 4.434618949890137
2132 4.2724289894104
2133 4.038638114929199
2134 3.8969695568084717
2135 3.827742099761963
2136 3.7916452884674072
2137 3.860614776611328
2138 3.8568496704101563
2139 3.7607200145721436
2140 3.9221627712249756
2141 3.726844072341919
2142 3.8441317081451416
2143 4.143991947174072
2144 4.19224214553833
2145 4.016869068145752
2146 3.872243642807007
2147 3.833726644515991
2148 3.7612452507019043
2149 3.8373427391052246
2150 3.9168901443481445
2151 3.8083529472351074
2152 3.8970682621002197
2153 3.999450445175171
2154 3.9408655166625977
2155 3.7907328605651855
2156 3.94980525970459
2157 4.1099019050598145
2158 4.184513568878174
2159 4.218883514404297
2160 3.978243350982666
2161 4.197432518005371
2162 3.9342448711395264
2163 3.969698190689087
2164 4.0969038009643555
2165 4.2482123374938965
2166 4.214476108551025
2167 4.300309658050537
2168 4.202195644378662
2169 4.128150463104248
2170 4.332348823547363
2171 4.193930625915527
2172 4.306928634643555
2173 4.141062259674072
2174 4.038716793060303
2175 4.1804633140563965
2176 4.165741920471191
2177 4.486176490783691
2178 4.535879611968994
2179 4.401893138885498
2180 4.423164367675781
2181 4.322449684143066
2182 4.09002685546875
2183 4.11905574798584
2184 4.213595867156982
2185 4.348118782043457
2186 4.209139347076416
2187 4.34169864654541
2188 4.254170894622803
2189 4.240612506866455
2190 4.267162322998047
2191 4.314362525939941
2192 4.23558235168457
2193 3.992788553237915
2194 4.345178127288818
2195 4.223007678985596
2196 4.214783668518066
2197 4.3098835945129395
2198 4.448947429656982
2199 4.568146705627441
2200 4.4217352867126465
2201 4.417443752288818
2202 4.40878963470459
2203 4.4111647605896
2204 4.267293453216553
2205 3.9317238330841064
2206 4.053926467895508
2207 4.001858234405518
2208 4.15839958190918
2209 4.345345497131348
2210 4.139338493347168
2211 4.161914825439453
2212 3.950526475906372
2213 4.063637733459473
2214 4.080852031707764
2215 4.106435775756836
2216 4.033559322357178
2217 4.244064807891846
2218 4.32403039932251
2219 4.339540004730225
2220 4.319748401641846
2221 4.150173664093018
2222 3.8828606605529785
2223 4.010337829589844
2224 4.0379509925842285
2225 4.070231914520264
2226 4.3111114501953125
2227 4.290019512176514
2228 4.203085899353027
2229 4.238645076751709
2230 4.116291046142578
2231 4.627618789672852
2232 4.355024337768555
2233 4.249383926391602
2234 3.8902387619018555
2235 3.9052751064300537
2236 4.0691447257995605
2237 4.165735244750977
2238 4.33504581451416
2239 4.703708648681641
2240 4.579161167144775
2241 4.1952996253967285
2242 4.606263637542725
2243 4.666494846343994
2244 4.701190948486328
2245 4.523157596588135
2246 4.513252258300781
2247 4.36167049407959
2248 4.561436176300049
2249 4.451368808746338
2250 4.7189812660217285
2251 4.604008674621582
2252 4.617541790008545
2253 4.433555603027344
2254 4.04338264465332
2255 4.3074517250061035
2256 4.4067463874816895
2257 4.273096084594727
2258 4.166055202484131
2259 4.554129600524902
2260 4.254724025726318
2261 4.151547431945801
2262 4.095044136047363
2263 4.260612487792969
2264 4.063200950622559
2265 3.989013433456421
2266 3.902637481689453
2267 4.15977144241333
2268 4.134192943572998
2269 4.147526264190674
2270 3.944554090499878
2271 3.8957252502441406
2272 4.151222229003906
2273 4.087377548217773
2274 4.229364395141602
2275 4.30025577545166
2276 4.138436794281006
2277 4.253602504730225
2278 4.50665807723999
2279 4.44844913482666
2280 4.238270282745361
2281 3.907886028289795
2282 4.113356113433838
2283 4.060081481933594
2284 4.397006034851074
2285 4.060210704803467
2286 3.904676914215088
2287 3.9769649505615234
2288 3.8606114387512207
2289 3.9443717002868652
2290 3.846073865890503
2291 3.7464754581451416
2292 3.664647102355957
2293 3.612628698348999
2294 3.8886735439300537
2295 3.8693792819976807
2296 3.8835601806640625
2297 3.9600307941436768
2298 4.082555770874023
2299 4.260351181030273
2300 4.149244785308838
2301 4.606877326965332
2302 4.454115390777588
2303 4.23786735534668
2304 4.302195072174072
2305 4.4550886154174805
2306 4.504538059234619
2307 4.388917446136475
2308 4.377142906188965
2309 4.392390727996826
2310 4.286946773529053
2311 4.272627353668213
2312 4.34660530090332
2313 4.398774147033691
2314 4.290437698364258
2315 4.4641265869140625
2316 4.30811071395874
2317 4.476822853088379
2318 4.1581034660339355
2319 4.110044479370117
2320 4.321101188659668
2321 4.2944416999816895
2322 4.401890754699707
2323 4.434391498565674
2324 4.433246612548828
2325 4.439094543457031
2326 4.4106855392456055
2327 4.542933464050293
2328 4.323215961456299
2329 4.396614074707031
2330 4.46160364151001
2331 4.369149684906006
2332 4.454612731933594
2333 4.3777313232421875
2334 4.352095603942871
2335 4.3570990562438965
2336 4.356393814086914
2337 4.578312873840332
2338 4.609085559844971
2339 4.423852443695068
2340 4.5753302574157715
2341 4.495002269744873
2342 4.343600273132324
2343 4.185927867889404
2344 4.312176704406738
2345 4.181441783905029
2346 4.056807994842529
2347 4.253674507141113
2348 4.351926326751709
2349 4.14743185043335
2350 4.063892841339111
2351 4.127804279327393
2352 4.205316066741943
2353 4.02839994430542
2354 4.118553638458252
2355 3.95582914352417
2356 3.9757351875305176
2357 4.001785755157471
2358 4.075357913970947
2359 3.8568475246429443
2360 3.9569106101989746
2361 4.092251300811768
2362 3.9940404891967773
2363 4.21604061126709
2364 4.103514194488525
2365 4.100491523742676
2366 4.124847412109375
2367 4.082758903503418
2368 4.312324523925781
2369 4.137725353240967
2370 4.1840739250183105
2371 3.9455978870391846
2372 4.0356526374816895
2373 4.061646461486816
2374 3.9517507553100586
2375 3.9231629371643066
2376 3.876777172088623
2377 3.8583881855010986
2378 4.2246527671813965
2379 4.093135833740234
2380 4.138184547424316
2381 4.122825622558594
2382 4.124181747436523
2383 4.034093856811523
2384 3.9840922355651855
2385 4.039963722229004
2386 3.9472923278808594
2387 3.9098541736602783
2388 4.21917724609375
2389 4.236251354217529
2390 3.977391004562378
2391 4.057647228240967
2392 4.119018077850342
2393 3.837479591369629
2394 3.875383138656616
2395 3.5935420989990234
2396 3.6332788467407227
2397 3.3453357219696045
2398 3.5477569103240967
2399 3.523240327835083
2400 3.4632527828216553
2401 3.154407024383545
2402 3.330960988998413
2403 3.18220853805542
2404 3.474963665008545
2405 3.658071756362915
2406 3.60904598236084
2407 3.634699821472168
2408 3.5778915882110596
2409 3.7779390811920166
2410 3.6617560386657715
2411 3.6179752349853516
2412 3.5011730194091797
2413 3.7928948402404785
2414 3.569092273712158
2415 3.5767571926116943
2416 3.6012516021728516
2417 3.7846925258636475
2418 3.7738418579101563
2419 3.643782377243042
2420 3.682091474533081
2421 3.5078179836273193
2422 3.4094693660736084
2423 3.3773109912872314
2424 3.4721903800964355
2425 3.7036025524139404
2426 3.404543876647949
2427 3.0273735523223877
2428 3.1321310997009277
2429 3.1803269386291504
2430 3.022001028060913
2431 3.192445755004883
2432 3.0900259017944336
2433 3.206810712814331
2434 3.449888229370117
2435 3.5137252807617188
2436 3.7905402183532715
2437 3.959367513656616
2438 3.895352602005005
2439 3.7133140563964844
2440 3.848710060119629
2441 3.462589740753174
2442 3.6672921180725098
2443 3.561561107635498
2444 3.341099977493286
2445 3.633495807647705
2446 3.6704695224761963
2447 3.714076280593872
2448 3.7320427894592285
2449 3.866492986679077
2450 3.7089154720306396
2451 3.619589328765869
2452 3.844186782836914
2453 4.101528167724609
2454 4.138061046600342
2455 3.932640790939331
2456 3.7730565071105957
2457 3.7284746170043945
2458 3.4067845344543457
2459 3.5016531944274902
2460 3.6602847576141357
2461 3.6990153789520264
2462 3.4499666690826416
2463 3.5014493465423584
2464 3.5971286296844482
2465 3.6241695880889893
2466 3.6364963054656982
2467 3.920128107070923
2468 3.6087567806243896
2469 3.682257652282715
2470 3.794156551361084
2471 3.97379732131958
2472 3.767425060272217
2473 3.567653179168701
2474 3.4969089031219482
2475 4.128774642944336
2476 4.078658580780029
2477 4.005539417266846
2478 4.028106212615967
2479 3.8113036155700684
2480 3.9013283252716064
2481 4.185722827911377
2482 4.200407981872559
2483 3.8333747386932373
2484 3.864245891571045
2485 3.9350359439849854
2486 3.9812541007995605
2487 3.7763383388519287
2488 3.776075839996338
2489 3.945605516433716
2490 4.061743259429932
2491 4.161467552185059
2492 4.307446002960205
2493 3.9666755199432373
2494 4.312132358551025
2495 4.12424373626709
2496 3.8743669986724854
2497 3.799011707305908
2498 3.5507302284240723
2499 3.6760449409484863
2500 4.005311489105225
2501 3.801349639892578
2502 3.843268394470215
2503 3.8064324855804443
2504 3.575723171234131
2505 3.3499755859375
2506 3.319797992706299
2507 3.6340463161468506
2508 3.8515098094940186
2509 3.5477190017700195
2510 3.8054020404815674
2511 3.7192273139953613
2512 3.632155418395996
2513 3.8490045070648193
2514 3.484050989151001
2515 3.502265691757202
2516 3.4262068271636963
2517 3.168116331100464
2518 3.276672840118408
2519 3.157599449157715
2520 3.076622486114502
2521 3.401822566986084
2522 3.3655760288238525
2523 3.3746542930603027
2524 3.604851245880127
2525 3.7732291221618652
2526 3.597773790359497
2527 3.57598876953125
2528 3.4454493522644043
2529 3.3354740142822266
2530 3.5173299312591553
2531 3.333153247833252
2532 3.415260076522827
2533 3.245321035385132
2534 3.468113660812378
2535 3.236642599105835
2536 3.4567208290100098
2537 3.4080584049224854
2538 3.3907253742218018
2539 3.737079381942749
2540 3.90065860748291
2541 3.9662764072418213
2542 3.7316792011260986
2543 3.7376699447631836
2544 3.8913283348083496
2545 3.825343608856201
2546 4.034622669219971
2547 3.6285650730133057
2548 3.5978498458862305
2549 3.8053507804870605
2550 3.7329628467559814
2551 3.751599073410034
2552 3.954174041748047
2553 3.8541927337646484
2554 3.7268476486206055
2555 3.8364994525909424
2556 3.902251720428467
2557 4.0273613929748535
2558 4.16511869430542
2559 4.195897579193115
2560 4.101892471313477
2561 4.003146648406982
2562 3.6497395038604736
2563 3.594721555709839
2564 3.800212860107422
2565 3.7952308654785156
2566 3.6902658939361572
2567 3.8940460681915283
2568 3.8107874393463135
2569 3.5617809295654297
2570 3.8933234214782715
2571 3.9743030071258545
2572 3.846616268157959
2573 4.080530643463135
2574 4.077461242675781
2575 3.963200569152832
2576 4.09513521194458
2577 3.8813929557800293
2578 3.8755483627319336
2579 3.8898699283599854
2580 3.946213722229004
2581 4.209297180175781
2582 3.903961658477783
2583 3.690351724624634
2584 3.637673854827881
2585 3.9440724849700928
2586 4.065633773803711
2587 4.592610836029053
2588 4.199452877044678
2589 3.989628791809082
2590 3.79520320892334
2591 3.9650440216064453
2592 3.980592966079712
2593 3.893873929977417
2594 3.886491537094116
2595 3.9741644859313965
2596 3.722062587738037
2597 3.8189632892608643
2598 3.751495599746704
2599 3.392775297164917
2600 3.684436082839966
2601 3.4507408142089844
2602 3.3470265865325928
2603 3.2857038974761963
2604 3.398392677307129
2605 3.4343414306640625
2606 3.700540065765381
2607 3.781315803527832
2608 3.938720941543579
2609 3.8710403442382813
2610 3.7539775371551514
2611 3.4148552417755127
2612 3.5581932067871094
2613 3.239112615585327
2614 3.3718929290771484
2615 3.3258602619171143
2616 3.6746253967285156
2617 4.073544979095459
2618 3.7479605674743652
2619 3.885176658630371
2620 3.6463732719421387
2621 3.8345701694488525
2622 3.8236141204833984
2623 3.952406883239746
2624 3.609231948852539
2625 4.037431716918945
2626 3.9368553161621094
2627 3.7401530742645264
2628 3.550257682800293
2629 3.5492753982543945
2630 3.182687520980835
2631 3.164996385574341
2632 3.26554274559021
2633 3.260751247406006
2634 3.018573760986328
2635 3.068586826324463
2636 2.9706826210021973
2637 3.0850017070770264
2638 3.133962392807007
2639 3.099653720855713
2640 3.27009916305542
2641 3.479583263397217
2642 3.8791801929473877
2643 3.437910795211792
2644 3.3690555095672607
2645 3.330247163772583
2646 3.5293431282043457
2647 3.358482599258423
2648 3.491403818130493
2649 3.5211808681488037
2650 3.629600763320923
2651 3.6554031372070313
2652 3.5122170448303223
2653 3.6278014183044434
2654 3.3908939361572266
2655 3.5109610557556152
2656 3.783578395843506
2657 3.6042392253875732
2658 3.542015314102173
2659 3.5883829593658447
2660 3.5492095947265625
2661 3.1475751399993896
2662 3.5632901191711426
2663 3.749760627746582
2664 3.539278268814087
2665 3.535017251968384
2666 3.6517701148986816
2667 3.7865796089172363
2668 3.7365739345550537
2669 3.9429996013641357
2670 3.5247950553894043
2671 3.5200071334838867
2672 3.4633290767669678
2673 3.538431167602539
2674 3.8201262950897217
2675 3.6644463539123535
2676 3.976815700531006
2677 3.8326945304870605
2678 3.4531619548797607
2679 3.481837511062622
2680 3.361366033554077
2681 3.156064510345459
2682 3.396826982498169
2683 3.5223023891448975
2684 3.3403234481811523
2685 3.22285795211792
2686 3.3033525943756104
2687 3.506962299346924
2688 3.473996639251709
2689 3.381340742111206
2690 3.1767022609710693
2691 3.2422444820404053
2692 3.1416308879852295
2693 2.986544370651245
2694 3.4118542671203613
2695 3.364879608154297
2696 3.2058207988739014
2697 3.142650604248047
2698 3.2066638469696045
2699 3.380208969116211
2700 3.46789813041687
2701 3.6175765991210938
2702 3.590036630630493
2703 3.128462553024292
2704 3.60245943069458
2705 3.6522774696350098
2706 3.5895955562591553
2707 3.2894537448883057
2708 3.49631404876709
2709 3.1676199436187744
2710 3.496603488922119
2711 3.555241584777832
2712 3.458652973175049
2713 3.8812801837921143
2714 3.7856338024139404
2715 3.608236074447632
2716 3.603336811065674
2717 3.3243491649627686
2718 3.4702606201171875
2719 3.6188316345214844
2720 3.5013294219970703
2721 3.535470485687256
2722 3.643429756164551
2723 3.6156399250030518
2724 3.5584797859191895
2725 3.662980556488037
2726 3.612398862838745
2727 4.062194347381592
2728 3.783095598220825
2729 3.515364170074463
2730 3.5498602390289307
2731 3.804450035095215
2732 3.759495973587036
2733 3.8424060344696045
2734 3.9078800678253174
2735 3.65722393989563
2736 3.3795206546783447
2737 3.404431104660034
2738 3.4213430881500244
2739 3.1187100410461426
2740 3.0993826389312744
2741 3.3575527667999268
2742 3.4619882106781006
2743 3.2568278312683105
2744 3.336735963821411
2745 3.5737690925598145
2746 3.2349703311920166
2747 3.0775938034057617
2748 3.1375505924224854
2749 3.2577366828918457
2750 3.2702534198760986
2751 3.393068552017212
2752 3.5492944717407227
2753 3.5849251747131348
2754 3.4070639610290527
2755 3.6144795417785645
2756 3.3581554889678955
2757 3.6722984313964844
2758 3.7700538635253906
2759 3.917628049850464
2760 3.775989055633545
2761 4.1268415451049805
2762 4.051032066345215
2763 3.7054426670074463
2764 3.8294408321380615
2765 3.901627779006958
2766 3.3934645652770996
2767 3.3932623863220215
2768 3.35680890083313
2769 3.321420669555664
2770 3.167515993118286
2771 3.367795467376709
2772 3.389531373977661
2773 3.423137664794922
2774 3.6225192546844482
2775 3.6981401443481445
2776 3.648386240005493
2777 3.4864797592163086
2778 3.6399431228637695
2779 3.716172933578491
2780 3.87701678276062
2781 3.6753110885620117
2782 3.429535150527954
2783 3.185706853866577
2784 3.309354066848755
2785 3.5613605976104736
2786 3.669928550720215
2787 3.788038730621338
2788 4.069321155548096
2789 4.47767972946167
2790 4.392132759094238
2791 4.495126724243164
2792 4.572637557983398
2793 4.409285068511963
2794 4.287665367126465
2795 4.085226535797119
2796 4.004195690155029
2797 3.9553489685058594
2798 3.7562172412872314
2799 3.7281265258789063
2800 4.05519437789917
2801 3.9162240028381348
2802 4.071768283843994
2803 3.7315163612365723
2804 3.9284932613372803
2805 4.073299884796143
2806 4.027807235717773
2807 3.7673892974853516
2808 4.051626205444336
2809 3.677295207977295
2810 3.611896514892578
2811 3.80357027053833
2812 3.7627787590026855
2813 3.802276611328125
2814 4.207060813903809
2815 4.161987781524658
2816 4.367218494415283
2817 4.219659328460693
2818 4.212360858917236
2819 4.502597332000732
2820 4.621412754058838
2821 4.249904155731201
2822 4.027544975280762
2823 3.9145009517669678
2824 3.9580368995666504
2825 4.1427788734436035
2826 4.169302463531494
2827 4.210483074188232
2828 3.92488694190979
2829 3.648036003112793
2830 3.688558578491211
2831 3.653477430343628
2832 4.032119274139404
2833 3.69118070602417
2834 3.231919765472412
2835 3.368574619293213
2836 3.683746814727783
2837 3.247917652130127
2838 3.2813127040863037
2839 3.387869119644165
2840 3.4902126789093018
2841 3.915475368499756
2842 3.6278138160705566
2843 3.3274261951446533
2844 3.320737361907959
2845 3.161327600479126
2846 3.1795012950897217
2847 3.3064863681793213
2848 3.5340232849121094
2849 4.202728748321533
2850 4.285945415496826
2851 4.107599258422852
2852 4.180141448974609
2853 4.030467987060547
2854 3.9786646366119385
2855 4.211625099182129
2856 3.889188766479492
2857 3.647489070892334
2858 3.665513038635254
2859 3.3263776302337646
2860 3.3418710231781006
2861 3.5321426391601563
2862 3.279493570327759
2863 3.4564521312713623
2864 3.1280009746551514
2865 3.3797969818115234
2866 2.988445281982422
2867 3.366015672683716
2868 3.2397501468658447
2869 3.269965648651123
2870 3.077789068222046
2871 3.0700294971466064
2872 3.0491549968719482
2873 3.3314743041992188
2874 3.364475965499878
2875 3.505627155303955
2876 3.4503698348999023
2877 3.560540199279785
2878 3.516728162765503
2879 3.4738309383392334
2880 3.4334075450897217
2881 3.4841604232788086
2882 3.5814855098724365
2883 3.5000176429748535
2884 3.6100361347198486
2885 3.419109344482422
2886 3.248802900314331
2887 3.306792974472046
2888 3.359745740890503
2889 3.3831613063812256
2890 3.3486387729644775
2891 3.5719475746154785
2892 3.577106475830078
2893 3.6134729385375977
2894 3.743715286254883
2895 4.165694236755371
2896 3.887068510055542
2897 4.164933204650879
2898 3.7518465518951416
2899 3.887796401977539
2900 3.5224649906158447
2901 3.755462884902954
2902 3.893240451812744
2903 4.410097122192383
2904 4.583420753479004
2905 4.336881637573242
2906 4.106367111206055
2907 4.2044172286987305
2908 4.026698112487793
2909 4.061524868011475
2910 3.7684683799743652
2911 3.9111545085906982
2912 4.12969446182251
2913 4.123871803283691
2914 3.835040330886841
2915 3.6532835960388184
2916 3.488736152648926
2917 4.055522918701172
2918 3.9433131217956543
2919 3.7814385890960693
2920 3.878302574157715
2921 3.7160587310791016
2922 3.9204514026641846
2923 3.8866991996765137
2924 3.65924072265625
2925 3.88630747795105
2926 3.615718126296997
2927 3.6081647872924805
2928 3.707617998123169
2929 3.6204993724823
2930 3.9640355110168457
2931 3.8056068420410156
2932 3.8361079692840576
2933 3.696828842163086
2934 3.816997766494751
2935 3.839714288711548
2936 3.9367125034332275
2937 3.937495231628418
2938 3.7662360668182373
2939 3.7814221382141113
2940 3.825791120529175
2941 3.7110867500305176
2942 3.3131699562072754
2943 3.4474427700042725
2944 3.5961616039276123
2945 3.5804731845855713
2946 4.163542747497559
2947 4.194204807281494
2948 3.66493821144104
2949 3.309654712677002
2950 3.522634506225586
2951 3.3082547187805176
2952 3.4290945529937744
2953 3.86098575592041
2954 3.626633882522583
2955 3.644196033477783
2956 3.8428966999053955
2957 4.008612632751465
2958 3.7590172290802
2959 3.936073064804077
2960 3.9433343410491943
2961 3.7071194648742676
2962 3.923699140548706
2963 3.6376984119415283
2964 3.758256673812866
2965 3.4326171875
2966 3.387216329574585
2967 3.410519599914551
2968 3.5326731204986572
2969 3.497905969619751
2970 3.4986014366149902
2971 3.3949742317199707
2972 3.372346878051758
2973 3.2978897094726563
2974 3.210808038711548
2975 3.3856616020202637
2976 3.0913236141204834
2977 3.2077138423919678
2978 3.4874114990234375
2979 3.4288198947906494
2980 3.3975095748901367
2981 3.472602128982544
2982 3.7464914321899414
2983 3.8669629096984863
2984 3.9728124141693115
2985 3.9741945266723633
2986 3.778285026550293
2987 3.8913450241088867
2988 3.5781424045562744
2989 3.5210628509521484
2990 3.251573085784912
2991 3.342775821685791
2992 3.5605292320251465
2993 3.4095218181610107
2994 3.7333970069885254
2995 3.7630066871643066
2996 3.4486730098724365
2997 3.3804986476898193
2998 3.3014352321624756
2999 3.664252281188965
3000 3.5472614765167236
3001 3.872684955596924
3002 3.855616569519043
3003 3.9213743209838867
3004 3.752067804336548
3005 3.5425069332122803
3006 3.800567150115967
3007 3.792807102203369
3008 4.313175678253174
3009 4.072105884552002
3010 4.247562408447266
3011 4.4862494468688965
3012 4.491855621337891
3013 4.346441745758057
3014 4.308726787567139
3015 4.021444797515869
3016 4.1249098777771
3017 4.053216457366943
3018 4.197941303253174
3019 3.848435878753662
3020 3.8523271083831787
3021 3.4717371463775635
3022 3.7982327938079834
3023 3.812741756439209
3024 3.4137332439422607
3025 3.723963737487793
3026 3.986287832260132
3027 3.784001350402832
3028 3.705061674118042
3029 3.7090139389038086
3030 3.335951805114746
3031 3.5946435928344727
3032 3.285285234451294
3033 2.8750693798065186
3034 3.271932363510132
3035 3.196866273880005
3036 3.2368323802948
3037 3.4212684631347656
3038 3.1197378635406494
3039 2.969233989715576
3040 3.31253719329834
3041 3.28973126411438
3042 3.298154354095459
3043 3.1304097175598145
3044 3.4988367557525635
3045 3.0844027996063232
3046 3.10329532623291
3047 3.227487564086914
3048 3.3724706172943115
3049 3.282433271408081
3050 3.3110439777374268
3051 3.286433219909668
3052 3.3834283351898193
3053 3.4908249378204346
3054 3.6251726150512695
3055 3.6330809593200684
3056 3.7717325687408447
3057 3.837953805923462
3058 3.763519048690796
3059 3.437774896621704
3060 3.367711067199707
3061 3.190094470977783
3062 3.1718320846557617
3063 2.854724168777466
3064 3.0530271530151367
3065 2.985508680343628
3066 2.9155733585357666
3067 3.024550676345825
3068 2.9623546600341797
3069 2.9545843601226807
3070 2.9688360691070557
3071 2.973536491394043
3072 3.081505060195923
3073 3.4187495708465576
3074 3.199080228805542
3075 3.1576082706451416
3076 3.35710072517395
3077 3.308858871459961
3078 3.6265063285827637
3079 3.800976037979126
3080 3.4653024673461914
3081 3.705549955368042
3082 3.81146240234375
3083 4.0018792152404785
3084 4.039608001708984
3085 4.169582843780518
3086 4.504589080810547
3087 4.487540245056152
3088 3.9901463985443115
3089 4.215736389160156
3090 3.897390842437744
3091 3.6892290115356445
3092 3.547797441482544
3093 3.738306999206543
3094 3.8292653560638428
3095 3.64727783203125
3096 3.9480645656585693
3097 3.8684897422790527
3098 3.651602268218994
3099 3.3880298137664795
3100 3.2786924839019775
3101 3.4239962100982666
3102 3.230691432952881
3103 3.2100069522857666
3104 3.267357110977173
3105 3.4230618476867676
3106 3.240896224975586
3107 3.160862922668457
3108 2.8979668617248535
3109 2.901902198791504
3110 3.0792434215545654
3111 3.1710071563720703
3112 2.8888678550720215
3113 2.8732943534851074
3114 3.022963285446167
3115 2.9828882217407227
3116 3.0723094940185547
3117 3.4444668292999268
3118 3.192082643508911
3119 3.2180278301239014
3120 3.321009635925293
3121 3.4225432872772217
3122 3.4501001834869385
3123 3.306830883026123
3124 3.4300355911254883
3125 3.3802921772003174
3126 3.4354848861694336
3127 3.584709644317627
3128 3.544267177581787
3129 3.4376189708709717
3130 3.2441844940185547
3131 3.298945426940918
3132 3.371180772781372
3133 3.4535582065582275
3134 3.3995161056518555
3135 3.9119677543640137
3136 3.879262924194336
3137 3.6606714725494385
3138 3.5948169231414795
3139 3.9976842403411865
3140 3.822784900665283
3141 3.8176097869873047
3142 3.890747547149658
3143 3.8416600227355957
3144 3.776108741760254
3145 4.101581573486328
3146 3.806347131729126
3147 3.4312007427215576
3148 3.714153289794922
3149 3.4705801010131836
3150 3.462536096572876
3151 3.189131736755371
3152 3.8359577655792236
3153 3.835345983505249
3154 3.749886989593506
3155 3.9207732677459717
3156 3.789048433303833
3157 4.220689296722412
3158 3.5366103649139404
3159 3.512713670730591
3160 3.5469624996185303
3161 3.74487042427063
3162 3.5850820541381836
3163 3.3186774253845215
3164 3.4988389015197754
3165 3.7869713306427
3166 3.956042766571045
3167 3.708620071411133
3168 3.704347610473633
3169 3.8759164810180664
3170 3.8621339797973633
3171 4.130645275115967
3172 3.990351676940918
3173 4.068746089935303
3174 3.95436429977417
3175 3.623075485229492
3176 3.5053458213806152
3177 3.6361043453216553
3178 3.4871973991394043
3179 3.563760995864868
3180 3.1343655586242676
3181 3.2420034408569336
3182 3.418292284011841
3183 3.643602132797241
3184 3.262943983078003
3185 3.183460235595703
3186 3.280871629714966
3187 3.2182347774505615
3188 3.4115142822265625
3189 3.287055015563965
3190 3.327253818511963
3191 3.4212875366210938
3192 3.383094310760498
3193 3.324131727218628
3194 3.0149478912353516
3195 3.204336166381836
3196 3.4564156532287598
3197 3.605442762374878
3198 3.7004735469818115
3199 3.662445068359375
3200 3.6325836181640625
3201 3.5068347454071045
3202 3.718637704849243
3203 3.53579044342041
3204 3.429630994796753
3205 3.471792221069336
3206 3.6858816146850586
3207 3.5373830795288086
3208 3.3579320907592773
3209 3.216578245162964
3210 3.4726545810699463
3211 3.680100679397583
3212 3.0294227600097656
3213 2.9360063076019287
3214 3.1701467037200928
3215 3.144517183303833
3216 3.315662384033203
3217 3.5836329460144043
3218 3.443380117416382
3219 3.241123914718628
3220 3.3519952297210693
3221 3.335495948791504
3222 2.980921506881714
3223 3.301382064819336
3224 3.515986442565918
3225 3.558912515640259
3226 3.5013527870178223
3227 2.9903552532196045
3228 2.938584566116333
3229 3.173832654953003
3230 3.399258613586426
3231 3.30953049659729
3232 3.087385416030884
3233 3.182267427444458
3234 3.388479232788086
3235 3.219378709793091
3236 2.9569292068481445
3237 3.3859293460845947
3238 3.439887046813965
3239 3.335268020629883
3240 3.468289613723755
3241 3.8360533714294434
3242 3.778799295425415
3243 3.817812442779541
3244 3.5117805004119873
3245 3.3546323776245117
3246 3.3733952045440674
3247 3.3899357318878174
3248 3.2573556900024414
3249 3.6219987869262695
3250 3.962627410888672
3251 4.022099018096924
3252 3.7283432483673096
3253 3.5652692317962646
3254 3.4721665382385254
3255 3.444222927093506
3256 3.3645734786987305
3257 3.377124071121216
3258 3.9449992179870605
3259 3.6123406887054443
3260 3.6296305656433105
3261 3.6225645542144775
3262 3.8163154125213623
3263 3.6739888191223145
3264 3.637528657913208
3265 3.6932904720306396
3266 3.9375922679901123
3267 3.6274068355560303
3268 3.666548013687134
3269 3.44321870803833
3270 3.4730448722839355
3271 3.6330511569976807
3272 3.71333909034729
3273 3.393040895462036
3274 3.136174440383911
3275 3.154353618621826
3276 3.226987600326538
3277 3.221545934677124
3278 3.659632921218872
3279 3.639509916305542
3280 3.5976269245147705
3281 3.438066244125366
3282 3.408494472503662
3283 3.225456953048706
3284 3.2234702110290527
3285 3.3077359199523926
3286 3.350128412246704
3287 3.644897937774658
3288 3.5467920303344727
3289 3.5169358253479004
3290 3.2845284938812256
3291 3.3270761966705322
3292 3.3276474475860596
3293 3.400947332382202
3294 3.164243459701538
3295 2.8723304271698
3296 3.053622007369995
3297 2.9907045364379883
3298 2.837224245071411
3299 3.1371607780456543
3300 3.1983892917633057
3301 2.9273414611816406
3302 3.191925525665283
3303 3.159102201461792
3304 3.1835615634918213
3305 3.1070139408111572
3306 3.012117624282837
3307 2.95941162109375
3308 3.125458240509033
3309 3.0734236240386963
3310 3.3784894943237305
3311 3.5169081687927246
3312 3.427455186843872
3313 3.5489342212677
3314 3.5338551998138428
3315 3.378338575363159
3316 3.2663562297821045
3317 3.1900203227996826
3318 3.223811388015747
3319 3.2469067573547363
3320 3.441342830657959
3321 3.383419990539551
3322 3.3086447715759277
3323 3.2839760780334473
3324 3.1680846214294434
3325 3.4926092624664307
3326 3.4074442386627197
3327 3.5999088287353516
3328 3.8150863647460938
3329 3.589049816131592
3330 3.4447104930877686
3331 3.400006055831909
3332 3.556323766708374
3333 3.9007411003112793
3334 3.7056798934936523
3335 3.3973612785339355
3336 3.3322856426239014
3337 3.391765594482422
3338 3.3900935649871826
3339 3.5590410232543945
3340 3.28310489654541
3341 3.4947104454040527
3342 3.0967183113098145
3343 3.2966103553771973
3344 3.4148552417755127
3345 3.046128511428833
3346 3.432225227355957
3347 3.7361605167388916
3348 3.5032565593719482
3349 3.072467565536499
3350 3.0033364295959473
3351 3.3175909519195557
3352 3.193664789199829
3353 2.9966793060302734
3354 3.325913429260254
3355 3.1375882625579834
3356 2.9451444149017334
3357 3.2675395011901855
3358 3.384599208831787
3359 3.117079257965088
3360 3.1471476554870605
3361 2.863253355026245
3362 3.2228050231933594
3363 3.3151302337646484
3364 3.332561731338501
3365 3.2735984325408936
3366 3.3861446380615234
3367 3.7289350032806396
3368 3.3418502807617188
3369 3.342773675918579
3370 3.063197135925293
3371 3.373739242553711
3372 3.465561866760254
3373 3.705315589904785
3374 3.4047200679779053
3375 3.4553356170654297
3376 3.1866226196289063
3377 2.8719699382781982
3378 2.679885149002075
3379 2.8586578369140625
3380 3.087061882019043
3381 2.931610345840454
3382 2.9171361923217773
3383 3.0552053451538086
3384 2.937192440032959
3385 2.8918654918670654
3386 3.0207808017730713
3387 2.9199886322021484
3388 2.903789758682251
3389 2.79669189453125
3390 2.878506660461426
3391 3.0509960651397705
3392 3.1628551483154297
3393 2.817081928253174
3394 2.9854958057403564
3395 2.7145049571990967
3396 2.8638319969177246
3397 2.6807632446289063
3398 2.987414598464966
3399 3.1379330158233643
3400 2.9069244861602783
3401 2.862194299697876
3402 2.699812889099121
3403 2.8525450229644775
3404 2.95414137840271
3405 2.619114398956299
3406 2.546506404876709
3407 2.628164291381836
3408 2.504290819168091
3409 2.627157211303711
3410 3.115053653717041
3411 3.275580406188965
3412 3.5567781925201416
3413 3.8003225326538086
3414 3.416323661804199
3415 3.490576982498169
3416 3.2087912559509277
3417 3.180548667907715
3418 2.9974308013916016
3419 2.9396400451660156
3420 2.774700880050659
3421 2.884796380996704
3422 2.793699264526367
3423 2.9767558574676514
3424 3.0636396408081055
3425 3.56998610496521
3426 3.558589220046997
3427 3.4382009506225586
3428 3.2275712490081787
3429 3.3162789344787598
3430 3.390080213546753
3431 2.95766544342041
3432 3.1081228256225586
3433 3.0658342838287354
3434 3.1754069328308105
3435 3.313767194747925
3436 2.909867763519287
3437 3.0558981895446777
3438 2.961421489715576
3439 2.9666502475738525
3440 3.0578677654266357
3441 3.122384786605835
3442 3.446428060531616
3443 3.4432482719421387
3444 3.352149486541748
3445 3.51680064201355
3446 3.4934308528900146
3447 3.305511474609375
3448 3.314598560333252
3449 3.284168243408203
3450 3.2969770431518555
3451 3.400446653366089
3452 3.1937944889068604
3453 3.3308825492858887
3454 3.6524343490600586
3455 4.0499982833862305
3456 3.844632148742676
3457 3.580653429031372
3458 4.204269886016846
3459 4.124321937561035
3460 3.7024052143096924
3461 4.109902381896973
3462 4.182308673858643
3463 3.8356716632843018
3464 4.122597694396973
3465 4.207629680633545
3466 4.256295204162598
3467 4.044996738433838
3468 3.853771924972534
3469 3.6532976627349854
3470 3.936837673187256
3471 3.980727434158325
3472 3.8397228717803955
3473 3.6132421493530273
3474 3.4947574138641357
3475 3.646111488342285
3476 3.737253189086914
3477 4.005039691925049
3478 4.105252265930176
3479 4.371397018432617
3480 4.551701068878174
3481 4.127429962158203
3482 4.422877311706543
3483 4.267576217651367
3484 3.966935157775879
3485 3.7640554904937744
3486 3.5737574100494385
3487 3.731672763824463
3488 4.108209133148193
3489 3.676391839981079
3490 3.746678113937378
3491 3.9970967769622803
3492 4.010036945343018
3493 3.733854055404663
3494 3.8103950023651123
3495 3.4432849884033203
3496 3.66689395904541
3497 3.591181755065918
3498 3.970421075820923
3499 4.299455642700195
3500 4.113004207611084
3501 3.8733808994293213
3502 3.8458893299102783
3503 3.652839422225952
3504 3.7490034103393555
3505 3.5763258934020996
3506 3.7948551177978516
3507 4.003775119781494
3508 3.809366226196289
3509 3.8119781017303467
3510 4.30087947845459
3511 4.022085189819336
3512 3.848092794418335
3513 3.7305119037628174
3514 4.0275044441223145
3515 4.119851589202881
3516 4.107900619506836
3517 3.9909749031066895
3518 4.573623180389404
3519 4.749483585357666
3520 4.568695068359375
3521 4.715606212615967
3522 4.631380081176758
3523 4.425825119018555
3524 4.198362827301025
3525 4.386186599731445
3526 4.647230625152588
3527 4.30640172958374
3528 4.14529275894165
3529 4.472804546356201
3530 4.371236324310303
3531 4.177858829498291
3532 4.095093727111816
3533 4.317328453063965
3534 4.506382942199707
3535 4.423196315765381
3536 4.292583465576172
3537 4.4714131355285645
3538 4.506984710693359
3539 4.552212238311768
3540 4.47093391418457
3541 4.417654514312744
3542 4.248039245605469
3543 4.2482523918151855
3544 4.115143299102783
3545 4.745628356933594
3546 4.381336688995361
3547 4.628341197967529
3548 4.35951566696167
3549 4.0544753074646
3550 4.445629119873047
3551 4.394644737243652
3552 4.163235187530518
3553 3.927928924560547
3554 3.93709397315979
3555 4.036163330078125
3556 3.789243221282959
3557 3.2576842308044434
3558 3.353797674179077
3559 3.234053611755371
3560 3.3986823558807373
3561 3.6450748443603516
3562 3.2471272945404053
3563 3.122797727584839
3564 3.2370245456695557
3565 3.2219998836517334
3566 3.2861759662628174
3567 3.52014422416687
3568 3.2708539962768555
3569 3.2073471546173096
3570 3.635080575942993
3571 3.716376543045044
3572 3.7549123764038086
3573 3.364011526107788
3574 3.2556724548339844
3575 3.4182040691375732
3576 3.684070348739624
3577 3.6511070728302
3578 3.659092426300049
3579 3.60336971282959
3580 3.663609743118286
3581 3.9984066486358643
3582 4.027189254760742
3583 3.9522969722747803
3584 3.7505264282226563
3585 4.191680431365967
3586 4.112207889556885
3587 4.047397136688232
3588 4.022841930389404
3589 4.408208847045898
3590 4.224438190460205
3591 4.317547798156738
3592 4.532314777374268
3593 4.867636203765869
3594 4.953158378601074
3595 4.599483489990234
3596 4.919315814971924
3597 4.881429672241211
3598 4.567917823791504
3599 4.4490766525268555
3600 4.437909126281738
3601 4.3584818840026855
3602 4.622994422912598
3603 4.438713550567627
3604 4.333698272705078
3605 4.286798477172852
3606 4.2424726486206055
3607 4.47997522354126
3608 4.2552809715271
3609 4.05927848815918
3610 3.985442638397217
3611 3.7061710357666016
3612 3.730036497116089
3613 3.560920238494873
3614 3.6741843223571777
3615 3.742311954498291
3616 3.688535451889038
3617 3.4948513507843018
3618 4.149872303009033
3619 3.9975714683532715
3620 3.8990039825439453
3621 4.0058441162109375
3622 4.059121608734131
3623 3.845427989959717
3624 3.8032915592193604
3625 3.8908276557922363
3626 3.8224759101867676
3627 3.995673656463623
3628 4.150418758392334
3629 3.7887041568756104
3630 3.784146308898926
3631 3.839735984802246
3632 4.195001602172852
3633 3.892014265060425
3634 3.959089994430542
3635 3.682605743408203
3636 3.803785800933838
3637 3.7333860397338867
3638 3.7991909980773926
3639 3.8947150707244873
3640 4.077314376831055
3641 3.619316577911377
3642 3.435790777206421
3643 3.510389804840088
3644 3.449624538421631
3645 3.8702850341796875
3646 3.847775459289551
3647 3.844442844390869
3648 4.085870265960693
3649 3.6376657485961914
3650 3.6209614276885986
3651 3.8174548149108887
3652 3.6809887886047363
3653 3.96738862991333
3654 3.822155237197876
3655 3.498236894607544
3656 3.5982680320739746
3657 3.7044970989227295
3658 3.697179079055786
3659 3.8615224361419678
3660 3.974423408508301
3661 4.248414039611816
3662 4.550509452819824
3663 4.216414928436279
3664 4.2802534103393555
3665 4.013582706451416
3666 4.121887683868408
3667 4.015542507171631
3668 4.173182487487793
3669 4.108006477355957
3670 4.095016002655029
3671 3.563732624053955
3672 3.5724449157714844
3673 3.9327054023742676
3674 4.017509937286377
3675 3.7794809341430664
3676 3.7871127128601074
3677 3.751358985900879
3678 3.77366304397583
3679 3.654047727584839
3680 3.814751148223877
3681 3.8817355632781982
3682 3.716386079788208
3683 3.7409818172454834
3684 3.3203206062316895
3685 3.8362550735473633
3686 3.921219825744629
3687 3.9238293170928955
3688 4.062144756317139
3689 3.8451085090637207
3690 3.8603575229644775
3691 3.9047999382019043
3692 3.9804539680480957
3693 4.295648097991943
3694 4.360815048217773
3695 4.1187944412231445
3696 3.942966938018799
3697 3.905747890472412
3698 4.154612064361572
3699 3.88846755027771
3700 3.999479055404663
3701 4.17029333114624
3702 4.4441351890563965
3703 4.511537551879883
3704 4.526331424713135
3705 4.496178150177002
3706 4.315570831298828
3707 4.086675643920898
3708 4.0244293212890625
3709 4.202866554260254
3710 4.225901126861572
3711 3.959811210632324
3712 4.133781433105469
3713 4.053393363952637
3714 4.017695903778076
3715 3.907485246658325
3716 3.9734508991241455
3717 3.821169853210449
3718 3.8029112815856934
3719 3.6019601821899414
3720 3.521488666534424
3721 3.4120659828186035
3722 3.5958266258239746
3723 3.559631586074829
3724 3.6545794010162354
3725 4.0716729164123535
3726 3.8521969318389893
3727 3.6132194995880127
3728 3.8174495697021484
3729 3.776350498199463
3730 3.6728029251098633
3731 3.410245180130005
3732 3.5399816036224365
3733 3.811328172683716
3734 3.9785659313201904
3735 4.159694194793701
3736 3.9809467792510986
3737 3.982931137084961
3738 3.723515033721924
3739 4.310427665710449
3740 4.553021430969238
3741 4.319770812988281
3742 4.2297773361206055
3743 4.284818172454834
3744 4.5115203857421875
3745 4.376612186431885
3746 4.205671787261963
3747 4.1308817863464355
3748 4.114127159118652
3749 4.418708324432373
3750 4.537524700164795
3751 4.277010917663574
3752 4.50892972946167
3753 4.387500762939453
3754 4.405900001525879
3755 4.462340354919434
3756 4.315395832061768
3757 4.320383548736572
3758 4.215644836425781
3759 4.345829010009766
3760 4.417599201202393
3761 4.455070495605469
3762 4.36134672164917
3763 4.466703414916992
3764 4.325094223022461
3765 4.524127960205078
3766 4.459403038024902
3767 4.2318878173828125
3768 3.854790687561035
3769 3.810126304626465
3770 3.7397401332855225
3771 3.4399335384368896
3772 3.671795606613159
3773 3.522921085357666
3774 3.3748795986175537
3775 3.788517713546753
3776 3.6004130840301514
3777 3.544790267944336
3778 3.6656908988952637
3779 3.5814764499664307
3780 3.462733268737793
3781 3.220705509185791
3782 3.3433451652526855
3783 3.409144163131714
3784 3.0664100646972656
3785 3.4401676654815674
3786 3.5877938270568848
3787 3.6592791080474854
3788 3.74676251411438
3789 3.573918104171753
3790 3.0870537757873535
3791 3.467050790786743
3792 3.538461446762085
3793 3.2991442680358887
3794 3.43534779548645
3795 3.7067582607269287
3796 3.600193738937378
3797 3.5747714042663574
3798 3.6075708866119385
3799 3.6144723892211914
3800 3.587959051132202
3801 3.7262024879455566
3802 3.53279709815979
3803 3.498582601547241
3804 3.8621699810028076
3805 3.6716043949127197
3806 3.3954217433929443
3807 3.514641284942627
3808 3.374708414077759
3809 3.3236095905303955
3810 3.364185333251953
3811 3.411311149597168
3812 3.471290349960327
3813 3.4728522300720215
3814 3.556279182434082
3815 3.541625499725342
3816 3.388857841491699
3817 3.4180397987365723
3818 3.4889919757843018
3819 3.520030975341797
3820 3.525949239730835
3821 3.360173225402832
3822 3.1728909015655518
3823 3.207583427429199
3824 3.5371060371398926
3825 3.572298288345337
3826 3.75325083732605
3827 3.6335670948028564
3828 3.8080320358276367
3829 3.8513357639312744
3830 3.728193521499634
3831 3.815293073654175
3832 3.2893869876861572
3833 3.6513671875
3834 3.412790536880493
3835 3.6057324409484863
3836 3.649489164352417
3837 3.4262139797210693
3838 3.6194894313812256
3839 3.8970134258270264
3840 3.77921724319458
3841 3.8784024715423584
3842 3.803699016571045
3843 3.863900899887085
3844 3.6553101539611816
3845 3.8115761280059814
3846 3.716930627822876
3847 3.7132911682128906
3848 3.400454044342041
3849 3.6672513484954834
3850 3.6630210876464844
3851 3.7367732524871826
3852 3.7669849395751953
3853 3.8465416431427
3854 3.975667715072632
3855 3.712052822113037
3856 3.62654185295105
3857 3.4335248470306396
3858 3.4894914627075195
3859 3.477541208267212
3860 3.510039806365967
3861 3.293104887008667
3862 3.296266794204712
3863 3.6063575744628906
3864 3.6374096870422363
3865 3.5941083431243896
3866 3.592376470565796
3867 3.718113422393799
3868 3.875023126602173
3869 3.9237685203552246
3870 3.780221700668335
3871 3.601062774658203
3872 3.742570400238037
3873 3.6751840114593506
3874 3.733912944793701
3875 3.6176958084106445
3876 3.5872180461883545
3877 3.8115735054016113
3878 3.9279682636260986
3879 3.982504367828369
3880 3.814302921295166
3881 3.709277868270874
3882 3.766857624053955
3883 3.8458237648010254
3884 3.735535144805908
3885 3.80782151222229
3886 4.0925188064575195
3887 4.197042942047119
3888 3.8820343017578125
3889 3.610703706741333
3890 3.7457330226898193
3891 3.9331071376800537
3892 3.4769678115844727
3893 3.5576510429382324
3894 3.6155710220336914
3895 3.720930814743042
3896 3.935166597366333
3897 3.80380916595459
3898 3.9723050594329834
3899 3.7176592350006104
3900 3.9668519496917725
3901 3.9338459968566895
3902 3.713926315307617
3903 3.775763988494873
3904 3.447723388671875
3905 3.683338165283203
3906 3.5367753505706787
3907 3.816869020462036
3908 3.9392483234405518
3909 4.17965030670166
3910 4.0407795906066895
3911 4.176105976104736
3912 4.015850067138672
3913 4.076821327209473
3914 4.231006145477295
3915 4.272154331207275
3916 4.3881025314331055
3917 4.297878265380859
3918 4.603943347930908
3919 4.61796760559082
3920 4.734233856201172
3921 4.436792850494385
3922 4.588909149169922
3923 4.713817596435547
3924 4.369030952453613
3925 4.625244617462158
3926 4.196563243865967
3927 4.177167892456055
3928 3.9283249378204346
3929 4.088218688964844
3930 4.412114143371582
3931 4.356352806091309
3932 4.228342533111572
3933 4.421926975250244
3934 4.659666061401367
3935 4.732885837554932
3936 4.654174327850342
3937 4.652441024780273
3938 4.582023620605469
3939 4.192444324493408
3940 4.376059055328369
3941 4.418668746948242
3942 4.3558759689331055
3943 4.278983116149902
3944 4.370458126068115
3945 3.9403626918792725
3946 4.0934224128723145
3947 4.162947654724121
3948 4.391455173492432
3949 4.083768367767334
3950 4.29428768157959
3951 4.428740978240967
3952 4.566690444946289
3953 4.666031360626221
3954 4.65017557144165
3955 4.823513031005859
3956 4.5226335525512695
3957 4.299870491027832
3958 4.200236797332764
3959 4.05658483505249
3960 3.9317657947540283
3961 3.9027719497680664
3962 4.049409866333008
3963 3.787281036376953
3964 4.018786430358887
3965 4.22842264175415
3966 3.9598350524902344
3967 4.015154838562012
3968 3.98504638671875
3969 3.7914962768554688
3970 3.8152081966400146
3971 3.9352333545684814
3972 3.848544120788574
3973 4.258701324462891
3974 4.148674964904785
3975 4.135960102081299
3976 4.657410621643066
3977 4.815554141998291
3978 4.950250148773193
3979 4.751810550689697
3980 4.716001987457275
3981 4.823605537414551
3982 4.530954360961914
3983 4.479757785797119
3984 4.264614582061768
3985 4.136718273162842
3986 4.288031101226807
3987 4.141140937805176
3988 3.7256546020507813
3989 3.719940423965454
3990 3.9395182132720947
3991 3.598086357116699
3992 3.7184994220733643
3993 3.824176549911499
3994 4.113893508911133
3995 4.07113790512085
3996 4.69945764541626
3997 4.588144302368164
3998 4.18317985534668
3999 4.17740535736084
